"no","observed","IHsurvrf","trt1","trt0","trueopt","avg.prop.match.opt.obs","avg.prop.match.opt.IHsurvrf","avg.prop.match.opt.trt1","avg.prop.match.opt.trt0","avg.prop.match.opt.trueopt","change.integral","time.obs","time.IHsurvrf","time.trt1","time.trt0","time.trueopt","proportion.censor","num.convergence.it","n_1","n_2","n_3","n_4","n_5","n_6","n_7","n_8","n_9","n_10"
101,473.5440749319,476.409742835375,485.296225088549,509.016160562941,NA,0,0,0,0,NA,0,47.7313561439514,703.119977549712,0.858186670144399,0.84882154862086,NA,0.26,NA,0.014,0.016,0.034,0.042,0.044,0.038,0.052,0.022,0.036,0.702
102,477.93288154672,501.592123932424,489.608135549138,512.192283124867,NA,0,0,0,0,NA,0,47.7570576667786,693.967769932747,0.937266214688619,0.910501829783122,NA,0.3,NA,0.018,0.016,0.016,0.034,0.052,0.052,0.026,0.042,0.03,0.714
103,475.178098068989,505.144703040328,489.77041024176,509.141397215494,NA,0,0,0,0,NA,0,39.61066198349,578.160522238413,0.873025075594584,0.833498454093933,NA,0.278,NA,0.014,0.01,0.024,0.03,0.044,0.048,0.056,0.024,0.054,0.696
104,477.240103561605,481.230538964743,483.467882322663,515.805500432888,NA,0,0,0,0,NA,0,27.8160679340363,693.975678404172,0.856835802396139,0.850307730833689,NA,0.262,NA,0.02,0.03,0.008,0.018,0.032,0.046,0.022,0.042,0.048,0.734
106,480.254170374088,484.347263840366,485.298136459715,513.497493563106,NA,0,0,0,0,NA,0,47.9107985496521,679.582004551093,0.842277467250824,0.833586041132609,NA,0.326,NA,0.01,0.014,0.022,0.02,0.042,0.048,0.05,0.062,0.032,0.7
107,467.834835067419,478.919365672545,488.364861856862,508.060508430275,NA,0,0,0,0,NA,0,48.1595604419708,673.105749158065,0.879219424724579,0.858955931663513,NA,0.282,NA,0.014,0.022,0.02,0.038,0.046,0.032,0.054,0.052,0.036,0.686
108,475.955530134942,496.257922112369,488.672089978054,509.061681879207,NA,0,0,0,0,NA,0,55.1558949947357,655.220435969035,0.431959231694539,0.438320159912109,NA,0.272,NA,0.03,0.026,0.014,0.028,0.032,0.052,0.026,0.044,0.04,0.708
109,480.531557946605,485.404614898696,491.639089298517,503.070199357657,NA,0,0,0,0,NA,0,58.8206486701965,632.831845827897,0.458060427506765,0.440142476558685,NA,0.28,NA,0.016,0.016,0.024,0.03,0.054,0.042,0.052,0.052,0.03,0.684
110,476.072979508563,503.824812213065,492.124743336801,509.530492046556,NA,0,0,0,0,NA,0,54.1816492080688,681.390521403154,0.821979383627574,0.828554419676463,NA,0.256,NA,0.022,0.026,0.016,0.032,0.038,0.024,0.046,0.036,0.026,0.734
111,476.028212524341,478.878106413986,490.050170478202,504.635349992381,NA,0,0,0,0,NA,0,56.3274319171906,677.787706005573,0.86331334511439,0.850556759039561,NA,0.288,NA,0.016,0.016,0.024,0.024,0.026,0.048,0.04,0.03,0.034,0.742
113,470.938744505035,469.952935344518,490.392730316004,508.255011940473,NA,0,0,0,0,NA,0,53.7107737064362,648.549955940247,0.853382794062297,0.828439235687256,NA,0.28,NA,0.018,0.018,0.016,0.038,0.036,0.042,0.038,0.038,0.052,0.704
114,474.634167471314,499.021615743486,489.05229662693,509.595118325613,NA,0,0,0,0,NA,0,55.9596548080444,677.94001437823,0.812206562360128,0.826617479324341,NA,0.258,NA,0.022,0.026,0.024,0.012,0.048,0.016,0.054,0.036,0.046,0.716
115,472.385271661637,496.949554152606,488.671050758716,507.219150369638,NA,0,0,0,0,NA,0,29.7459781169891,386.612488194307,0.428371783097585,0.419974406560262,NA,0.284,NA,0.034,0.016,0.02,0.022,0.03,0.032,0.058,0.04,0.032,0.716
116,478.754573627714,482.779781857056,487.876302510453,507.733445184495,NA,0,0,0,0,NA,0,28.5737495422363,389.690234140555,0.451217850049337,0.446873986721039,NA,0.284,NA,0.024,0.024,0.02,0.032,0.042,0.038,0.038,0.04,0.044,0.698
117,475.29917027497,498.339519823535,486.173833759555,507.973365204507,NA,0,0,0,0,NA,0,54.7083976268768,680.383510669073,0.798556756973267,0.788856645425161,NA,0.226,NA,0.022,0.012,0.016,0.018,0.042,0.036,0.038,0.024,0.044,0.748
118,471.914109186926,483.714908470877,489.880295131148,506.26137084823,NA,0,0,0,0,NA,0,55.7583031654358,652.126712663968,0.861918071905772,0.827170101801554,NA,0.314,NA,0.016,0.024,0.022,0.042,0.052,0.02,0.054,0.058,0.03,0.682
120,480.135484529345,493.910796038857,495.21063393223,515.004375320977,NA,0,0,0,0,NA,0,54.3458087444305,610.213116800785,0.408474024136861,0.401108471552531,NA,0.222,NA,0.026,0.014,0.028,0.038,0.038,0.034,0.058,0.03,0.034,0.7
121,478.554381169824,473.587584241185,491.303058478897,510.262514136934,NA,0,0,0,0,NA,0,55.0357677936554,660.104099607468,0.820024665196737,0.790333239237467,NA,0.272,NA,0.024,0.026,0.018,0.026,0.044,0.036,0.04,0.024,0.042,0.72
122,476.100427661241,489.980405202346,488.778499319499,509.19697777886,NA,0,0,0,0,NA,0,27.6818234920502,454.96265668869,0.438745049635569,0.439641972382863,NA,0.272,NA,0.018,0.014,0.02,0.016,0.036,0.032,0.042,0.036,0.05,0.736
123,475.721723128216,486.636531112342,494.473442056402,517.932053977978,NA,0,0,0,0,NA,0,28.4616513252258,478.523606173197,0.801618222395579,0.794974927107493,NA,0.29,NA,0.022,0.028,0.018,0.026,0.032,0.04,0.06,0.042,0.03,0.702
124,477.363199339186,501.751891324659,488.814250525633,506.261693818239,NA,0,0,0,0,NA,0,50.3427186012268,440.76339225769,0.427421788374583,0.425520654519399,NA,0.22,NA,0.014,0.028,0.018,0.024,0.04,0.034,0.04,0.026,0.042,0.734
125,472.888743885885,465.870055397715,491.209148117067,502.952919521707,NA,0,0,0,0,NA,0,53.4688415527344,656.817502959569,0.808238959312439,0.786402177810669,NA,0.292,NA,0.026,0.028,0.01,0.044,0.052,0.034,0.054,0.046,0.044,0.662
127,480.159471734946,483.509917814555,488.363790418586,510.806712660821,NA,0,0,0,0,NA,0,26.4715042114258,643.926366730531,0.822706000010173,0.818133095900218,NA,0.264,NA,0.014,0.01,0.032,0.032,0.03,0.034,0.048,0.046,0.022,0.732
128,479.317166669797,504.713675716267,485.839312743767,509.19133831498,NA,0,0,0,0,NA,0,53.1209359169006,622.894249228636,0.832518088817596,0.797809644540151,NA,0.288,NA,0.018,0.016,0.01,0.04,0.062,0.042,0.034,0.046,0.038,0.694
129,473.502310227185,487.515941997437,496.139913427049,514.428797216498,NA,0,0,0,0,NA,0,29.8617639541626,403.040866267681,0.435668714841207,0.429924670855204,NA,0.272,NA,0.012,0.022,0.016,0.036,0.034,0.034,0.032,0.044,0.038,0.732
130,475.993112671808,511.557274503697,489.661592381368,511.47248487084,NA,0,0,0,0,NA,0,50.3245522975922,605.702405448755,0.797182953357697,0.803442494074504,NA,0.284,NA,0.018,0.008,0.016,0.022,0.054,0.05,0.044,0.024,0.022,0.742
131,477.625004615899,507.206837358566,489.655867233551,514.238509183108,NA,0,0,0,0,NA,0,27.4285950660706,378.56916860342,0.392651240030924,0.396427071094513,NA,0.278,NA,0.016,0.008,0.024,0.022,0.024,0.062,0.046,0.044,0.032,0.722
132,472.404624662454,489.689780489653,493.792992694968,511.594041365913,NA,0,0,0,0,NA,0,51.7999904155731,536.767473053932,0.778443849086761,0.782778402169546,NA,0.26,NA,0.014,0.018,0.02,0.032,0.034,0.04,0.05,0.046,0.026,0.72
134,475.850037352508,488.796533523946,486.163010204394,514.275397904431,NA,0,0,0,0,NA,0,52.984472990036,550.112213563919,0.778913410504659,0.802234888076782,NA,0.284,NA,0.018,0.02,0.014,0.036,0.05,0.018,0.046,0.032,0.048,0.718
135,483.168283815142,473.563392884388,488.60815813253,504.869630676016,NA,0,0,0,0,NA,0,52.7775614261627,561.881322407722,0.783419946829478,0.767834305763245,NA,0.286,NA,0.018,0.016,0.028,0.034,0.044,0.044,0.036,0.048,0.056,0.676
136,478.449295369503,499.925261126823,490.280964148547,510.016879916134,NA,0,0,0,0,NA,0,27.7513387203217,352.879665744305,0.409870354334513,0.415714518229167,NA,0.28,NA,0.018,0.012,0.014,0.03,0.042,0.04,0.038,0.04,0.038,0.728
137,479.974515359775,503.99137491831,496.166934251692,519.882613882106,NA,0,0,0,0,NA,0,53.1091833114624,533.392032027245,0.788344780604045,0.786339517434438,NA,0.32,NA,0.014,0.008,0.024,0.034,0.032,0.046,0.044,0.038,0.048,0.712
138,478.066990602558,484.235971319287,484.89548700811,512.200573645784,NA,0,0,0,0,NA,0,26.0267951488495,325.632234787941,0.391577883561452,0.390380636850993,NA,0.3,NA,0.01,0.014,0.012,0.04,0.04,0.024,0.038,0.046,0.028,0.748
139,471.901765493243,478.224048115565,490.476181563704,510.60318160078,NA,0,0,0,0,NA,0,52.4826819896698,493.967857400576,0.391668307781219,0.395570659637451,NA,0.256,NA,0.018,0.012,0.024,0.024,0.038,0.044,0.044,0.022,0.056,0.718
141,477.885648149383,501.102650012668,493.888527454463,512.535630455875,NA,0,0,0,0,NA,0,52.7886250019073,427.570418055852,0.395765535036723,0.403543639183044,NA,0.296,NA,0.012,0.018,0.026,0.028,0.036,0.05,0.028,0.036,0.032,0.734
142,477.259771589256,490.749336555738,485.55087233998,510.186872914597,NA,0,0,0,0,NA,0,50.7663934230804,502.410349710782,0.394165933132172,0.391399355729421,NA,0.282,NA,0.01,0.014,0.016,0.032,0.024,0.06,0.042,0.028,0.042,0.732
143,470.858696194513,464.124790090786,485.477095310739,513.485299483251,NA,0,0,0,0,NA,0,27.4241411685944,341.888172809283,0.409523053963979,0.397429263591766,NA,0.264,NA,0.006,0.018,0.018,0.022,0.04,0.036,0.038,0.038,0.038,0.746
144,478.85894049616,471.464782082497,490.499999392866,509.029967478898,NA,0,0,0,0,NA,0,53.4210484027863,358.720242683093,0.396805063883464,0.39949590365092,NA,0.268,NA,0.014,0.024,0.02,0.022,0.026,0.048,0.04,0.038,0.058,0.71
145,478.594418686702,504.337258764025,488.116153540222,513.613101492851,NA,0,0,0,0,NA,0,25.9059944152832,325.493291354179,0.41119296948115,0.406627774238586,NA,0.25,NA,0.016,0.022,0.03,0.03,0.036,0.05,0.04,0.03,0.036,0.71
146,472.555635690957,468.581315936383,492.292302530384,516.5249291272,NA,0,0,0,0,NA,0,26.3933773040771,286.942169602712,0.357954212029775,0.363801634311676,NA,0.268,NA,0.018,0.016,0.018,0.028,0.054,0.046,0.04,0.026,0.04,0.714
148,474.74174084023,498.057030790684,485.633471107909,512.991724604476,NA,0,0,0,0,NA,0,26.5775499343872,304.457520186901,0.390170431137085,0.382994675636292,NA,0.282,NA,0.02,0.02,0.024,0.03,0.048,0.038,0.03,0.05,0.042,0.698
149,470.751774751812,480.786607579779,484.017506179517,511.700550597676,NA,0,0,0,0,NA,0,25.8740487098694,286.804083998998,0.380294211705526,0.38786084651947,NA,0.262,NA,0.008,0.026,0.018,0.034,0.032,0.06,0.028,0.04,0.028,0.726
150,476.995183926858,489.365073746744,485.231581102721,509.118758385547,NA,0,0,0,0,NA,0,25.8419899940491,335.080179111163,0.421229004859924,0.41432189544042,NA,0.276,NA,0.012,0.02,0.016,0.028,0.038,0.048,0.034,0.04,0.028,0.736
