"no","observed","IHsurvrf","trt1","trt0","trueopt","avg.prop.match.opt.obs","avg.prop.match.opt.IHsurvrf","avg.prop.match.opt.trt1","avg.prop.match.opt.trt0","avg.prop.match.opt.trueopt","change.integral","time.obs","time.IHsurvrf","time.trt1","time.trt0","time.trueopt","proportion.censor","num.convergence.it","n_1","n_2","n_3","n_4","n_5","n_6","n_7","n_8","n_9","n_10"
1,550.763383979067,539.024193840294,553.701904927279,573.304151611623,NA,0,0,0,0,NA,0,20.8019697666168,171.430809676647,0.397581537564596,0.400786757469177,NA,0.46,NA,0.00333333333333333,0.03,0.0266666666666667,0.05,0.0433333333333333,0.0333333333333333,0.04,0.0433333333333333,0.0433333333333333,0.686666666666667
2,546.23058358641,566.168245349493,550.69329228141,568.899683085661,NA,0,0,0,0,NA,0,21.4685757160187,105.736002699534,0.308586513996124,0.304913735389709,NA,0.493333333333333,NA,0.0266666666666667,0.01,0.0233333333333333,0.0533333333333333,0.0533333333333333,0.0266666666666667,0.0566666666666667,0.05,0.0466666666666667,0.653333333333333
3,543.33373644613,565.304527711218,548.752982164591,568.520803529959,NA,0,0,0,0,NA,0,45.0191426277161,174.774388492107,0.375894947846731,0.367151872316996,NA,0.436666666666667,NA,0.0233333333333333,0.0166666666666667,0.0166666666666667,0.03,0.0666666666666667,0.0566666666666667,0.00666666666666667,0.0433333333333333,0.0433333333333333,0.696666666666667
4,551.638826128631,558.520643565957,549.345356140394,567.926611221353,NA,0,0,0,0,NA,0,31.7191028594971,176.441259729862,0.397425162792206,0.381355877717336,NA,0.466666666666667,NA,0.0133333333333333,0.03,0.0133333333333333,0.04,0.0633333333333333,0.0466666666666667,0.0433333333333333,0.05,0.0366666666666667,0.663333333333333
5,545.298798382932,563.877675152085,553.516234101174,574.293985172397,NA,0,0,0,0,NA,0,46.2644600868225,145.856091495355,0.487309006849925,0.476528084278107,NA,0.44,NA,0.02,0.0233333333333333,0.02,0.0333333333333333,0.04,0.05,0.0466666666666667,0.03,0.0333333333333333,0.703333333333333
6,546.186554517385,563.547373049249,549.647555946111,571.014968198678,NA,0,0,0,0,NA,0,31.7550287246704,169.855821629365,0.531893682479858,0.497661729653676,NA,0.446666666666667,NA,0.0166666666666667,0.05,0.02,0.0233333333333333,0.05,0.0466666666666667,0.04,0.06,0.0466666666666667,0.646666666666667
7,536.646107664222,553.552532426269,543.569957067919,568.385185111524,NA,0,0,0,0,NA,0,44.974244594574,136.503533232212,0.442161186536153,0.459184114138285,NA,0.423333333333333,NA,0.0433333333333333,0.02,0.02,0.0333333333333333,0.0433333333333333,0.0466666666666667,0.0433333333333333,0.0266666666666667,0.0633333333333333,0.66
8,541.344292087117,554.606408984966,545.78496210824,576.415921350035,NA,0,0,0,0,NA,0,25.736841917038,148.570343871911,0.43203622897466,0.431754366556803,NA,0.453333333333333,NA,0.0366666666666667,0.0366666666666667,0.0166666666666667,0.0266666666666667,0.05,0.0366666666666667,0.05,0.05,0.0366666666666667,0.66
9,544.530383287511,558.940934767126,557.105731201096,576.650482698112,NA,0,0,0,0,NA,0,19.068398475647,120.730418324471,0.374910529454549,0.35407391389211,NA,0.45,NA,0.0166666666666667,0.0233333333333333,0.0166666666666667,0.05,0.0333333333333333,0.0433333333333333,0.0533333333333333,0.0433333333333333,0.05,0.67
10,542.277291671767,550.07040938755,545.973039480238,570.989934338559,NA,0,0,0,0,NA,0,23.1701176166534,162.795448116461,0.417425982157389,0.418243288993835,NA,0.453333333333333,NA,0.02,0.0166666666666667,0.0133333333333333,0.0166666666666667,0.05,0.04,0.04,0.0533333333333333,0.04,0.71
11,543.159631913479,550.945966650243,556.313270383815,579.382214636016,NA,0,0,0,0,NA,0,25.2588367462158,156.975816035271,0.409429041544596,0.416774423917135,NA,0.363333333333333,NA,0.02,0.00666666666666667,0.00666666666666667,0.03,0.04,0.0433333333333333,0.0533333333333333,0.0233333333333333,0.04,0.736666666666667
12,548.949035290573,563.200376802657,551.486335982387,573.213194900965,NA,0,0,0,0,NA,0,28.7330839633942,164.571358132362,0.529872818787893,0.48379731575648,NA,0.46,NA,0.02,0.0266666666666667,0.0333333333333333,0.0366666666666667,0.0233333333333333,0.04,0.04,0.0466666666666667,0.05,0.683333333333333
13,538.744220561425,566.847807325016,559.571138044532,587.594887316917,NA,0,0,0,0,NA,0,28.6146144866943,122.335509181023,0.249874150753021,0.246829680601756,NA,0.436666666666667,NA,0.02,0.0366666666666667,0.0366666666666667,0.0333333333333333,0.0366666666666667,0.0366666666666667,0.0333333333333333,0.04,0.0366666666666667,0.69
14,538.003933214772,564.461973788246,550.434858053894,576.325605103253,NA,0,0,0,0,NA,0,30.8832900524139,140.841109669209,0.357122107346853,0.341989799340566,NA,0.463333333333333,NA,0.0233333333333333,0.03,0.02,0.0366666666666667,0.02,0.0433333333333333,0.05,0.0466666666666667,0.03,0.7
15,539.014790764728,531.574359622622,553.750252916926,577.669672129294,NA,0,0,0,0,NA,0,28.4955170154572,155.013937167327,0.507945732275645,0.511836632092794,NA,0.44,NA,0.0266666666666667,0.0366666666666667,0.0166666666666667,0.0333333333333333,0.0533333333333333,0.0433333333333333,0.0533333333333333,0.0233333333333333,0.05,0.663333333333333
16,547.779014803472,550.815962747064,553.611935078147,575.061587229102,NA,0,0,0,0,NA,0,22.3814601898193,161.014348475138,0.408456452687581,0.40447807709376,NA,0.453333333333333,NA,0.0266666666666667,0.03,0.0333333333333333,0.03,0.03,0.0366666666666667,0.03,0.0466666666666667,0.05,0.686666666666667
17,543.272417761609,558.680274919643,547.794529042204,575.039316415095,NA,0,0,0,0,NA,0,26.1108756065369,168.476714015007,0.478596039613088,0.479157400131226,NA,0.39,NA,0.01,0.0266666666666667,0.0266666666666667,0.02,0.0333333333333333,0.04,0.0566666666666667,0.0366666666666667,0.0433333333333333,0.706666666666667
18,545.135744311131,565.310209234987,548.72859131964,580.401138771899,NA,0,0,0,0,NA,0,27.1036384105682,136.948580451806,0.423803504308065,0.429222762584686,NA,0.416666666666667,NA,0.03,0.0366666666666667,0.0266666666666667,0.0266666666666667,0.02,0.05,0.05,0.04,0.0366666666666667,0.683333333333333
19,541.75596600517,555.373616141506,549.044993113911,573.153624869983,NA,0,0,0,0,NA,0,31.1813271045685,175.341346895695,0.450117778778076,0.454308215777079,NA,0.456666666666667,NA,0.02,0.0366666666666667,0.0166666666666667,0.05,0.0166666666666667,0.0466666666666667,0.05,0.0433333333333333,0.05,0.67
20,535.928859462352,537.613971323753,550.957526898061,575.136365452126,NA,0,0,0,0,NA,0,15.9470565319061,111.292059441408,0.307566289107005,0.306551607449849,NA,0.413333333333333,NA,0.00666666666666667,0.0133333333333333,0.0266666666666667,0.0233333333333333,0.0433333333333333,0.0566666666666667,0.0466666666666667,0.0233333333333333,0.0266666666666667,0.733333333333333
21,545.894020413684,564.574625250288,550.285572128595,577.443466429643,NA,0,0,0,0,NA,0,21.4207763671875,130.000700573126,0.414948129653931,0.400655166308085,NA,0.393333333333333,NA,0.0133333333333333,0.01,0.0433333333333333,0.03,0.06,0.03,0.0266666666666667,0.0333333333333333,0.0566666666666667,0.696666666666667
22,536.202336453941,569.356597730126,552.876072585466,565.374011857429,NA,0,0,0,0,NA,0,32.8602755069733,174.692148538431,0.496317541599274,0.479742133617401,NA,0.436666666666667,NA,0.00666666666666667,0.0233333333333333,0.03,0.0433333333333333,0.0233333333333333,0.0766666666666667,0.02,0.0533333333333333,0.03,0.693333333333333
23,541.499470452196,546.858888804577,548.151349736,572.826567160961,NA,0,0,0,0,NA,0,26.5462064743042,176.050229394436,0.440806472301483,0.437078841527303,NA,0.436666666666667,NA,0.0166666666666667,0.01,0.0233333333333333,0.03,0.0466666666666667,0.0333333333333333,0.0466666666666667,0.0366666666666667,0.05,0.706666666666667
24,550.619277959825,542.52328289868,554.837920991623,574.747147383564,NA,0,0,0,0,NA,0,30.1963908672333,182.973594069481,0.470232379436493,0.459967756271362,NA,0.43,NA,0.0333333333333333,0.0133333333333333,0.0133333333333333,0.04,0.0433333333333333,0.0266666666666667,0.0466666666666667,0.0366666666666667,0.0466666666666667,0.7
25,546.260019538787,546.945540805299,554.935568947789,584.602382892801,NA,0,0,0,0,NA,0,28.3408138751984,148.714727326234,0.416584082444509,0.415260016918182,NA,0.42,NA,0.0266666666666667,0.0266666666666667,0.04,0.00666666666666667,0.0333333333333333,0.0366666666666667,0.05,0.04,0.0533333333333333,0.686666666666667
26,545.088003475198,559.395060275408,551.640310113238,574.190232037179,NA,0,0,0,0,NA,0,29.3415024280548,197.492320891221,0.453274126847585,0.444044236342112,NA,0.446666666666667,NA,0.0166666666666667,0.0133333333333333,0.0266666666666667,0.0333333333333333,0.0433333333333333,0.0366666666666667,0.0266666666666667,0.0466666666666667,0.05,0.706666666666667
27,541.140909147526,557.62434233791,557.547943888661,573.151797282389,NA,0,0,0,0,NA,0,18.8860788345337,108.343004651864,0.306984289487203,0.307630916436513,NA,0.413333333333333,NA,0.0333333333333333,0.03,0.0166666666666667,0.03,0.05,0.05,0.04,0.03,0.03,0.69
28,545.919266405137,551.142219038023,553.0300018166,571.634537569507,NA,0,0,0,0,NA,0,25.5752584934235,153.26869083643,0.418196014563243,0.428951195875804,NA,0.45,NA,0.02,0.0233333333333333,0.01,0.0233333333333333,0.03,0.0266666666666667,0.0333333333333333,0.0833333333333333,0.0133333333333333,0.736666666666667
29,540.141726252895,558.209497160544,546.953515328852,570.577822204514,NA,0,0,0,0,NA,0,31.2836718559265,182.542889618874,0.43757076660792,0.424163015683492,NA,0.426666666666667,NA,0.0133333333333333,0.0233333333333333,0.04,0.0466666666666667,0.0266666666666667,0.0433333333333333,0.0166666666666667,0.04,0.08,0.67
30,542.987353173604,531.012588771632,551.44363902212,572.409132367745,NA,0,0,0,0,NA,0,27.2960886955261,191.75140957435,0.437120449542999,0.424530271689097,NA,0.41,NA,0.0166666666666667,0.02,0.02,0.0233333333333333,0.0366666666666667,0.0266666666666667,0.0466666666666667,0.04,0.0366666666666667,0.733333333333333
31,542.736902100821,563.634557640873,546.294658693397,579.973438262149,NA,0,0,0,0,NA,0,30.1839110851288,181.672579673926,0.448143990834554,0.440864606698354,NA,0.433333333333333,NA,0.0266666666666667,0.0233333333333333,0.02,0.03,0.03,0.0533333333333333,0.0333333333333333,0.0433333333333333,0.0366666666666667,0.703333333333333
32,544.403500653668,538.103197620443,546.475622627334,574.334725048854,NA,0,0,0,0,NA,0,26.5697367191315,159.745889540513,0.450958549976349,0.446159712473551,NA,0.503333333333333,NA,0.02,0.02,0.02,0.0466666666666667,0.0333333333333333,0.0633333333333333,0.05,0.0433333333333333,0.0466666666666667,0.656666666666667
33,536.861667456999,566.933874029676,562.712473692141,577.276408013477,NA,0,0,0,0,NA,0,28.9311084747314,197.590802470843,0.426878786087036,0.355554151535034,NA,0.403333333333333,NA,0.00666666666666667,0.0266666666666667,0.0166666666666667,0.02,0.03,0.0433333333333333,0.04,0.0366666666666667,0.04,0.74
34,541.892852045299,555.197676567512,552.367164994119,578.215208107208,NA,0,0,0,0,NA,0,19.9421217441559,114.974988055229,0.289350962638855,0.288708444436391,NA,0.43,NA,0.0266666666666667,0.0233333333333333,0.0166666666666667,0.0466666666666667,0.0233333333333333,0.04,0.05,0.0433333333333333,0.0533333333333333,0.676666666666667
35,535.027567282229,564.342814088277,545.433172428132,573.20680935201,NA,0,0,0,0,NA,0,28.3554670810699,152.879661870003,0.459233832359314,0.45696945587794,NA,0.453333333333333,NA,0.00666666666666667,0.0166666666666667,0.03,0.03,0.0333333333333333,0.0466666666666667,0.04,0.0366666666666667,0.0366666666666667,0.723333333333333
36,543.3887164449,548.077694835245,555.222288356442,574.440798158045,NA,0,0,0,0,NA,0,27.2287788391113,185.335317512353,0.275211715698242,0.261772437890371,NA,0.463333333333333,NA,0.0433333333333333,0.0266666666666667,0.0266666666666667,0.0333333333333333,0.0266666666666667,0.0333333333333333,0.0566666666666667,0.03,0.0466666666666667,0.676666666666667
37,539.838104156226,527.546146203101,546.960725688207,570.170984889217,NA,0,0,0,0,NA,0,26.7137243747711,171.967146686713,0.322002530097961,0.332821687062581,NA,0.446666666666667,NA,0.03,0.0233333333333333,0.03,0.03,0.05,0.0366666666666667,0.0466666666666667,0.0466666666666667,0.0233333333333333,0.683333333333333
38,550.152618370366,559.609938380856,549.645855951996,573.085944635688,NA,0,0,0,0,NA,0,28.4079134464264,174.112855096658,0.255808452765147,0.248352980613709,NA,0.373333333333333,NA,0.02,0.00333333333333333,0.02,0.0266666666666667,0.04,0.0466666666666667,0.0366666666666667,0.0366666666666667,0.0266666666666667,0.743333333333333
39,540.072449211086,533.619219942873,555.494015345268,579.205962651858,NA,0,0,0,0,NA,0,28.1258659362793,145.046724176407,0.40843919912974,0.404950841267904,NA,0.47,NA,0.0266666666666667,0.01,0.0366666666666667,0.0333333333333333,0.0333333333333333,0.05,0.06,0.0433333333333333,0.04,0.666666666666667
40,539.786116620509,540.46615539985,552.654713638932,568.764035990633,NA,0,0,0,0,NA,0,18.5404877662659,119.813918062051,0.325215065479279,0.335752228895823,NA,0.47,NA,0.0233333333333333,0.0266666666666667,0.04,0.0333333333333333,0.0466666666666667,0.0433333333333333,0.0466666666666667,0.0366666666666667,0.0266666666666667,0.676666666666667
41,544.200425177975,572.77904193676,555.647535512408,580.926777100025,NA,0,0,0,0,NA,0,18.9561049938202,131.204656374454,0.289075740178426,0.290559315681458,NA,0.426666666666667,NA,0.0133333333333333,0.0133333333333333,0.0133333333333333,0.0266666666666667,0.0333333333333333,0.0333333333333333,0.0566666666666667,0.0433333333333333,0.04,0.726666666666667
42,549.431679872089,564.407813003584,562.732119749988,575.358854383568,NA,0,0,0,0,NA,0,29.1685638427734,149.279013474782,0.411736325422923,0.412526834011078,NA,0.446666666666667,NA,0.02,0.0233333333333333,0.0133333333333333,0.0266666666666667,0.0533333333333333,0.0533333333333333,0.0366666666666667,0.0566666666666667,0.03,0.686666666666667
43,541.862274827069,550.560392959036,552.75518836574,575.826351665063,NA,0,0,0,0,NA,0,17.3363771438599,95.5271733919779,0.239596072832743,0.244271465142568,NA,0.423333333333333,NA,0.0166666666666667,0.0133333333333333,0.0166666666666667,0.0133333333333333,0.0666666666666667,0.0366666666666667,0.0366666666666667,0.05,0.0466666666666667,0.703333333333333
44,544.695112677587,563.284289534874,548.7556676461,573.599593734864,NA,0,0,0,0,NA,0,21.2342035770416,122.610739465555,0.246895062923431,0.243865644931793,NA,0.413333333333333,NA,0.0166666666666667,0.0166666666666667,0.0133333333333333,0.0333333333333333,0.03,0.0333333333333333,0.0333333333333333,0.04,0.0466666666666667,0.736666666666667
45,537.601744227039,545.270368022401,554.315523122561,571.569445633933,NA,0,0,0,0,NA,0,15.8526167869568,87.6859100023905,0.248263720671336,0.248728315035502,NA,0.423333333333333,NA,0.0266666666666667,0.0166666666666667,0.0433333333333333,0.03,0.0466666666666667,0.0366666666666667,0.0466666666666667,0.04,0.03,0.683333333333333
46,544.337815543872,574.306981003286,553.866881613132,577.298385825382,NA,0,0,0,0,NA,0,26.1910662651062,141.640937475363,0.34813263018926,0.342943839232127,NA,0.423333333333333,NA,0.02,0.04,0.04,0.0233333333333333,0.0266666666666667,0.0266666666666667,0.0233333333333333,0.03,0.0433333333333333,0.726666666666667
47,543.846573230885,541.877150223152,555.109044599395,579.466440262701,NA,0,0,0,0,NA,0,26.6513833999634,110.151744377613,0.238823175430298,0.234831027189891,NA,0.43,NA,0.0233333333333333,0.0133333333333333,0.03,0.03,0.0333333333333333,0.0266666666666667,0.04,0.0433333333333333,0.0466666666666667,0.713333333333333
48,541.613454855027,548.874581929061,546.318977725897,571.708490933318,NA,0,0,0,0,NA,0,18.6752953529358,122.944998347759,0.292117567857107,0.287204166253408,NA,0.466666666666667,NA,0.01,0.03,0.0233333333333333,0.0133333333333333,0.0333333333333333,0.0566666666666667,0.05,0.04,0.0433333333333333,0.7
49,543.301782142616,535.440131116454,555.165595389645,571.402597214652,NA,0,0,0,0,NA,0,26.0021188259125,148.42552832365,0.417504195372264,0.402164828777313,NA,0.44,NA,0.0266666666666667,0.0133333333333333,0.0266666666666667,0.0466666666666667,0.0433333333333333,0.05,0.0333333333333333,0.0433333333333333,0.0366666666666667,0.68
50,543.362551317804,561.468906702048,554.721718422967,575.056032563896,NA,0,0,0,0,NA,0,15.5268766880035,73.0685077786446,0.24427592754364,0.244248688220978,NA,0.5,NA,0.03,0.0166666666666667,0.0266666666666667,0.0366666666666667,0.0766666666666667,0.0466666666666667,0.0533333333333333,0.04,0.0366666666666667,0.636666666666667
