"no","observed","IHsurvrf","trt1","trt0","trueopt","avg.prop.match.opt.obs","avg.prop.match.opt.IHsurvrf","avg.prop.match.opt.trt1","avg.prop.match.opt.trt0","avg.prop.match.opt.trueopt","change.integral","time.obs","time.IHsurvrf","time.trt1","time.trt0","time.trueopt","proportion.censor","num.convergence.it","n_1","n_2","n_3","n_4","n_5","n_6","n_7","n_8","n_9","n_10"
51,544.321097496349,551.741326760889,549.054416794713,574.692769941557,NA,0,0,0,0,NA,0,14.9242537021637,85.7244421561559,0.324585219224294,0.420932865142822,NA,0.483333333333333,NA,0.0266666666666667,0.0166666666666667,0.00666666666666667,0.0266666666666667,0.0366666666666667,0.07,0.0233333333333333,0.04,0.0433333333333333,0.71
52,541.631536208231,557.535143858052,551.268979568449,576.796634324527,NA,0,0,0,0,NA,0,16.6573617458344,163.88419851462,0.504856745402018,0.424334255854289,NA,0.446666666666667,NA,0.0166666666666667,0.0266666666666667,0.0166666666666667,0.0433333333333333,0.04,0.05,0.0433333333333333,0.0333333333333333,0.0366666666666667,0.693333333333333
53,540.28617022415,546.02720390866,564.175910365631,577.326856165689,NA,0,0,0,0,NA,0,16.6499428749084,160.886780293783,0.478690222899119,0.431439836819967,NA,0.466666666666667,NA,0.0133333333333333,0.03,0.0133333333333333,0.0266666666666667,0.03,0.04,0.0466666666666667,0.0466666666666667,0.0266666666666667,0.726666666666667
54,551.151124585003,550.915602532448,547.701326942754,572.429552012449,NA,0,0,0,0,NA,0,11.1814682483673,170.313213825226,0.445971584320068,0.630803048610687,NA,0.43,NA,0.0133333333333333,0.0166666666666667,0.0233333333333333,0.04,0.02,0.04,0.0533333333333333,0.05,0.0333333333333333,0.71
55,550.524586742127,539.820082934431,553.086663266183,570.772365081599,NA,0,0,0,0,NA,0,16.6371605396271,155.821499693394,0.625700561205546,0.656517398357391,NA,0.47,NA,0.01,0.02,0.0333333333333333,0.03,0.0533333333333333,0.0433333333333333,0.04,0.0433333333333333,0.0366666666666667,0.69
56,542.847472120507,539.103011791192,554.228575548254,570.973681439826,NA,0,0,0,0,NA,0,16.7366108894348,172.328255132834,0.389313785235087,0.361751385529836,NA,0.39,NA,0.0166666666666667,0.00666666666666667,0.02,0.0166666666666667,0.0366666666666667,0.0633333333333333,0.0433333333333333,0.0233333333333333,0.02,0.753333333333333
57,542.923711743662,559.203621095653,553.576751407133,568.738556095477,NA,0,0,0,0,NA,0,16.8119449615479,161.498458826542,0.450504899024963,0.460641225179036,NA,0.373333333333333,NA,0.01,0.00666666666666667,0.02,0.0433333333333333,0.0366666666666667,0.03,0.0333333333333333,0.0366666666666667,0.0233333333333333,0.76
58,544.025755408964,541.452896789034,555.302884204115,577.755990526107,NA,0,0,0,0,NA,0,24.9137263298035,117.484752527873,0.268070590496063,0.208760476112366,NA,0.436666666666667,NA,0.0233333333333333,0.0233333333333333,0.00333333333333333,0.04,0.04,0.03,0.0366666666666667,0.05,0.0333333333333333,0.72
59,543.891587373744,566.733778515833,557.379269847748,576.290156324231,NA,0,0,0,0,NA,0,27.841970205307,157.674615808328,0.41179746389389,0.437970916430155,NA,0.403333333333333,NA,0.0133333333333333,0.0266666666666667,0.04,0.0333333333333333,0.0566666666666667,0.0233333333333333,0.06,0.0333333333333333,0.04,0.673333333333333
60,547.827809124371,553.98754889466,557.001800657651,572.22698214648,NA,0,0,0,0,NA,0,27.4389748573303,148.939813737075,0.474392016728719,0.450116388003031,NA,0.416666666666667,NA,0.0233333333333333,0.0166666666666667,0.0333333333333333,0.0266666666666667,0.0533333333333333,0.03,0.02,0.0433333333333333,0.0466666666666667,0.706666666666667
61,538.05498697271,576.519557698306,551.128039082726,571.843335655542,NA,0,0,0,0,NA,0,28.7026610374451,177.802302996318,0.403730845451355,0.362086832523346,NA,0.386666666666667,NA,0.02,0.0266666666666667,0.02,0.02,0.02,0.0333333333333333,0.0366666666666667,0.0433333333333333,0.04,0.74
62,552.70784541918,548.559783848845,554.340629982354,572.310083851367,NA,0,0,0,0,NA,0,42.1950793266296,170.272236303488,0.438708035151164,0.492000500361125,NA,0.423333333333333,NA,0.00666666666666667,0.0233333333333333,0.02,0.02,0.04,0.0566666666666667,0.0533333333333333,0.0366666666666667,0.0266666666666667,0.716666666666667
63,538.893770157437,573.41892544292,553.370130811151,572.891863120665,NA,0,0,0,0,NA,0,24.4096364974976,164.503816366196,0.397574083010356,0.40715430577596,NA,0.423333333333333,NA,0.03,0.0233333333333333,0.02,0.02,0.0333333333333333,0.0766666666666667,0.0366666666666667,0.0433333333333333,0.05,0.666666666666667
64,535.746881979646,540.127086208064,554.056494308349,573.603149377219,NA,0,0,0,0,NA,0,35.8263881206512,161.981350576878,0.420437018076579,0.52336200873057,NA,0.45,NA,0.0166666666666667,0.03,0.02,0.0266666666666667,0.0366666666666667,0.0366666666666667,0.0433333333333333,0.03,0.0433333333333333,0.716666666666667
65,542.863488566905,542.130335546651,551.690113736998,569.721909098421,NA,0,0,0,0,NA,0,14.2565479278564,96.9442354440689,0.322443266709646,0.216335701942444,NA,0.466666666666667,NA,0.01,0.0266666666666667,0.0333333333333333,0.0233333333333333,0.04,0.03,0.03,0.06,0.0533333333333333,0.693333333333333
66,542.899366099423,543.45792516733,554.115155524896,573.799621928523,NA,0,0,0,0,NA,0,26.354588508606,155.378554479281,0.321669832865397,0.425134611129761,NA,0.456666666666667,NA,0.01,0.0333333333333333,0.0166666666666667,0.06,0.0333333333333333,0.0266666666666667,0.0633333333333333,0.0366666666666667,0.0233333333333333,0.696666666666667
67,540.673185702592,557.19626937462,553.776931033241,572.032496009614,NA,0,0,0,0,NA,0,32.9166507720947,157.10391557614,0.413117496172587,0.446090650558472,NA,0.466666666666667,NA,0.0233333333333333,0.0333333333333333,0.0166666666666667,0.0333333333333333,0.0233333333333333,0.0533333333333333,0.0266666666666667,0.0366666666666667,0.05,0.703333333333333
68,547.244026762747,550.844162858784,541.703611825503,572.271207504418,NA,0,0,0,0,NA,0,23.7045607566833,162.080834007263,0.689410360654195,0.536601579189301,NA,0.423333333333333,NA,0.02,0.0233333333333333,0.0166666666666667,0.0466666666666667,0.0266666666666667,0.04,0.06,0.0266666666666667,0.05,0.69
69,545.575042016853,570.271730577053,552.900119681245,580.668881972172,NA,0,0,0,0,NA,0,32.4000265598297,174.907733261585,0.406821533044179,0.357586963971456,NA,0.38,NA,0.02,0.0133333333333333,0.03,0.02,0.0366666666666667,0.0433333333333333,0.0466666666666667,0.0666666666666667,0.0333333333333333,0.69
70,539.154661775575,552.844309602952,549.544477167235,579.352616744735,NA,0,0,0,0,NA,0,24.6400969028473,161.456635828813,0.298385198911031,0.360156905651093,NA,0.406666666666667,NA,0.0166666666666667,0.0233333333333333,0.00666666666666667,0.0433333333333333,0.0466666666666667,0.0433333333333333,0.03,0.0333333333333333,0.05,0.706666666666667
71,542.047311211972,560.600024586297,550.125966779382,573.17266929635,NA,0,0,0,0,NA,0,23.9364399909973,160.77172421217,0.494316613674164,0.404427985350291,NA,0.44,NA,0.02,0.0166666666666667,0.02,0.04,0.0466666666666667,0.0433333333333333,0.02,0.0533333333333333,0.0366666666666667,0.703333333333333
72,550.712424553213,550.547820068231,551.588794794625,566.832998553304,NA,0,0,0,0,NA,0,11.6873574256897,106.738007692496,0.323153893152873,0.317148311932882,NA,0.366666666666667,NA,0.0266666666666667,0.0266666666666667,0.0266666666666667,0.03,0.0466666666666667,0.0433333333333333,0.0266666666666667,0.06,0.0133333333333333,0.7
73,543.813768379057,558.499622134675,548.57297657132,569.358836745243,NA,0,0,0,0,NA,0,23.6268267631531,159.173271826903,0.257059101263682,0.24408518075943,NA,0.5,NA,0.0133333333333333,0.0133333333333333,0.0133333333333333,0.04,0.05,0.0566666666666667,0.06,0.0533333333333333,0.0366666666666667,0.663333333333333
74,551.467811591959,533.233621564713,549.781427562019,568.579352026449,NA,0,0,0,0,NA,0,24.6464741230011,167.594661752383,0.463070090611776,0.351280045509338,NA,0.456666666666667,NA,0.0133333333333333,0.0166666666666667,0.0166666666666667,0.0266666666666667,0.05,0.04,0.0366666666666667,0.0333333333333333,0.0233333333333333,0.743333333333333
75,539.390760884555,557.847069228111,556.018816044099,575.500224946101,NA,0,0,0,0,NA,0,33.7142474651337,152.051022871335,0.42219576438268,0.366384617487589,NA,0.436666666666667,NA,0.03,0.0333333333333333,0.0266666666666667,0.0366666666666667,0.05,0.04,0.0466666666666667,0.04,0.0333333333333333,0.663333333333333
76,543.275175812944,568.132563141401,543.577440517617,568.690212516858,NA,0,0,0,0,NA,0,23.4945986270905,165.768838012218,0.421681861082713,0.361219155788422,NA,0.406666666666667,NA,0.0366666666666667,0.0233333333333333,0.02,0.02,0.04,0.0566666666666667,0.04,0.0133333333333333,0.0133333333333333,0.736666666666667
77,537.870276056796,557.552572003684,550.702472554429,580.97251645548,NA,0,0,0,0,NA,0,23.2372596263885,166.637470324834,0.367758889993032,0.457787879308065,NA,0.406666666666667,NA,0.0266666666666667,0.0133333333333333,0.0266666666666667,0.0333333333333333,0.04,0.0266666666666667,0.0466666666666667,0.0633333333333333,0.03,0.693333333333333
78,546.950094711243,535.234232547035,552.069576388113,574.354027948034,NA,0,0,0,0,NA,0,20.6545135974884,163.005154732863,0.519731907049815,0.483743596076965,NA,0.46,NA,0.03,0.0166666666666667,0.03,0.04,0.04,0.04,0.0366666666666667,0.0466666666666667,0.0466666666666667,0.673333333333333
79,539.643285008839,554.539267558083,552.269480638172,570.476390655841,NA,0,0,0,0,NA,0,18.3158032894135,107.084183474382,0.27949914932251,0.246690396467845,NA,0.45,NA,0.01,0.03,0.02,0.04,0.0466666666666667,0.03,0.0433333333333333,0.0366666666666667,0.05,0.693333333333333
80,541.416695340234,557.903833941696,549.866552162447,574.082608506655,NA,0,0,0,0,NA,0,17.8848948478699,158.104432090123,0.323122731844584,0.326471892992655,NA,0.4,NA,0.0166666666666667,0.0233333333333333,0.0166666666666667,0.02,0.0133333333333333,0.04,0.0366666666666667,0.0466666666666667,0.0566666666666667,0.73
81,537.157233343972,536.520150743036,546.19535332899,575.912133412159,NA,0,0,0,0,NA,0,18.2640759944916,159.070341587067,0.317051498095195,0.343560202916463,NA,0.416666666666667,NA,0.02,0.02,0.0233333333333333,0.03,0.0266666666666667,0.0433333333333333,0.0233333333333333,0.0233333333333333,0.0533333333333333,0.736666666666667
82,534.882250754954,545.13482740761,548.489656340403,570.918237333168,NA,0,0,0,0,NA,0,24.0849792957306,158.822506948312,0.340976337591807,0.403213036060333,NA,0.44,NA,0.0133333333333333,0.02,0.0233333333333333,0.0233333333333333,0.0466666666666667,0.04,0.05,0.0633333333333333,0.0333333333333333,0.686666666666667
83,538.079085634857,543.957154825797,545.111048800776,572.362060263377,NA,0,0,0,0,NA,0,24.5320565700531,163.067400813103,0.319296479225159,0.310531771183014,NA,0.426666666666667,NA,0.02,0.02,0.01,0.04,0.05,0.0433333333333333,0.03,0.0533333333333333,0.04,0.693333333333333
84,545.371828299865,567.303322950598,552.11158584165,572.849160714348,NA,0,0,0,0,NA,0,34.0009264945984,158.155698760351,0.203789687156677,0.278365210692088,NA,0.406666666666667,NA,0.0133333333333333,0.0233333333333333,0.0233333333333333,0.04,0.05,0.05,0.0433333333333333,0.0366666666666667,0.0333333333333333,0.686666666666667
85,544.716380309438,555.907697337596,552.447524662659,577.150132386721,NA,0,0,0,0,NA,0,27.1260714530945,149.309433591366,0.335779849688212,0.296398282051086,NA,0.476666666666667,NA,0.02,0.0366666666666667,0.0333333333333333,0.0266666666666667,0.0433333333333333,0.06,0.0466666666666667,0.04,0.0333333333333333,0.66
86,532.88181400116,536.713153263042,548.851904928894,574.433987481756,NA,0,0,0,0,NA,0,14.9018802642822,97.636150376002,0.226295244693756,0.23157791296641,NA,0.426666666666667,NA,0.0333333333333333,0.0333333333333333,0.0133333333333333,0.0233333333333333,0.0433333333333333,0.03,0.04,0.05,0.0366666666666667,0.696666666666667
87,544.172562081504,561.268398334009,555.064462918221,578.363952340321,NA,0,0,0,0,NA,0,20.0916428565979,106.888511737188,0.223503887653351,0.22826110124588,NA,0.426666666666667,NA,0.00666666666666667,0.0266666666666667,0.0466666666666667,0.0266666666666667,0.0266666666666667,0.0233333333333333,0.03,0.0366666666666667,0.03,0.746666666666667
88,542.983186336986,563.183334702897,560.231961795785,578.814771391993,NA,0,0,0,0,NA,0,20.6981189250946,148.201742517948,0.370435138543447,0.407544561227163,NA,0.426666666666667,NA,0.0166666666666667,0.02,0.0366666666666667,0.0333333333333333,0.04,0.05,0.04,0.0333333333333333,0.0566666666666667,0.673333333333333
89,550.962896695713,549.508891512714,546.456149018829,576.606885468059,NA,0,0,0,0,NA,0,24.0121476650238,154.941770887375,0.257647363344828,0.336909953753153,NA,0.41,NA,0.00333333333333333,0.02,0.0233333333333333,0.0366666666666667,0.0333333333333333,0.04,0.04,0.0533333333333333,0.0233333333333333,0.726666666666667
90,543.086902708112,538.474212868824,562.269820790596,577.623201157033,NA,0,0,0,0,NA,0,17.1986513137817,148.111880890528,0.247467593352,0.312844161192576,NA,0.436666666666667,NA,0.01,0.02,0.0466666666666667,0.03,0.04,0.0466666666666667,0.0466666666666667,0.0333333333333333,0.0466666666666667,0.68
91,543.051584412293,539.958186064965,555.633765014963,574.096567308905,NA,0,0,0,0,NA,0,15.5497887134552,94.6880208412806,0.225225591659546,0.184670722484589,NA,0.446666666666667,NA,0.01,0.02,0.0266666666666667,0.0466666666666667,0.0266666666666667,0.0366666666666667,0.05,0.0266666666666667,0.0333333333333333,0.723333333333333
92,539.865598464698,562.742594781196,549.474125634815,572.371585170333,NA,0,0,0,0,NA,0,19.7609014511108,156.047290384769,0.324104158083598,0.368644309043884,NA,0.426666666666667,NA,0.0266666666666667,0.00666666666666667,0.01,0.0366666666666667,0.0466666666666667,0.0366666666666667,0.04,0.05,0.0433333333333333,0.703333333333333
93,548.792058256796,539.820204276423,547.517804238426,573.758223936776,NA,0,0,0,0,NA,0,14.4459843635559,101.929130109151,0.175378219286601,0.177304645379384,NA,0.44,NA,0.0266666666666667,0.0233333333333333,0.0366666666666667,0.04,0.03,0.0433333333333333,0.0533333333333333,0.0533333333333333,0.03,0.663333333333333
94,538.308423736008,546.428861292617,549.139243617183,570.998104000316,NA,0,0,0,0,NA,0,13.8688657283783,95.3983259558678,0.175179068247477,0.182184831301371,NA,0.45,NA,0.0366666666666667,0.02,0.0166666666666667,0.02,0.0433333333333333,0.0366666666666667,0.0533333333333333,0.03,0.05,0.693333333333333
95,551.021500613275,553.568950929015,550.510365285556,569.910589417446,NA,0,0,0,0,NA,0,31.1638395786285,108.42887057066,0.277181577682495,0.266439239184062,NA,0.516666666666667,NA,0.02,0.0433333333333333,0.0266666666666667,0.0266666666666667,0.05,0.04,0.0433333333333333,0.0333333333333333,0.05,0.666666666666667
96,540.348290853208,558.748327052295,555.578351667494,573.140531933698,NA,0,0,0,0,NA,0,20.8838999271393,98.7686864296595,0.16508926153183,0.161262635389964,NA,0.45,NA,0.0333333333333333,0.0133333333333333,0.0233333333333333,0.0233333333333333,0.06,0.0233333333333333,0.06,0.0366666666666667,0.0266666666666667,0.7
97,539.073577038541,559.15961245729,552.109985250249,573.784117392958,NA,0,0,0,0,NA,0,19.606372833252,89.3375063538551,0.176168994108836,0.169125850995382,NA,0.44,NA,0.04,0.0333333333333333,0.0233333333333333,0.0366666666666667,0.0333333333333333,0.02,0.0366666666666667,0.0566666666666667,0.0533333333333333,0.666666666666667
98,532.197388811689,547.648445020001,545.504761817748,571.25225963201,NA,0,0,0,0,NA,0,11.6532607078552,95.0785200198491,0.188935800393422,0.172762314478556,NA,0.433333333333333,NA,0.0233333333333333,0.0366666666666667,0.02,0.03,0.0433333333333333,0.0533333333333333,0.06,0.0233333333333333,0.0466666666666667,0.663333333333333
99,546.730074294225,560.940737587534,553.926136510182,576.784661722056,NA,0,0,0,0,NA,0,20.8402590751648,110.438515039285,0.174124002456665,0.181746518611908,NA,0.443333333333333,NA,0.03,0.0133333333333333,0.0266666666666667,0.0366666666666667,0.0433333333333333,0.0333333333333333,0.0333333333333333,0.0333333333333333,0.05,0.7
100,543.49302424817,565.687991182432,545.965042880388,570.114563423033,NA,0,0,0,0,NA,0,15.754340171814,99.486191380024,0.292363182703654,0.329555042584737,NA,0.433333333333333,NA,0.02,0.0133333333333333,0.05,0.0333333333333333,0.0333333333333333,0.05,0.04,0.0466666666666667,0.0366666666666667,0.676666666666667
