"no","observed","IHsurvrf","trt1","trt0","trueopt","avg.prop.match.opt.obs","avg.prop.match.opt.IHsurvrf","avg.prop.match.opt.trt1","avg.prop.match.opt.trt0","avg.prop.match.opt.trueopt","change.integral","time.obs","time.IHsurvrf","time.trt1","time.trt0","time.trueopt","proportion.censor","num.convergence.it","n_1","n_2","n_3","n_4","n_5","n_6","n_7","n_8","n_9","n_10"
201,477.241738586193,495.741407265708,497.022747423807,516.347383775742,NA,0,0,0,0,NA,0,17.5969932079315,196.757920662562,0.269218782583872,0.26925345659256,NA,0.292,NA,0.014,0.018,0.016,0.038,0.028,0.024,0.032,0.058,0.042,0.73
202,474.633395296075,483.677620801726,485.753768862916,502.730008808335,NA,0,0,0,0,NA,0,17.5244739055634,214.190619985263,0.189636751015981,0.183509715398153,NA,0.284,NA,0.02,0.016,0.022,0.032,0.03,0.04,0.05,0.046,0.034,0.71
203,472.686311904427,484.732957071837,490.112837264484,512.150383395907,NA,0,0,0,0,NA,0,14.0764529705048,217.20451010863,0.291986151536306,0.281658097108205,NA,0.244,NA,0.014,0.014,0.014,0.026,0.046,0.052,0.032,0.042,0.044,0.716
204,484.72560983609,494.502710417403,489.370727397257,514.894249248949,NA,0,0,0,0,NA,0,17.629289150238,269.394701532523,0.276226437091827,0.276645533243815,NA,0.278,NA,0.02,0.022,0.016,0.032,0.036,0.038,0.044,0.052,0.046,0.694
205,483.207650694635,493.919250124856,486.40934928557,512.45634787594,NA,0,0,0,0,NA,0,17.5642657279968,225.223406191667,0.258828604221344,0.26717883348465,NA,0.278,NA,0.018,0.016,0.016,0.028,0.03,0.032,0.042,0.036,0.044,0.738
206,468.236519526412,475.825312840734,486.518729521373,508.569081257576,NA,0,0,0,0,NA,0,19.1729331016541,257.414877351125,0.289023049672445,0.284084963798523,NA,0.254,NA,0.03,0.02,0.014,0.016,0.036,0.052,0.048,0.03,0.016,0.738
207,478.398022587648,511.346305398218,492.418806081301,509.818658123628,NA,0,0,0,0,NA,0,19.0859122276306,255.545130765438,0.273103002707163,0.274143846829732,NA,0.266,NA,0.022,0.03,0.024,0.028,0.034,0.042,0.056,0.03,0.04,0.694
208,477.21195802956,479.336277921433,491.018494626988,503.143679875697,NA,0,0,0,0,NA,0,18.1756520271301,248.334107462565,0.246357329686483,0.249930858612061,NA,0.272,NA,0.02,0.018,0.01,0.032,0.026,0.044,0.032,0.04,0.024,0.754
209,474.720278513907,489.255164999393,495.697809957449,507.911530922617,NA,0,0,0,0,NA,0,11.4955887794495,227.562054447333,0.249150975545247,0.244815154870351,NA,0.328,NA,0.018,0.012,0.016,0.026,0.054,0.04,0.064,0.04,0.034,0.696
210,470.401103586612,513.118204461393,486.024308148744,513.118204461393,NA,0,0,0,0,NA,0,18.0500977039337,239.360513643424,0.25641534725825,0.253856213887533,NA,0.274,NA,0.016,0.01,0.02,0.026,0.04,0.042,0.058,0.06,0.044,0.684
211,476.877453093284,482.518822053147,490.61325648588,511.87703090177,NA,0,0,0,0,NA,0,17.2171602249146,233.077390221755,0.182886771361033,0.185459220409393,NA,0.29,NA,0.022,0.014,0.02,0.028,0.046,0.05,0.038,0.036,0.054,0.692
212,480.415526197564,474.645066777943,482.880827948573,508.878673893789,NA,0,0,0,0,NA,0,17.8505029678345,138.863667575518,0.177092560132345,0.171011114120483,NA,0.248,NA,0.016,0.02,0.022,0.032,0.032,0.034,0.046,0.04,0.032,0.726
213,474.652786663172,487.763645704707,490.323989471415,512.206672833417,NA,0,0,0,0,NA,0,17.5985488891602,254.892337274551,0.278906007607778,0.271105058987935,NA,0.27,NA,0.01,0.016,0.02,0.028,0.032,0.04,0.036,0.044,0.052,0.722
214,472.412351155627,484.052884774598,487.675892617246,510.724563206935,NA,0,0,0,0,NA,0,18.0227108001709,256.611674559116,0.274010666211446,0.263765207926432,NA,0.262,NA,0.018,0.026,0.012,0.034,0.04,0.036,0.036,0.032,0.036,0.73
215,480.843769582146,502.781393775942,485.834354762769,516.628233761799,NA,0,0,0,0,NA,0,16.9307651519775,243.765870801608,0.257583701610565,0.261403477191925,NA,0.256,NA,0.02,0.02,0.028,0.024,0.04,0.016,0.04,0.028,0.034,0.75
216,475.718695642555,482.621877160004,483.926886431043,507.786591048172,NA,0,0,0,0,NA,0,15.9694163799286,302.399870296319,0.252020533879598,0.252118595441182,NA,0.268,NA,0.02,0.02,0.016,0.046,0.034,0.042,0.036,0.042,0.032,0.712
217,475.525447494987,472.298401087646,488.331148859765,511.907107529216,NA,0,0,0,0,NA,0,16.1204597949982,305.832558985551,0.368935207525889,0.359291152159373,NA,0.278,NA,0.026,0.022,0.018,0.04,0.038,0.04,0.046,0.036,0.066,0.668
218,477.15738991868,486.93653077165,490.05351907697,512.115954447872,NA,0,0,0,0,NA,0,11.851226568222,285.004360508919,0.338116649786631,0.34234250386556,NA,0.282,NA,0.012,0.01,0.016,0.026,0.046,0.04,0.038,0.034,0.042,0.736
219,475.116447885707,484.988235140825,492.486991177741,516.655012022259,NA,0,0,0,0,NA,0,10.9727876186371,119.424505654971,0.17936228911082,0.179103406270345,NA,0.31,NA,0.016,0.014,0.028,0.04,0.046,0.038,0.048,0.028,0.062,0.68
220,480.925454941759,469.373539968613,484.623483237441,503.904262257552,NA,0,0,0,0,NA,0,18.1396384239197,404.098946877321,0.349776438872019,0.350424734751383,NA,0.244,NA,0.012,0.022,0.022,0.026,0.034,0.04,0.048,0.03,0.028,0.738
221,477.681619035102,481.615522596955,489.834558852642,512.484785468098,NA,0,0,0,0,NA,0,17.1881883144379,369.963737213612,0.468833867708842,0.45915230512619,NA,0.278,NA,0.024,0.012,0.012,0.036,0.032,0.042,0.05,0.032,0.038,0.722
222,479.23640028838,496.929258128112,495.113682603524,515.411153385566,NA,0,0,0,0,NA,0,17.5019783973694,328.51244519949,0.293255499998728,0.285713537534078,NA,0.27,NA,0.022,0.03,0.024,0.026,0.04,0.032,0.026,0.032,0.04,0.728
223,474.141605561746,482.760072483775,486.66670611935,512.610771714982,NA,0,0,0,0,NA,0,16.0612003803253,329.904847125212,0.2913108030955,0.302019739151001,NA,0.294,NA,0.02,0.022,0.018,0.036,0.034,0.042,0.038,0.058,0.036,0.696
224,475.980944403357,466.4549557581,482.902007688804,510.605105211308,NA,0,0,0,0,NA,0,22.414516210556,340.584466902415,0.270224328835805,0.267858552932739,NA,0.284,NA,0.022,0.024,0.02,0.03,0.068,0.04,0.042,0.04,0.042,0.672
225,480.14651937415,483.54685565067,488.082231011567,517.59183998581,NA,0,0,0,0,NA,0,23.1443810462952,326.631346599261,0.179504458109538,0.17777951558431,NA,0.262,NA,0.016,0.014,0.016,0.03,0.028,0.032,0.056,0.054,0.034,0.72
226,475.422588908495,491.436328705561,483.180852872455,505.234305276401,NA,0,0,0,0,NA,0,11.6374399662018,176.335105597973,0.168301053841909,0.170470297336578,NA,0.268,NA,0.022,0.014,0.016,0.014,0.046,0.034,0.032,0.044,0.052,0.726
227,472.701645982539,497.414771768772,487.390271011066,508.598133244001,NA,0,0,0,0,NA,0,23.4592099189758,278.580023403962,0.285970044136047,0.311701019605001,NA,0.268,NA,0.036,0.012,0.02,0.022,0.04,0.044,0.038,0.048,0.028,0.712
228,473.481791779217,500.023124776203,486.031078912916,513.78181524446,NA,0,0,0,0,NA,0,27.8383748531342,307.18193265597,0.2923393090566,0.302054981390635,NA,0.276,NA,0.008,0.03,0.01,0.032,0.04,0.038,0.034,0.06,0.05,0.698
229,480.305257066081,477.932951149224,490.400443692402,510.344806212154,NA,0,0,0,0,NA,0,18.6106803417206,150.566549106439,0.184177684783936,0.183053131898244,NA,0.27,NA,0.022,0.01,0.018,0.022,0.042,0.028,0.042,0.034,0.026,0.756
230,471.800297611833,493.631086995612,493.633108042718,520.390230011709,NA,0,0,0,0,NA,0,19.7522082328796,217.523945482572,0.19190723101298,0.187488023440043,NA,0.302,NA,0.018,0.01,0.026,0.028,0.044,0.038,0.038,0.036,0.034,0.728
231,475.565986901722,495.865178195074,490.809998203447,517.994662486365,NA,0,0,0,0,NA,0,17.5829696655273,194.56495808363,0.168067300319672,0.166818602879842,NA,0.268,NA,0.022,0.022,0.016,0.022,0.04,0.034,0.048,0.034,0.034,0.728
232,480.17549371711,501.475043141394,484.934871249457,507.779813316938,NA,0,0,0,0,NA,0,11.5503790378571,178.166436461608,0.183165260155996,0.17544447183609,NA,0.338,NA,0.006,0.014,0.014,0.038,0.034,0.046,0.05,0.036,0.046,0.716
233,482.621270401469,487.010899344247,491.326419355503,512.607945489181,NA,0,0,0,0,NA,0,11.6675114631653,249.722518956661,0.221196703116099,0.210082523028056,NA,0.3,NA,0.012,0.02,0.022,0.038,0.038,0.042,0.036,0.052,0.024,0.716
