"no","observed","IHsurvrf","trt1","trt0","trueopt","avg.prop.match.opt.obs","avg.prop.match.opt.IHsurvrf","avg.prop.match.opt.trt1","avg.prop.match.opt.trt0","avg.prop.match.opt.trueopt","change.integral","time.obs","time.IHsurvrf","time.trt1","time.trt0","time.trueopt","proportion.censor","num.convergence.it","n_1","n_2","n_3","n_4","n_5","n_6","n_7","n_8","n_9","n_10"
151,544.343965098193,551.281194532644,555.405239255071,579.518575580615,NA,0,0,0,0,NA,0,30.0213179588318,341.72696091334,0.268059341112773,0.262868829568227,NA,0.448,NA,0.018,0.026,0.028,0.034,0.05,0.056,0.038,0.038,0.034,0.678
152,537.73565477224,555.903951461573,553.830138461266,586.218263908682,NA,0,0,0,0,NA,0,28.6771912574768,189.740676053365,0.252522472540538,0.242812128861745,NA,0.422,NA,0.03,0.032,0.016,0.032,0.042,0.048,0.038,0.054,0.034,0.674
153,542.615628599377,553.970630004462,545.815074233249,570.729813417166,NA,0,0,0,0,NA,0,31.0333404541016,281.614519866308,0.17144687573115,0.169378399848938,NA,0.414,NA,0.018,0.018,0.026,0.028,0.044,0.048,0.038,0.03,0.048,0.702
154,544.373330997836,534.890844791488,555.788202706563,570.685033403426,NA,0,0,0,0,NA,0,16.6410646438599,343.884096809228,0.243534378210704,0.245751674969991,NA,0.468,NA,0.026,0.028,0.024,0.044,0.042,0.038,0.034,0.044,0.05,0.67
155,542.398875319552,548.103052215703,553.285523214765,570.719685003053,NA,0,0,0,0,NA,0,23.2151665687561,374.544312183062,0.256202904383341,0.254956289132436,NA,0.46,NA,0.022,0.018,0.022,0.042,0.038,0.038,0.044,0.034,0.028,0.714
156,549.973065545055,554.04048038913,554.180023824964,574.192813340649,NA,0,0,0,0,NA,0,16.5872576236725,374.697681649526,0.260921804110209,0.267463954289754,NA,0.442,NA,0.032,0.012,0.014,0.014,0.042,0.034,0.052,0.05,0.022,0.728
157,539.663627065735,564.073276689557,548.445938610858,567.693823655888,NA,0,0,0,0,NA,0,21.9245612621307,204.453737902641,0.256649235884349,0.266335797309875,NA,0.434,NA,0.014,0.034,0.016,0.03,0.038,0.034,0.032,0.05,0.034,0.718
158,541.686453702636,563.526215325873,550.218975894947,574.019707261213,NA,0,0,0,0,NA,0,17.6372630596161,245.185301880042,0.277541693051656,0.28403879404068,NA,0.432,NA,0.012,0.016,0.028,0.04,0.044,0.028,0.038,0.04,0.036,0.718
159,539.466663181652,570.59150542919,549.403848990699,569.130581345104,NA,0,0,0,0,NA,0,15.8927216529846,187.781517000993,0.254984366893768,0.246592096487681,NA,0.446,NA,0.026,0.016,0.018,0.028,0.034,0.046,0.044,0.052,0.034,0.702
160,541.039424867548,562.789049712326,545.212340205359,571.024974976791,NA,0,0,0,0,NA,0,11.0121102333069,150.327557082971,0.252953708171844,0.24249388774236,NA,0.438,NA,0.044,0.018,0.024,0.03,0.04,0.036,0.03,0.038,0.042,0.698
161,544.157103228065,549.239715424522,548.379121625594,561.943709519081,NA,0,0,0,0,NA,0,16.4010519981384,235.704201169809,0.246207900842031,0.260780707995097,NA,0.434,NA,0.03,0.022,0.024,0.052,0.048,0.056,0.04,0.054,0.026,0.648
162,538.665103314035,550.294168449857,551.037842898061,573.481426827434,NA,0,0,0,0,NA,0,17.0686168670654,196.573662968477,0.264500419298808,0.260333998998006,NA,0.404,NA,0.026,0.016,0.026,0.038,0.046,0.032,0.042,0.036,0.042,0.696
163,544.700041850296,551.637300955077,551.794943506437,573.477579210703,NA,0,0,0,0,NA,0,18.4541447162628,230.935894616445,0.264679360389709,0.249200896422068,NA,0.43,NA,0.03,0.008,0.024,0.036,0.04,0.032,0.028,0.048,0.048,0.706
164,544.157891367442,558.179902658532,553.977884224359,573.321208836855,NA,0,0,0,0,NA,0,16.9027111530304,185.485599672794,0.266721498966217,0.261654690901438,NA,0.454,NA,0.016,0.022,0.02,0.022,0.064,0.042,0.052,0.052,0.03,0.68
165,539.503397544054,560.257675411007,550.330671426223,566.561950791152,NA,0,0,0,0,NA,0,19.4855601787567,238.939299527804,0.291171677907308,0.289877986907959,NA,0.436,NA,0.024,0.026,0.014,0.042,0.032,0.054,0.044,0.036,0.038,0.69
166,544.060198368417,552.993639925728,548.655268797866,571.030966049489,NA,0,0,0,0,NA,0,15.7271680831909,180.465374946594,0.2418159643809,0.240095337231954,NA,0.434,NA,0.024,0.032,0.028,0.044,0.028,0.03,0.034,0.046,0.056,0.678
167,548.153840762811,560.212265648924,544.731379433177,572.439551368475,NA,0,0,0,0,NA,0,16.0597214698792,157.146677076817,0.257719095547994,0.255588750044505,NA,0.424,NA,0.042,0.016,0.024,0.044,0.038,0.044,0.042,0.038,0.036,0.676
168,538.476779114642,540.925600391874,550.635529713467,572.329322455443,NA,0,0,0,0,NA,0,17.2271440029144,234.872246070703,0.275509814421336,0.265298656622569,NA,0.41,NA,0.014,0.014,0.022,0.044,0.038,0.046,0.034,0.03,0.046,0.712
169,546.227897336598,531.398462769521,550.157663881109,571.802360567533,NA,0,0,0,0,NA,0,17.134058713913,174.175304818153,0.169319701194763,0.171570599079132,NA,0.394,NA,0.032,0.026,0.018,0.032,0.036,0.046,0.038,0.034,0.05,0.688
170,539.453311508302,562.175068339711,552.628733858886,565.444006956384,NA,0,0,0,0,NA,0,16.3386583328247,233.379482841492,0.286874318122864,0.288883598645528,NA,0.46,NA,0.022,0.024,0.022,0.03,0.052,0.058,0.042,0.05,0.032,0.668
171,543.347624782787,551.504057496242,554.276644804776,573.228421077648,NA,0,0,0,0,NA,0,17.1305224895477,228.698047244549,0.286359043916066,0.268161817391713,NA,0.46,NA,0.024,0.016,0.022,0.038,0.038,0.03,0.058,0.044,0.046,0.684
172,545.808924812328,563.476460708863,550.665045628819,574.7722052385,NA,0,0,0,0,NA,0,18.371551990509,264.936015899976,0.26466543674469,0.266739404201508,NA,0.416,NA,0.006,0.012,0.026,0.03,0.032,0.044,0.034,0.052,0.028,0.736
173,543.944319513656,565.802976361387,552.211410395091,566.957900564788,NA,0,0,0,0,NA,0,16.6569213867188,154.503108696143,0.183593157927195,0.182019368807475,NA,0.476,NA,0.012,0.024,0.028,0.04,0.024,0.04,0.046,0.048,0.044,0.694
174,550.937321782906,542.40933621127,552.812020612815,571.210732501091,NA,0,0,0,0,NA,0,16.4397127628326,191.153991683324,0.297604238986969,0.286554833253225,NA,0.448,NA,0.022,0.006,0.034,0.032,0.038,0.036,0.062,0.048,0.054,0.668
175,544.995943211555,561.2610657558,553.1393278386,576.02823281595,NA,0,0,0,0,NA,0,17.8734457492828,244.355997077624,0.259674525260925,0.254768057664235,NA,0.426,NA,0.022,0.02,0.02,0.048,0.04,0.042,0.05,0.028,0.04,0.69
176,546.559658980669,561.298306537278,558.127380364271,577.475985348698,NA,0,0,0,0,NA,0,10.9992396831512,120.605638941129,0.173641705513,0.170166234175364,NA,0.41,NA,0.02,0.018,0.014,0.026,0.038,0.046,0.046,0.03,0.026,0.736
177,538.15039540475,556.409537392349,550.010712857927,565.895154367844,NA,0,0,0,0,NA,0,18.6033313274384,262.044072930018,0.260556423664093,0.275308918952942,NA,0.428,NA,0.01,0.024,0.02,0.032,0.044,0.034,0.05,0.048,0.036,0.702
178,548.381513426182,557.475232331724,554.247595782988,576.560964910473,NA,0,0,0,0,NA,0,16.0325479507446,228.169559752941,0.278263334433238,0.256774477163951,NA,0.398,NA,0.036,0.016,0.032,0.038,0.038,0.032,0.046,0.036,0.046,0.68
179,544.131721160653,540.672378702025,557.66957222007,579.325795169884,NA,0,0,0,0,NA,0,18.2087075710297,221.40031576554,0.195109983285268,0.194663031895955,NA,0.456,NA,0.014,0.02,0.026,0.044,0.04,0.056,0.032,0.042,0.042,0.684
180,539.708802613947,562.093195921281,554.533959720822,579.483822190741,NA,0,0,0,0,NA,0,12.159633398056,232.575429503123,0.277928829193115,0.280057839552561,NA,0.428,NA,0.018,0.024,0.026,0.034,0.034,0.042,0.042,0.042,0.032,0.706
181,547.74898950137,560.320259031173,557.150157785246,578.777584156573,NA,0,0,0,0,NA,0,19.5886754989624,253.790035728614,0.264624826113383,0.258063944180806,NA,0.426,NA,0.024,0.018,0.014,0.024,0.028,0.056,0.052,0.048,0.044,0.692
182,546.018326941479,573.011727974616,552.868848941261,574.63848796547,NA,0,0,0,0,NA,0,15.9707441329956,222.28255948623,0.198623963197072,0.200610637664795,NA,0.468,NA,0.028,0.02,0.032,0.02,0.04,0.058,0.048,0.044,0.032,0.678
183,546.88891648887,557.26362119668,557.604776991854,573.109537128836,NA,0,0,0,0,NA,0,11.2447736263275,120.875975851218,0.168798764546712,0.179846799373627,NA,0.444,NA,0.03,0.024,0.028,0.024,0.032,0.05,0.036,0.036,0.046,0.694
184,544.842401211023,570.138032498699,555.767486501997,580.773765132595,NA,0,0,0,0,NA,0,17.8837983608246,227.571284031868,0.29350434144338,0.33797021706899,NA,0.45,NA,0.03,0.022,0.026,0.04,0.048,0.06,0.03,0.036,0.042,0.666
185,540.257646364158,567.462013399122,550.640357894621,574.006393457797,NA,0,0,0,0,NA,0,16.2896249294281,263.009243492285,0.290894881884257,0.26966339747111,NA,0.462,NA,0.012,0.02,0.026,0.032,0.03,0.034,0.044,0.038,0.058,0.706
186,549.52463999918,573.849121499546,551.940264096447,573.36983911148,NA,0,0,0,0,NA,0,11.761670589447,144.191530632973,0.173459708690643,0.171894280115763,NA,0.442,NA,0.03,0.014,0.03,0.04,0.036,0.026,0.056,0.038,0.034,0.696
187,544.346398764018,538.301619917106,551.146494242562,574.931232901907,NA,0,0,0,0,NA,0,17.2851214408875,185.910669549306,0.187079711755117,0.194708200295766,NA,0.446,NA,0.014,0.024,0.02,0.05,0.046,0.054,0.034,0.036,0.03,0.692
188,549.664203713039,557.763929375901,559.433998801461,571.745370742497,NA,0,0,0,0,NA,0,17.1494691371918,183.937755258878,0.262900507450104,0.247478417555491,NA,0.424,NA,0.03,0.022,0.022,0.04,0.042,0.032,0.036,0.036,0.032,0.708
189,545.168421040194,555.320066156525,552.793187927931,576.85651262075,NA,0,0,0,0,NA,0,12.3935105800629,145.239442423979,0.184747962156932,0.18267541329066,NA,0.442,NA,0.016,0.03,0.022,0.026,0.034,0.028,0.038,0.056,0.036,0.714
190,545.407800470078,556.382489133006,550.1200712391,576.60071957413,NA,0,0,0,0,NA,0,11.5550773143768,154.63902815183,0.256681311130524,0.25394378900528,NA,0.426,NA,0.018,0.02,0.03,0.034,0.038,0.04,0.036,0.05,0.04,0.694
191,545.567346995974,546.505499150722,545.301795115921,572.307437181352,NA,0,0,0,0,NA,0,20.865207195282,212.642999811967,0.267914835611979,0.270876622200012,NA,0.422,NA,0.03,0.022,0.034,0.034,0.046,0.036,0.042,0.052,0.036,0.668
192,544.09222454246,562.873408311003,552.876971919168,572.914838983233,NA,0,0,0,0,NA,0,17.2917680740356,232.892478346825,0.247003825505575,0.242380356788635,NA,0.396,NA,0.028,0.018,0.028,0.026,0.042,0.032,0.032,0.022,0.042,0.73
193,544.926123142886,551.90535255658,553.605362158596,579.208902270521,NA,0,0,0,0,NA,0,11.1773598194122,138.685555573304,0.168463699022929,0.16769947608312,NA,0.458,NA,0.026,0.022,0.02,0.044,0.044,0.046,0.042,0.032,0.04,0.684
194,541.279828635753,547.610133484655,550.136619564406,576.867141045022,NA,0,0,0,0,NA,0,12.7382352352142,142.870805692673,0.186239902178446,0.180319662888845,NA,0.452,NA,0.02,0.034,0.008,0.044,0.032,0.06,0.048,0.042,0.03,0.682
195,534.960620654883,564.194893190623,555.71831485133,578.363541223587,NA,0,0,0,0,NA,0,15.7361693382263,164.074322585265,0.17827817996343,0.171272663275401,NA,0.468,NA,0.012,0.018,0.032,0.03,0.05,0.058,0.046,0.052,0.03,0.672
196,543.868699827966,566.298232448787,561.547227955303,584.162363912316,NA,0,0,0,0,NA,0,11.4372272491455,134.707329114278,0.180101867516836,0.183374754587809,NA,0.456,NA,0.024,0.024,0.046,0.028,0.024,0.044,0.054,0.054,0.024,0.678
197,546.137194098515,555.536244074858,554.955254671405,574.591770207852,NA,0,0,0,0,NA,0,16.2704277038574,193.118630365531,0.256845378875732,0.259348519643148,NA,0.44,NA,0.028,0.024,0.042,0.046,0.04,0.046,0.03,0.038,0.036,0.67
198,540.669556166867,565.380314545846,556.316843846508,581.050277280648,NA,0,0,0,0,NA,0,18.8420224189758,135.210343031089,0.167267549037933,0.167199671268463,NA,0.414,NA,0.02,0.01,0.022,0.038,0.042,0.04,0.054,0.042,0.04,0.692
199,545.966156918109,549.640079285074,551.492297237172,573.227853256452,NA,0,0,0,0,NA,0,16.5628399848938,228.196422521273,0.183513685067495,0.176746014753977,NA,0.426,NA,0.016,0.014,0.014,0.024,0.042,0.036,0.038,0.04,0.04,0.736
200,536.471348295258,550.985334321938,550.911309626101,578.262043577481,NA,0,0,0,0,NA,0,10.8933742046356,119.927533845107,0.175715827941895,0.169634715716044,NA,0.408,NA,0.024,0.026,0.014,0.04,0.04,0.036,0.046,0.048,0.038,0.688
