"no","observed","IHsurvrf","trt1","trt0","trueopt","avg.prop.match.opt.obs","avg.prop.match.opt.IHsurvrf","avg.prop.match.opt.trt1","avg.prop.match.opt.trt0","avg.prop.match.opt.trueopt","change.integral","time.obs","time.IHsurvrf","time.trt1","time.trt0","time.trueopt","proportion.censor","num.convergence.it","n_1","n_2","n_3","n_4","n_5","n_6","n_7","n_8","n_9","n_10"
51,480.492738853526,489.56792838492,486.069991124102,511.64779166156,NA,0,0,0,0,NA,0,29.1374831199646,255.880516544978,0.428848926226298,0.441075539588928,NA,0.32,NA,0.0133333333333333,0.0166666666666667,0.0166666666666667,0.01,0.0666666666666667,0.0466666666666667,0.03,0.0566666666666667,0.0266666666666667,0.716666666666667
52,479.115615473104,464.634254573353,486.638254376487,513.862419525377,NA,0,0,0,0,NA,0,29.0957295894623,248.962385408084,0.562783904870351,0.558442052205404,NA,0.273333333333333,NA,0.0133333333333333,0.02,0.0233333333333333,0.0333333333333333,0.02,0.04,0.05,0.0366666666666667,0.06,0.703333333333333
53,478.763055377743,473.065171973881,491.409891623204,518.221265084666,NA,0,0,0,0,NA,0,28.9702024459839,253.008021732171,0.461967806021372,0.449752255280813,NA,0.3,NA,0.0166666666666667,0.0233333333333333,0.0166666666666667,0.02,0.02,0.0466666666666667,0.0333333333333333,0.05,0.0433333333333333,0.73
54,481.832329436841,487.47534553117,488.689356881015,510.083194668634,NA,0,0,0,0,NA,0,16.7675170898438,164.331406752268,0.259589918454488,0.26292237440745,NA,0.266666666666667,NA,0.0133333333333333,0.0233333333333333,0.0233333333333333,0.04,0.0233333333333333,0.0433333333333333,0.02,0.0433333333333333,0.04,0.73
55,480.717896605985,472.76668273927,490.917811851834,507.933867506182,NA,0,0,0,0,NA,0,29.0039947032928,246.766404986382,0.572922869523366,0.559503618876139,NA,0.303333333333333,NA,0.00666666666666667,0.0366666666666667,0.0233333333333333,0.0333333333333333,0.04,0.05,0.0566666666666667,0.03,0.03,0.693333333333333
56,475.346914774169,489.434183516726,492.586695165402,509.300607656731,NA,0,0,0,0,NA,0,29.0457696914673,256.340429480871,0.480645926793416,0.477021861076355,NA,0.26,NA,0.01,0.0166666666666667,0.0233333333333333,0.0166666666666667,0.0233333333333333,0.04,0.0466666666666667,0.0533333333333333,0.02,0.75
57,477.196339300218,490.25263662682,486.040072790943,507.701821911082,NA,0,0,0,0,NA,0,29.1991195678711,255.845521144072,0.446982411543528,0.447601143519084,NA,0.246666666666667,NA,0.01,0.0166666666666667,0.02,0.0233333333333333,0.02,0.02,0.0533333333333333,0.0466666666666667,0.0366666666666667,0.753333333333333
58,478.000253573629,470.311500557373,488.823015688935,511.901440561053,NA,0,0,0,0,NA,0,28.6124005317688,252.367753724257,0.426399521032969,0.423778442541758,NA,0.25,NA,0.0266666666666667,0.0266666666666667,0.00666666666666667,0.0133333333333333,0.0333333333333333,0.0233333333333333,0.0333333333333333,0.0266666666666667,0.03,0.78
59,476.159520965763,481.121709554966,494.11846265551,512.971456458483,NA,0,0,0,0,NA,0,35.8476033210754,244.810396206379,0.558028264840444,0.561219871044159,NA,0.253333333333333,NA,0.03,0.02,0.03,0.02,0.0466666666666667,0.04,0.0533333333333333,0.0266666666666667,0.0533333333333333,0.68
60,479.223887814958,494.156358785645,489.628608779781,505.019992643357,NA,0,0,0,0,NA,0,28.9027903079987,246.901264341672,0.567293830712636,0.503300905227661,NA,0.256666666666667,NA,0.02,0.0233333333333333,0.03,0.0233333333333333,0.0433333333333333,0.0233333333333333,0.03,0.0466666666666667,0.0533333333333333,0.706666666666667
61,464.768514800375,483.081013686097,489.181657794771,512.510529878404,NA,0,0,0,0,NA,0,17.3185136318207,174.765609455109,0.260281570752462,0.251372571786245,NA,0.236666666666667,NA,0.0266666666666667,0.01,0.0166666666666667,0.0233333333333333,0.0433333333333333,0.0266666666666667,0.0266666666666667,0.04,0.0333333333333333,0.753333333333333
62,478.17364416251,490.521258098127,491.435508792511,507.308591770894,NA,0,0,0,0,NA,0,36.1886832714081,253.666254091263,0.43296848932902,0.454294987519582,NA,0.283333333333333,NA,0.00333333333333333,0.0233333333333333,0.0266666666666667,0.02,0.03,0.05,0.0466666666666667,0.05,0.0466666666666667,0.703333333333333
63,475.761873021039,487.769689953608,485.328100728821,508.747224183168,NA,0,0,0,0,NA,0,28.5448114871979,248.431451078256,0.435767579078674,0.42544602950414,NA,0.303333333333333,NA,0.0233333333333333,0.0166666666666667,0.0133333333333333,0.0466666666666667,0.04,0.04,0.0266666666666667,0.04,0.0566666666666667,0.696666666666667
64,472.388096426302,507.013201470414,489.07908636614,511.183571965913,NA,0,0,0,0,NA,0,28.9538090229034,246.848705124855,0.545285566647847,0.541465743382772,NA,0.286666666666667,NA,0.01,0.03,0.0166666666666667,0.0433333333333333,0.0366666666666667,0.03,0.0233333333333333,0.0166666666666667,0.0466666666666667,0.746666666666667
65,471.661600913373,475.877023998715,491.869061544307,514.255828416349,NA,0,0,0,0,NA,0,27.6531157493591,237.393279047807,0.517835585276286,0.542803728580475,NA,0.293333333333333,NA,0.01,0.02,0.0166666666666667,0.0166666666666667,0.0466666666666667,0.0233333333333333,0.04,0.05,0.04,0.736666666666667
66,472.79207095343,479.895595629003,488.957711689008,507.969243055047,NA,0,0,0,0,NA,0,35.7456936836243,251.002158323924,0.492616848150889,0.447653349240621,NA,0.296666666666667,NA,0.02,0.0133333333333333,0.0133333333333333,0.0433333333333333,0.0366666666666667,0.0466666666666667,0.04,0.0466666666666667,0.0333333333333333,0.706666666666667
67,469.175521351833,487.166982885052,483.959865698024,514.99837101107,NA,0,0,0,0,NA,0,28.4153583049774,244.500015572707,0.50591584444046,0.493979469935099,NA,0.343333333333333,NA,0.01,0.02,0.0233333333333333,0.0433333333333333,0.0366666666666667,0.0366666666666667,0.03,0.05,0.04,0.71
68,478.577812335721,479.427488453784,484.220723979554,506.061132161775,NA,0,0,0,0,NA,0,15.9626803398132,159.911174464226,0.263842244942983,0.259049562613169,NA,0.22,NA,0.02,0.02,0.02,0.0333333333333333,0.0333333333333333,0.0433333333333333,0.0433333333333333,0.03,0.0433333333333333,0.713333333333333
69,477.105685819018,506.208398040243,491.859847632902,508.812830769756,NA,0,0,0,0,NA,0,30.9320950508118,242.114994764328,0.528697808583578,0.527040942509969,NA,0.293333333333333,NA,0.0233333333333333,0.0166666666666667,0.0266666666666667,0.0333333333333333,0.0366666666666667,0.03,0.05,0.0766666666666667,0.04,0.666666666666667
70,469.456002666527,500.466301521952,487.175337621738,511.147760138809,NA,0,0,0,0,NA,0,27.3772394657135,241.069133023421,0.433982702096303,0.430796019236247,NA,0.246666666666667,NA,0.01,0.0233333333333333,0.0133333333333333,0.0333333333333333,0.03,0.0533333333333333,0.0466666666666667,0.0366666666666667,0.0233333333333333,0.73
71,476.283145850756,491.611404770911,490.651328038637,511.212606516934,NA,0,0,0,0,NA,0,36.5219061374664,252.267669709524,0.45628867149353,0.450511459509532,NA,0.253333333333333,NA,0.0166666666666667,0.0166666666666667,0.0133333333333333,0.0166666666666667,0.05,0.0466666666666667,0.0333333333333333,0.0566666666666667,0.0266666666666667,0.723333333333333
72,482.038339501841,506.31943719142,488.757989135583,505.164647725331,NA,0,0,0,0,NA,0,34.5677711963654,236.041799096266,0.518234042326609,0.503419840335846,NA,0.29,NA,0.0266666666666667,0.0166666666666667,0.0166666666666667,0.0266666666666667,0.0433333333333333,0.04,0.0266666666666667,0.0466666666666667,0.0266666666666667,0.73
73,475.953508797236,505.311297456078,485.474620469741,507.964711421145,NA,0,0,0,0,NA,0,28.4419724941254,246.644461520513,0.553113957246145,0.548497414588928,NA,0.343333333333333,NA,0.00666666666666667,0.0133333333333333,0.0166666666666667,0.0233333333333333,0.05,0.0466666666666667,0.0566666666666667,0.0433333333333333,0.0533333333333333,0.69
74,473.811888074844,490.858853726631,487.916863604788,508.183013882132,NA,0,0,0,0,NA,0,31.4927423000336,245.692801558971,0.439888580640157,0.446148165067037,NA,0.27,NA,0.0133333333333333,0.01,0.0266666666666667,0.0233333333333333,0.0533333333333333,0.0433333333333333,0.0366666666666667,0.0433333333333333,0.03,0.72
75,472.50061825703,480.845009583623,488.943965251009,506.639623219648,NA,0,0,0,0,NA,0,15.9541056156158,146.101942471663,0.249519975980123,0.252163815498352,NA,0.25,NA,0.0233333333333333,0.0233333333333333,0.0266666666666667,0.0433333333333333,0.04,0.0433333333333333,0.0366666666666667,0.0333333333333333,0.02,0.71
76,476.74682912238,465.710998833555,481.347234960976,502.505631221317,NA,0,0,0,0,NA,0,33.6222453117371,222.176540672779,0.549661389986674,0.545469053586324,NA,0.253333333333333,NA,0.0366666666666667,0.0233333333333333,0.0133333333333333,0.03,0.03,0.0466666666666667,0.04,0.0133333333333333,0.04,0.726666666666667
77,468.157093603938,508.318738286688,492.468620172644,507.85340419809,NA,0,0,0,0,NA,0,30.3674688339233,247.931653821468,0.474951708316803,0.484268951416016,NA,0.246666666666667,NA,0.0133333333333333,0.00666666666666667,0.0166666666666667,0.0266666666666667,0.04,0.04,0.0366666666666667,0.0266666666666667,0.0333333333333333,0.76
78,482.873593733595,489.631174816328,484.728610624293,503.618897325071,NA,0,0,0,0,NA,0,28.0074069499969,237.881842362881,0.453238717714945,0.443169752756755,NA,0.3,NA,0.0266666666666667,0.02,0.0166666666666667,0.0366666666666667,0.05,0.04,0.0433333333333333,0.0166666666666667,0.0433333333333333,0.706666666666667
79,477.873932326044,520.470851145729,484.985268695558,509.60365729197,NA,0,0,0,0,NA,0,32.8973977565765,223.454407986005,0.535823961098989,0.530054692427317,NA,0.286666666666667,NA,0.00666666666666667,0.0133333333333333,0.0133333333333333,0.0333333333333333,0.0466666666666667,0.0366666666666667,0.03,0.05,0.0433333333333333,0.726666666666667
80,475.699067762951,500.107934452892,486.630963269356,507.062983056207,NA,0,0,0,0,NA,0,33.5531911849976,247.945832018058,0.479331755638123,0.464581620693207,NA,0.256666666666667,NA,0.0133333333333333,0.0133333333333333,0.02,0.0166666666666667,0.0333333333333333,0.04,0.0166666666666667,0.03,0.0366666666666667,0.78
81,468.128384140736,487.679438595608,489.811839871667,512.507201322092,NA,0,0,0,0,NA,0,28.8839519023895,196.363469449679,0.26149218082428,0.264438076814016,NA,0.263333333333333,NA,0.02,0.0133333333333333,0.0166666666666667,0.0333333333333333,0.0166666666666667,0.05,0.0366666666666667,0.0433333333333333,0.0333333333333333,0.736666666666667
82,471.401206995359,494.578973889825,490.528563784592,510.954956616588,NA,0,0,0,0,NA,0,16.386373758316,153.080349429448,0.251445523897807,0.250219690799713,NA,0.233333333333333,NA,0.02,0.0166666666666667,0.0266666666666667,0.03,0.0333333333333333,0.0433333333333333,0.0466666666666667,0.04,0.03,0.713333333333333
83,473.633773958293,500.908493010109,487.201136030868,505.390125929348,NA,0,0,0,0,NA,0,35.0081222057343,197.593165922165,0.252141392230988,0.247223273913066,NA,0.25,NA,0.0266666666666667,0.01,0.00666666666666667,0.03,0.0633333333333333,0.0366666666666667,0.0333333333333333,0.0333333333333333,0.0233333333333333,0.736666666666667
84,481.123690724973,481.095135153993,490.271046481653,510.608084140853,NA,0,0,0,0,NA,0,29.4875206947327,232.964200528463,0.25699950059255,0.254754281044006,NA,0.29,NA,0.0166666666666667,0.02,0.0233333333333333,0.02,0.0433333333333333,0.06,0.0366666666666667,0.0433333333333333,0.05,0.686666666666667
85,476.755385870648,509.528147465843,488.496524195534,504.822774661761,NA,0,0,0,0,NA,0,28.2861199378967,242.129977881908,0.458658866087596,0.454610141118368,NA,0.273333333333333,NA,0.0133333333333333,0.0266666666666667,0.0266666666666667,0.0233333333333333,0.0433333333333333,0.0266666666666667,0.04,0.0633333333333333,0.0566666666666667,0.68
86,471.307205697981,481.661615767823,481.611622557948,507.879301838975,NA,0,0,0,0,NA,0,33.7191863059998,196.759273266792,0.255855214595795,0.248089452584585,NA,0.263333333333333,NA,0.0266666666666667,0.0133333333333333,0.03,0.03,0.0333333333333333,0.0433333333333333,0.0466666666666667,0.0466666666666667,0.03,0.7
87,479.697609413498,502.139903434427,487.785168979922,509.018341591956,NA,0,0,0,0,NA,0,30.5932586193085,240.224301199118,0.42998335758845,0.432474716504415,NA,0.256666666666667,NA,0.0133333333333333,0.0233333333333333,0.03,0.0266666666666667,0.0433333333333333,0.0333333333333333,0.0266666666666667,0.04,0.0333333333333333,0.73
88,470.21289308322,508.560938658935,487.473534292648,516.006901351275,NA,0,0,0,0,NA,0,17.0134921073914,214.583988499641,0.423521753152212,0.413675228754679,NA,0.266666666666667,NA,0.02,0.0233333333333333,0.0266666666666667,0.03,0.04,0.04,0.0433333333333333,0.05,0.0366666666666667,0.69
89,480.098687995913,481.945264312614,488.462011909919,509.795933091894,NA,0,0,0,0,NA,0,16.4640908241272,172.614156575998,0.249438202381134,0.249025539557139,NA,0.246666666666667,NA,0,0.0133333333333333,0.01,0.03,0.0333333333333333,0.04,0.0433333333333333,0.0433333333333333,0.0466666666666667,0.74
90,476.602406562529,487.008803927039,488.74337122945,518.953029290118,NA,0,0,0,0,NA,0,15.7913956642151,151.797984190782,0.257783579826355,0.253873455524445,NA,0.233333333333333,NA,0.00666666666666667,0.02,0.0366666666666667,0.03,0.0366666666666667,0.0333333333333333,0.0466666666666667,0.0166666666666667,0.05,0.723333333333333
91,473.679186848888,479.690992196606,484.596593754944,508.927931235584,NA,0,0,0,0,NA,0,16.1076402664185,201.5516132315,0.425730892022451,0.422109246253967,NA,0.263333333333333,NA,0.00333333333333333,0.01,0.0133333333333333,0.0366666666666667,0.0266666666666667,0.0266666666666667,0.0466666666666667,0.0266666666666667,0.05,0.76
92,475.032951470532,492.801570928366,482.731968686274,511.182671606241,NA,0,0,0,0,NA,0,28.5964381694794,188.352504098415,0.265799192587535,0.272770567735036,NA,0.283333333333333,NA,0.03,0.00666666666666667,0.01,0.0233333333333333,0.06,0.0266666666666667,0.0366666666666667,0.0466666666666667,0.0433333333333333,0.716666666666667
93,476.739350933219,492.617864252004,484.191161085824,510.144555574817,NA,0,0,0,0,NA,0,15.7164647579193,145.489238293966,0.252343225479126,0.250313254197439,NA,0.253333333333333,NA,0.0233333333333333,0.02,0.0333333333333333,0.0333333333333333,0.0333333333333333,0.04,0.0333333333333333,0.0533333333333333,0.03,0.7
94,479.326519027462,493.685188135805,482.237649522851,506.742822701995,NA,0,0,0,0,NA,0,27.6580276489258,181.411528805892,0.254433993498484,0.260945510864258,NA,0.29,NA,0.03,0.01,0.02,0.0166666666666667,0.05,0.0466666666666667,0.06,0.0266666666666667,0.04,0.7
95,475.380776226648,491.91513303748,483.23385905215,501.702596774443,NA,0,0,0,0,NA,0,26.453070640564,206.881075978279,0.250450642903646,0.259183963139852,NA,0.263333333333333,NA,0.0166666666666667,0.02,0.0233333333333333,0.0333333333333333,0.0466666666666667,0.0333333333333333,0.0433333333333333,0.0366666666666667,0.0266666666666667,0.72
96,470.153351803357,496.926562760524,482.487677313314,507.066390996745,NA,0,0,0,0,NA,0,16.1920006275177,150.415069615841,0.261369415124257,0.251616561412811,NA,0.306666666666667,NA,0.02,0.00666666666666667,0.0133333333333333,0.0166666666666667,0.04,0.05,0.0233333333333333,0.0333333333333333,0.05,0.746666666666667
97,477.514101714857,509.661938201054,485.703624337924,511.380887917088,NA,0,0,0,0,NA,0,15.8539752960205,215.864197786649,0.409856788317362,0.409033560752869,NA,0.306666666666667,NA,0.0266666666666667,0.02,0.0366666666666667,0.0333333333333333,0.05,0.0466666666666667,0.0366666666666667,0.0433333333333333,0.0566666666666667,0.65
98,474.90300461336,482.807339798816,482.806503270202,506.177411419205,NA,0,0,0,0,NA,0,26.6089515686035,178.754089311759,0.258614349365234,0.256954677899679,NA,0.273333333333333,NA,0.02,0.0266666666666667,0.0266666666666667,0.0266666666666667,0.0333333333333333,0.03,0.0366666666666667,0.0533333333333333,0.0333333333333333,0.713333333333333
99,472.223658269908,486.007488671848,487.165424492588,510.743448669972,NA,0,0,0,0,NA,0,17.4490575790405,153.37074483633,0.268334845701853,0.27062939008077,NA,0.29,NA,0.02,0.0233333333333333,0.0166666666666667,0.0333333333333333,0.0366666666666667,0.0366666666666667,0.0333333333333333,0.0366666666666667,0.05,0.713333333333333
100,475.127098470055,478.424016281688,482.581191348906,513.376153420494,NA,0,0,0,0,NA,0,16.1571221351624,135.753024232388,0.239459156990051,0.241243807474772,NA,0.32,NA,0.0166666666666667,0.00666666666666667,0.0366666666666667,0.0233333333333333,0.05,0.0366666666666667,0.04,0.0366666666666667,0.0533333333333333,0.7
