"no","observed","IHsurvrf","trt1","trt0","trueopt","avg.prop.match.opt.obs","avg.prop.match.opt.IHsurvrf","avg.prop.match.opt.trt1","avg.prop.match.opt.trt0","avg.prop.match.opt.trueopt","change.integral","time.obs","time.IHsurvrf","time.trt1","time.trt0","time.trueopt","proportion.censor","num.convergence.it","n_1","n_2","n_3","n_4","n_5","n_6","n_7","n_8","n_9","n_10"
151,544.343965098193,559.514098212882,555.405239255071,579.518575580615,NA,0,0,0,0,NA,0,30.4766199588776,209.896538074811,0.590141272544861,0.599638358751933,NA,0.47,NA,0.02,0.0133333333333333,0.03,0.0166666666666667,0.05,0.04,0.03,0.04,0.06,0.7
152,537.73565477224,571.021698761267,553.830138461266,586.218263908682,NA,0,0,0,0,NA,0,30.5405781269073,219.680011192958,0.487700057029724,0.495360537370046,NA,0.446666666666667,NA,0.0166666666666667,0.03,0.0233333333333333,0.0366666666666667,0.03,0.0433333333333333,0.0433333333333333,0.0333333333333333,0.0433333333333333,0.7
153,542.615628599377,559.660238226223,545.815074233249,570.729813417166,NA,0,0,0,0,NA,0,30.438597202301,208.991120914618,0.51177525917689,0.535669310887655,NA,0.506666666666667,NA,0.0166666666666667,0.02,0.02,0.0433333333333333,0.0466666666666667,0.03,0.06,0.06,0.08,0.623333333333333
154,544.373330997836,556.049208860116,555.788202706563,570.685033403426,NA,0,0,0,0,NA,0,17.5131897926331,183.474540376663,0.540460085868835,0.576654744148254,NA,0.386666666666667,NA,0.02,0.0133333333333333,0.0133333333333333,0.0366666666666667,0.0433333333333333,0.0433333333333333,0.0266666666666667,0.04,0.0266666666666667,0.736666666666667
155,542.398875319552,542.287160968408,553.285523214765,570.719685003053,NA,0,0,0,0,NA,0,30.4782729148865,151.19831310908,0.279864839712779,0.281970723470052,NA,0.426666666666667,NA,0.00666666666666667,0.03,0.0233333333333333,0.0333333333333333,0.0333333333333333,0.0266666666666667,0.0533333333333333,0.0433333333333333,0.0433333333333333,0.706666666666667
156,549.973065545055,571.694145467512,554.180023824964,574.192813340649,NA,0,0,0,0,NA,0,30.6653254032135,204.883814438184,0.561782443523407,0.566221439838409,NA,0.45,NA,0.01,0.0366666666666667,0.0266666666666667,0.0333333333333333,0.0433333333333333,0.0533333333333333,0.0133333333333333,0.0533333333333333,0.0266666666666667,0.703333333333333
157,539.663627065735,545.020811349195,548.445938610858,567.693823655888,NA,0,0,0,0,NA,0,30.4937195777893,219.860632856687,0.566277273495992,0.5568794409434,NA,0.386666666666667,NA,0.02,0.0133333333333333,0.0133333333333333,0.0266666666666667,0.0266666666666667,0.0433333333333333,0.04,0.04,0.0366666666666667,0.74
158,541.686453702636,542.142332287638,550.218975894947,574.019707261213,NA,0,0,0,0,NA,0,39.3775458335876,218.242284405231,0.539003932476044,0.522344545523326,NA,0.43,NA,0.0133333333333333,0.0166666666666667,0.00666666666666667,0.0266666666666667,0.05,0.0366666666666667,0.0566666666666667,0.0533333333333333,0.03,0.71
159,539.466663181652,556.738130611782,549.403848990699,569.130581345104,NA,0,0,0,0,NA,0,35.8720753192902,220.973409759998,0.486341754595439,0.497470060984294,NA,0.433333333333333,NA,0.0133333333333333,0.0233333333333333,0.0133333333333333,0.0266666666666667,0.03,0.0466666666666667,0.04,0.0366666666666667,0.0566666666666667,0.713333333333333
160,541.039424867548,539.382518570313,545.212340205359,571.024974976791,NA,0,0,0,0,NA,0,33.3515968322754,221.836467051506,0.43228391011556,0.425356968243917,NA,0.426666666666667,NA,0.0166666666666667,0.0266666666666667,0.02,0.03,0.04,0.07,0.0333333333333333,0.04,0.07,0.653333333333333
161,544.157103228065,529.060018101733,548.379121625594,561.943709519081,NA,0,0,0,0,NA,0,36.5998251438141,212.850697271029,0.451124978065491,0.487907346089681,NA,0.42,NA,0.0166666666666667,0.0166666666666667,0.0266666666666667,0.0333333333333333,0.0333333333333333,0.0333333333333333,0.06,0.04,0.03,0.71
162,538.665103314035,548.435278538298,551.037842898061,573.481426827434,NA,0,0,0,0,NA,0,18.9496295452118,133.734485395749,0.265488501389821,0.267180152734121,NA,0.42,NA,0.02,0.03,0.0266666666666667,0.0233333333333333,0.0433333333333333,0.05,0.0566666666666667,0.0233333333333333,0.0433333333333333,0.683333333333333
163,544.700041850296,539.757986027193,551.794943506437,573.477579210703,NA,0,0,0,0,NA,0,36.1574723720551,211.756975809733,0.554189352194468,0.560605136553446,NA,0.436666666666667,NA,0.0233333333333333,0.0233333333333333,0.0133333333333333,0.0533333333333333,0.0233333333333333,0.0433333333333333,0.0466666666666667,0.0466666666666667,0.0466666666666667,0.68
164,544.157891367442,552.209011984828,553.977884224359,573.321208836855,NA,0,0,0,0,NA,0,33.1393020153046,211.685859640439,0.521948186556498,0.471390569210053,NA,0.45,NA,0.0266666666666667,0.02,0.0233333333333333,0.0333333333333333,0.0466666666666667,0.0533333333333333,0.0433333333333333,0.07,0.04,0.643333333333333
165,539.503397544054,549.00460401676,550.330671426223,566.561950791152,NA,0,0,0,0,NA,0,33.0494828224182,196.615327807268,0.525434486071269,0.528330957889557,NA,0.476666666666667,NA,0.0133333333333333,0.02,0.0266666666666667,0.02,0.0266666666666667,0.0533333333333333,0.0866666666666667,0.0733333333333333,0.0433333333333333,0.636666666666667
166,544.060198368417,550.262885582144,548.655268797866,571.030966049489,NA,0,0,0,0,NA,0,28.6351635456085,205.818972444534,0.42289338906606,0.42884795665741,NA,0.473333333333333,NA,0.0266666666666667,0.0233333333333333,0.0233333333333333,0.04,0.04,0.0166666666666667,0.0566666666666667,0.04,0.05,0.683333333333333
167,548.153840762811,546.902761791105,544.731379433177,572.439551368475,NA,0,0,0,0,NA,0,27.7837951183319,196.95289533933,0.420186936855316,0.415426143010457,NA,0.416666666666667,NA,0.02,0.03,0.01,0.0366666666666667,0.03,0.0566666666666667,0.0466666666666667,0.05,0.0533333333333333,0.666666666666667
168,538.476779114642,562.831303275107,550.635529713467,572.329322455443,NA,0,0,0,0,NA,0,34.2488906383514,206.917468150457,0.535970437526703,0.527294619878133,NA,0.45,NA,0.01,0.01,0.0366666666666667,0.04,0.03,0.03,0.0466666666666667,0.0366666666666667,0.0466666666666667,0.713333333333333
169,546.227897336598,554.199132597795,550.157663881109,571.802360567533,NA,0,0,0,0,NA,0,17.5902712345123,142.449397250017,0.267915145556132,0.259977209568024,NA,0.49,NA,0.02,0.00666666666666667,0.04,0.0266666666666667,0.04,0.0533333333333333,0.03,0.04,0.0433333333333333,0.7
170,539.453311508302,567.05515660945,552.628733858886,565.444006956384,NA,0,0,0,0,NA,0,35.7143909931183,198.839874609311,0.442229036490122,0.43702925046285,NA,0.436666666666667,NA,0.0166666666666667,0.03,0.0233333333333333,0.0233333333333333,0.0466666666666667,0.0333333333333333,0.0533333333333333,0.0466666666666667,0.0566666666666667,0.67
171,543.347624782787,531.266888547886,554.276644804776,573.228421077648,NA,0,0,0,0,NA,0,29.5132372379303,207.773544871807,0.520350368817647,0.493096776803335,NA,0.366666666666667,NA,0.02,0.02,0.0133333333333333,0.04,0.0366666666666667,0.04,0.05,0.0366666666666667,0.0333333333333333,0.71
172,545.808924812328,575.440672171273,550.665045628819,574.7722052385,NA,0,0,0,0,NA,0,34.1048347949982,204.724875187874,0.531446234385173,0.537827221552531,NA,0.436666666666667,NA,0.02,0.0233333333333333,0.0266666666666667,0.02,0.03,0.0166666666666667,0.05,0.0366666666666667,0.0433333333333333,0.733333333333333
173,543.944319513656,551.856775323621,552.211410395091,566.957900564788,NA,0,0,0,0,NA,0,27.973961353302,198.362410831451,0.415691483020782,0.41808477640152,NA,0.433333333333333,NA,0.0266666666666667,0.01,0.02,0.0233333333333333,0.0366666666666667,0.04,0.05,0.0533333333333333,0.0233333333333333,0.716666666666667
174,550.937321782906,559.234989942815,552.812020612815,571.210732501091,NA,0,0,0,0,NA,0,27.0908079147339,194.594812806447,0.438879664738973,0.487115871906281,NA,0.423333333333333,NA,0.0466666666666667,0.0133333333333333,0.03,0.03,0.04,0.05,0.0366666666666667,0.05,0.0366666666666667,0.666666666666667
175,544.995943211555,572.036628689476,553.1393278386,576.02823281595,NA,0,0,0,0,NA,0,35.5574600696564,206.857002194722,0.524641664822896,0.530136462052663,NA,0.44,NA,0.0266666666666667,0.0133333333333333,0.03,0.0333333333333333,0.0333333333333333,0.0433333333333333,0.0466666666666667,0.0466666666666667,0.0433333333333333,0.683333333333333
176,546.559658980669,553.091017943335,558.127380364271,577.475985348698,NA,0,0,0,0,NA,0,16.5216300487518,122.485858527819,0.261818285783132,0.259197636445363,NA,0.443333333333333,NA,0.01,0.0266666666666667,0.0233333333333333,0.0466666666666667,0.0166666666666667,0.06,0.0466666666666667,0.0433333333333333,0.0366666666666667,0.69
177,538.15039540475,557.071337470078,550.010712857927,565.895154367844,NA,0,0,0,0,NA,0,28.1102378368378,195.978864339987,0.436053605874379,0.417491829395294,NA,0.456666666666667,NA,0.02,0.0133333333333333,0.03,0.0533333333333333,0.0333333333333333,0.0433333333333333,0.0433333333333333,0.06,0.0666666666666667,0.636666666666667
178,548.381513426182,546.712534831326,554.247595782988,576.560964910473,NA,0,0,0,0,NA,0,30.0482015609741,196.873000013828,0.487228965759277,0.450537443161011,NA,0.473333333333333,NA,0.02,0.0266666666666667,0.03,0.0466666666666667,0.05,0.05,0.0266666666666667,0.0233333333333333,0.0433333333333333,0.683333333333333
179,544.131721160653,538.897444494804,557.66957222007,579.325795169884,NA,0,0,0,0,NA,0,35.0983073711395,175.103586538633,0.287441166241964,0.281540640195211,NA,0.423333333333333,NA,0.0166666666666667,0.02,0.0233333333333333,0.03,0.0466666666666667,0.04,0.0633333333333333,0.0366666666666667,0.02,0.703333333333333
180,539.708802613947,567.985335814427,554.533959720822,579.483822190741,NA,0,0,0,0,NA,0,31.5702481269836,199.31099348863,0.513645235697428,0.483844165007273,NA,0.44,NA,0.0266666666666667,0.02,0.0333333333333333,0.0166666666666667,0.0533333333333333,0.0533333333333333,0.05,0.0233333333333333,0.03,0.693333333333333
181,547.74898950137,555.628214589454,557.150157785246,578.777584156573,NA,0,0,0,0,NA,0,31.5679466724396,218.330997137229,0.554296672344208,0.508772412935893,NA,0.45,NA,0.0166666666666667,0.0166666666666667,0.0333333333333333,0.0466666666666667,0.03,0.0366666666666667,0.0333333333333333,0.0433333333333333,0.0433333333333333,0.7
182,546.018326941479,555.267523361381,552.868848941261,574.63848796547,NA,0,0,0,0,NA,0,34.8378777503967,199.233568664392,0.516573242346446,0.561746613184611,NA,0.44,NA,0.02,0.0233333333333333,0.04,0.04,0.0366666666666667,0.0533333333333333,0.0366666666666667,0.0533333333333333,0.0233333333333333,0.673333333333333
183,546.88891648887,546.734116185052,557.604776991854,573.109537128836,NA,0,0,0,0,NA,0,16.8320593833923,124.937224197388,0.260929409662882,0.25699657201767,NA,0.48,NA,0.03,0.0133333333333333,0.0333333333333333,0.0333333333333333,0.0566666666666667,0.0333333333333333,0.0566666666666667,0.0333333333333333,0.0433333333333333,0.666666666666667
184,544.842401211023,544.680389889918,555.767486501997,580.773765132595,NA,0,0,0,0,NA,0,26.485648393631,206.399496269226,0.489072620868683,0.494880000750224,NA,0.496666666666667,NA,0.0166666666666667,0.02,0.0133333333333333,0.0433333333333333,0.0466666666666667,0.0433333333333333,0.0533333333333333,0.0466666666666667,0.0266666666666667,0.69
185,540.257646364158,569.144078331549,550.640357894621,574.006393457797,NA,0,0,0,0,NA,0,30.5507428646088,170.057478002707,0.288682091236114,0.290023763974508,NA,0.413333333333333,NA,0.01,0.0166666666666667,0.0233333333333333,0.0266666666666667,0.0333333333333333,0.0433333333333333,0.05,0.0433333333333333,0.0366666666666667,0.716666666666667
186,549.52463999918,550.499434322138,551.940264096447,573.36983911148,NA,0,0,0,0,NA,0,18.052666425705,147.48256076177,0.301420386632284,0.301824084917704,NA,0.436666666666667,NA,0.04,0.0233333333333333,0.0266666666666667,0.0333333333333333,0.0466666666666667,0.03,0.04,0.0333333333333333,0.0366666666666667,0.69
187,544.346398764018,574.982955442414,551.146494242562,574.931232901907,NA,0,0,0,0,NA,0,30.2927396297455,218.532084619999,0.503657201925913,0.514302738507589,NA,0.423333333333333,NA,0.03,0.01,0.03,0.0233333333333333,0.0333333333333333,0.0633333333333333,0.06,0.0366666666666667,0.02,0.693333333333333
188,549.664203713039,543.261202834453,559.433998801461,571.745370742497,NA,0,0,0,0,NA,0,30.0481889247894,213.52743481795,0.306954522927602,0.305342217286428,NA,0.496666666666667,NA,0.0266666666666667,0.01,0.04,0.0266666666666667,0.03,0.0366666666666667,0.0466666666666667,0.0666666666666667,0.06,0.656666666666667
189,545.168421040194,541.868676428271,552.793187927931,576.85651262075,NA,0,0,0,0,NA,0,39.952796459198,226.587050008774,0.6464453180631,0.640151305993398,NA,0.433333333333333,NA,0.0166666666666667,0.0166666666666667,0.0266666666666667,0.0266666666666667,0.03,0.0366666666666667,0.0433333333333333,0.03,0.0566666666666667,0.716666666666667
190,545.407800470078,568.249490367812,550.1200712391,576.60071957413,NA,0,0,0,0,NA,0,16.2786476612091,123.450427683194,0.254078181584676,0.249114449818929,NA,0.423333333333333,NA,0.0366666666666667,0.0266666666666667,0.0133333333333333,0.0433333333333333,0.0433333333333333,0.04,0.0366666666666667,0.0366666666666667,0.05,0.673333333333333
191,545.567346995974,558.121020938344,545.301795115921,572.307437181352,NA,0,0,0,0,NA,0,34.0182406902313,213.138939634959,0.645454235871633,0.641203204790751,NA,0.433333333333333,NA,0.0333333333333333,0.0133333333333333,0.0333333333333333,0.0166666666666667,0.0533333333333333,0.0433333333333333,0.0333333333333333,0.03,0.04,0.703333333333333
192,544.09222454246,558.577827640729,552.876971919168,572.914838983233,NA,0,0,0,0,NA,0,17.9543101787567,140.570913243294,0.299675031503042,0.305718998114268,NA,0.4,NA,0.02,0.0266666666666667,0.0233333333333333,0.0233333333333333,0.0433333333333333,0.0433333333333333,0.0366666666666667,0.0233333333333333,0.0366666666666667,0.723333333333333
193,544.926123142886,561.223717316732,553.605362158596,579.208902270521,NA,0,0,0,0,NA,0,19.3328969478607,150.274620827039,0.308591842651367,0.303808184464773,NA,0.376666666666667,NA,0.02,0.0233333333333333,0.01,0.0166666666666667,0.0333333333333333,0.0533333333333333,0.0366666666666667,0.0466666666666667,0.05,0.71
194,541.279828635753,564.240673586863,550.136619564406,576.867141045022,NA,0,0,0,0,NA,0,33.2063159942627,157.000652786096,0.289448428153992,0.287054983774821,NA,0.456666666666667,NA,0.0166666666666667,0.0333333333333333,0.0266666666666667,0.03,0.02,0.0466666666666667,0.0433333333333333,0.0466666666666667,0.0433333333333333,0.693333333333333
195,534.960620654883,548.966461512043,555.71831485133,578.363541223587,NA,0,0,0,0,NA,0,19.0921623706818,197.961389942964,0.26484382947286,0.257530756791433,NA,0.426666666666667,NA,0.02,0.00666666666666667,0.0166666666666667,0.0466666666666667,0.0533333333333333,0.0566666666666667,0.02,0.0333333333333333,0.0433333333333333,0.703333333333333
196,543.868699827966,542.635925939756,561.547227955303,584.162363912316,NA,0,0,0,0,NA,0,41.2727460861206,182.930864055951,0.282902495066325,0.28000389734904,NA,0.42,NA,0.0233333333333333,0.0133333333333333,0.0233333333333333,0.02,0.06,0.0433333333333333,0.0433333333333333,0.0433333333333333,0.0466666666666667,0.683333333333333
197,546.137194098515,562.064423842809,554.955254671405,574.591770207852,NA,0,0,0,0,NA,0,15.9260859489441,126.552558457851,0.295305081208547,0.283970463275909,NA,0.46,NA,0.02,0.0166666666666667,0.0233333333333333,0.0566666666666667,0.07,0.0566666666666667,0.05,0.0166666666666667,0.03,0.66
198,540.669556166867,577.702737268129,556.316843846508,581.050277280648,NA,0,0,0,0,NA,0,41.9020085334778,197.028469181061,0.276045600573222,0.271494913101196,NA,0.45,NA,0.03,0.02,0.01,0.0366666666666667,0.04,0.0433333333333333,0.05,0.04,0.05,0.68
199,545.966156918109,552.932761334225,551.492297237172,573.227853256452,NA,0,0,0,0,NA,0,19.7072899341583,199.943311818441,0.520154639085134,0.501091480255127,NA,0.426666666666667,NA,0.02,0.02,0.0233333333333333,0.05,0.03,0.0466666666666667,0.0233333333333333,0.07,0.0466666666666667,0.67
200,536.471348295258,571.032281324039,550.911309626101,578.262043577481,NA,0,0,0,0,NA,0,18.860773563385,144.532587226232,0.263425465424856,0.263318717479706,NA,0.443333333333333,NA,0.02,0.0233333333333333,0.0233333333333333,0.0233333333333333,0.02,0.0433333333333333,0.04,0.05,0.0366666666666667,0.72
