"no","observed","IHsurvrf","trt1","trt0","trueopt","avg.prop.match.opt.obs","avg.prop.match.opt.IHsurvrf","avg.prop.match.opt.trt1","avg.prop.match.opt.trt0","avg.prop.match.opt.trueopt","change.integral","time.obs","time.IHsurvrf","time.trt1","time.trt0","time.trueopt","proportion.censor","num.convergence.it","n_1","n_2","n_3","n_4","n_5","n_6","n_7","n_8","n_9","n_10"
52,477.944469072035,488.022459459057,487.481710006275,508.62753852332,NA,0,0,0,0,NA,0,29.9519810676575,421.700892651081,0.40905735095342,0.410441792011261,NA,0.27,NA,0.01,0.018,0.01,0.036,0.052,0.038,0.038,0.056,0.036,0.706
53,478.442341759674,522.63419432237,488.792073509036,510.376241874099,NA,0,0,0,0,NA,0,31.3018329143524,421.182844384511,0.256464517116547,0.259924467404683,NA,0.256,NA,0.014,0.004,0.018,0.036,0.03,0.042,0.036,0.056,0.034,0.73
54,482.248999036191,480.921894400314,485.81989222274,508.639160974853,NA,0,0,0,0,NA,0,31.2807424068451,411.731059908867,0.480441308021545,0.465925208727519,NA,0.266,NA,0.018,0.012,0.014,0.028,0.052,0.05,0.05,0.028,0.032,0.716
55,481.513369920882,471.898221564611,486.324926929022,510.648313614423,NA,0,0,0,0,NA,0,18.0533185005188,294.729483139515,0.499357144037883,0.48112446864446,NA,0.26,NA,0.016,0.014,0.022,0.03,0.042,0.032,0.038,0.042,0.038,0.726
56,477.651942195731,480.398668111817,485.21410981371,509.062273039457,NA,0,0,0,0,NA,0,31.0472271442413,405.289652383328,0.461420861879985,0.455246082941691,NA,0.3,NA,0.018,0.012,0.02,0.022,0.04,0.04,0.044,0.04,0.038,0.726
57,478.222108200138,492.390314931612,488.683403158102,511.062313739509,NA,0,0,0,0,NA,0,31.076042175293,451.120296748479,0.489382445812225,0.484088496367137,NA,0.282,NA,0.012,0.016,0.018,0.022,0.038,0.04,0.026,0.066,0.036,0.726
59,475.456952578024,496.38162266333,486.681276343869,519.301620427972,NA,0,0,0,0,NA,0,27.7540578842163,395.449003279209,0.252875804901123,0.24512345790863,NA,0.25,NA,0.022,0.018,0.024,0.046,0.022,0.032,0.03,0.044,0.046,0.716
60,480.87217086335,499.004261595284,490.312503151466,510.429136589375,NA,0,0,0,0,NA,0,16.7667770385742,348.933434315523,0.495696906248728,0.496781520048777,NA,0.256,NA,0.024,0.03,0.026,0.038,0.024,0.056,0.044,0.042,0.026,0.69
61,466.698889980599,490.539265166195,489.92105251701,515.725171826879,NA,0,0,0,0,NA,0,29.8579535484314,431.907689587275,0.498472595214844,0.492687221368154,NA,0.254,NA,0.018,0.02,0.026,0.022,0.024,0.042,0.042,0.04,0.03,0.736
62,478.280572357314,479.702989586044,488.936360321861,499.785301118494,NA,0,0,0,0,NA,0,31.5494973659515,401.553054300944,0.516418544451396,0.511549023787181,NA,0.302,NA,0.018,0.024,0.016,0.022,0.04,0.034,0.046,0.052,0.034,0.714
63,477.921859285882,481.434835486471,492.3032788824,513.165896127692,NA,0,0,0,0,NA,0,30.0276856422424,425.654626095295,0.26149316628774,0.264182945092519,NA,0.294,NA,0.016,0.014,0.014,0.03,0.036,0.046,0.038,0.044,0.036,0.726
64,470.504528453494,492.647328414242,496.17540282705,514.588198534895,NA,0,0,0,0,NA,0,30.9570162296295,384.370326558749,0.458090202013652,0.472256803512573,NA,0.34,NA,0.02,0.014,0.016,0.02,0.024,0.04,0.048,0.032,0.046,0.74
66,476.066375507949,469.531822698346,490.633420650031,507.223232598811,NA,0,0,0,0,NA,0,15.5914289951324,260.118781340122,0.261450322469076,0.26147038936615,NA,0.288,NA,0.022,0.014,0.022,0.032,0.038,0.034,0.046,0.05,0.048,0.694
67,470.927865138233,480.745227237894,490.855500227056,512.880057837642,NA,0,0,0,0,NA,0,32.5157554149628,466.050983877977,0.448800094922384,0.442820616563161,NA,0.276,NA,0.016,0.018,0.016,0.014,0.03,0.046,0.032,0.028,0.038,0.762
68,480.849057044712,495.358303957115,484.035453430371,506.484815914455,NA,0,0,0,0,NA,0,32.6840341091156,431.797890683015,0.467901349067688,0.464331718285878,NA,0.28,NA,0.012,0.014,0.02,0.044,0.038,0.038,0.046,0.058,0.028,0.702
69,475.174789400549,490.679588837752,494.991733981301,510.380512162054,NA,0,0,0,0,NA,0,33.0853433609009,435.156053713957,0.277869383494059,0.268584569295247,NA,0.292,NA,0.014,0.016,0.026,0.026,0.062,0.032,0.068,0.038,0.028,0.69
70,471.776202065186,506.82023522979,492.119891075763,510.87119802878,NA,0,0,0,0,NA,0,17.4434146881104,302.382031679153,0.503302017847697,0.492201828956604,NA,0.234,NA,0.022,0.01,0.018,0.032,0.032,0.02,0.024,0.036,0.038,0.768
71,476.799039809518,468.806432570042,484.846114133373,514.06569764143,NA,0,0,0,0,NA,0,31.1883568763733,444.536188964049,0.487804798285166,0.48404807249705,NA,0.308,NA,0.016,0.014,0.032,0.028,0.04,0.03,0.05,0.044,0.036,0.71
73,476.289200995498,482.828369687342,482.770675834013,510.728747033167,NA,0,0,0,0,NA,0,16.5738580226898,259.808583871524,0.252701314290365,0.250416970252991,NA,0.274,NA,0.032,0.018,0.028,0.026,0.048,0.036,0.038,0.042,0.022,0.71
74,476.820449550339,465.165169327411,481.868955675993,506.428255862393,NA,0,0,0,0,NA,0,29.1446847915649,464.221257078648,0.499287346998851,0.493100575606028,NA,0.292,NA,0.012,0.012,0.022,0.03,0.054,0.036,0.03,0.044,0.046,0.714
75,472.006044728963,477.892588175875,489.56017712632,511.308962107559,NA,0,0,0,0,NA,0,30.9117290973663,468.232576394081,0.456342542171478,0.448623812198639,NA,0.254,NA,0.024,0.018,0.024,0.03,0.016,0.018,0.028,0.068,0.046,0.728
76,474.939647573222,485.75795446849,482.172643788155,504.034824360396,NA,0,0,0,0,NA,0,17.230973482132,293.877005596956,0.265428300698598,0.264050384362539,NA,0.224,NA,0.02,0.014,0.014,0.022,0.038,0.022,0.032,0.044,0.036,0.758
77,469.990779486271,483.990398025702,491.411342686626,513.281082484922,NA,0,0,0,0,NA,0,33.2213890552521,437.591317824523,0.453259118398031,0.455428731441498,NA,0.294,NA,0.022,0.018,0.02,0.026,0.042,0.05,0.042,0.04,0.03,0.71
78,479.868212873099,497.961544707967,489.709428100642,511.569966628331,NA,0,0,0,0,NA,0,30.6275501251221,381.666610161463,0.27474000453949,0.27373210589091,NA,0.29,NA,0.014,0.02,0.012,0.024,0.044,0.052,0.034,0.032,0.036,0.732
80,479.770212889639,472.683792191893,485.859147139279,504.192891894013,NA,0,0,0,0,NA,0,16.0972201824188,273.133835113049,0.264434500535329,0.255018846193949,NA,0.318,NA,0.018,0.026,0.014,0.022,0.038,0.048,0.034,0.032,0.046,0.722
81,472.303644620401,497.49503036739,490.453672737443,504.937809820436,NA,0,0,0,0,NA,0,32.4594683647156,479.86998903354,0.473024264971415,0.448225998878479,NA,0.26,NA,0.016,0.018,0.012,0.044,0.036,0.032,0.054,0.044,0.032,0.712
82,471.3955708285,480.895042445397,488.182576808752,508.255065735367,NA,0,0,0,0,NA,0,29.5134339332581,489.75290453434,0.440238591035207,0.453536192576091,NA,0.272,NA,0.008,0.022,0.032,0.032,0.034,0.032,0.036,0.036,0.042,0.726
83,474.725707435683,503.455297879809,483.656391613249,501.471335928639,NA,0,0,0,0,NA,0,17.2625675201416,379.789061224461,0.456867210070292,0.44939086039861,NA,0.286,NA,0.014,0.02,0.03,0.028,0.022,0.048,0.028,0.03,0.036,0.744
84,482.491346951548,471.118170987906,489.674963429647,511.464536554859,NA,0,0,0,0,NA,0,28.8685183525085,461.870066086451,0.525368507703145,0.520150419076284,NA,0.282,NA,0.012,0.014,0.02,0.028,0.044,0.036,0.042,0.042,0.042,0.72
85,473.900162261466,490.694998262597,489.957693186908,505.545743129941,NA,0,0,0,0,NA,0,17.5743455886841,293.554794005553,0.296553134918213,0.285537890593211,NA,0.282,NA,0.022,0.024,0.014,0.036,0.036,0.036,0.052,0.032,0.034,0.714
87,478.949120145556,475.945188411845,487.766779608144,510.222456744635,NA,0,0,0,0,NA,0,16.2086138725281,280.208815316359,0.251393306255341,0.253808625539144,NA,0.286,NA,0.012,0.018,0.022,0.032,0.034,0.03,0.032,0.03,0.042,0.748
88,473.764340168161,479.868761909504,489.712899351438,515.247213629883,NA,0,0,0,0,NA,0,29.4598565101624,446.257978987694,0.262628916899363,0.270249056816101,NA,0.244,NA,0.01,0.016,0.022,0.03,0.028,0.04,0.046,0.034,0.034,0.74
89,482.979971434353,500.45573021623,490.964155392303,509.162974840701,NA,0,0,0,0,NA,0,33.3422102928162,437.685988283157,0.456006725629171,0.454249680042267,NA,0.286,NA,0.016,0.008,0.022,0.028,0.066,0.024,0.044,0.036,0.054,0.702
90,475.153248803045,492.19529234283,494.258357843389,514.987357533507,NA,0,0,0,0,NA,0,29.0742185115814,475.919275613626,0.442862049738566,0.435192088286082,NA,0.32,NA,0.012,0.032,0.028,0.036,0.022,0.038,0.04,0.054,0.036,0.702
91,474.600036355364,470.377359813379,489.378247265824,505.159746462618,NA,0,0,0,0,NA,0,33.4704794883728,372.676609285672,0.449659510453542,0.446775571505229,NA,0.252,NA,0.02,0.02,0.02,0.028,0.034,0.03,0.032,0.042,0.042,0.732
92,474.254872202062,501.076582593536,494.265288760051,517.509825039414,NA,0,0,0,0,NA,0,18.4408597946167,375.175476841132,0.266941249370575,0.262432551383972,NA,0.296,NA,0.018,0.018,0.024,0.026,0.046,0.044,0.05,0.052,0.054,0.668
94,479.405625160614,505.178911646969,478.320257215494,500.903791656515,NA,0,0,0,0,NA,0,16.6104261875153,267.037756423155,0.25079349676768,0.247875650723775,NA,0.276,NA,0.014,0.022,0.028,0.036,0.032,0.04,0.038,0.044,0.04,0.706
95,474.253916958498,499.933894517755,479.983437886831,511.533666014026,NA,0,0,0,0,NA,0,17.478346824646,278.868513735135,0.260069723924001,0.275116566816966,NA,0.28,NA,0.016,0.012,0.022,0.038,0.03,0.044,0.04,0.026,0.048,0.724
96,471.346597381947,502.505722273365,486.312015400478,505.770366237921,NA,0,0,0,0,NA,0,29.4034719467163,272.413178078334,0.256105856100718,0.260570712884267,NA,0.274,NA,0.012,0.016,0.028,0.028,0.04,0.026,0.032,0.05,0.04,0.728
97,475.231120256611,490.903209428965,483.834800117853,509.0304547608,NA,0,0,0,0,NA,0,28.5367648601532,404.245392056306,0.265470552444458,0.26117883125941,NA,0.226,NA,0.02,0.022,0.014,0.024,0.038,0.04,0.042,0.034,0.024,0.742
98,471.161260135913,505.680352564881,487.624185184434,508.479811550534,NA,0,0,0,0,NA,0,29.5237193107605,373.360457189878,0.26763174533844,0.261104945341746,NA,0.282,NA,0.018,0.028,0.03,0.03,0.048,0.034,0.048,0.048,0.028,0.688
99,472.856442074587,483.994547193399,488.600094664651,512.574443459153,NA,0,0,0,0,NA,0,16.9906952381134,287.675393970807,0.264186449845632,0.266468143463135,NA,0.276,NA,0.014,0.022,0.014,0.032,0.036,0.054,0.04,0.04,0.038,0.71
