"no","observed","IHsurvrf","trt1","trt0","trueopt","avg.prop.match.opt.obs","avg.prop.match.opt.IHsurvrf","avg.prop.match.opt.trt1","avg.prop.match.opt.trt0","avg.prop.match.opt.trueopt","change.integral","time.obs","time.IHsurvrf","time.trt1","time.trt0","time.trueopt","proportion.censor","num.convergence.it","n_1","n_2","n_3","n_4","n_5","n_6","n_7","n_8","n_9","n_10"
234,475.448356533151,482.524899379923,492.395710525465,511.886436815087,NA,0,0,0,0,NA,0,16.8047831058502,311.049470937252,0.434630870819092,0.41990157365799,NA,0.266,NA,0.012,0.012,0.024,0.032,0.022,0.06,0.04,0.036,0.034,0.728
235,477.612975157914,500.515007776697,496.233022112294,512.482217296446,NA,0,0,0,0,NA,0,29.5489540100098,340.692488495509,0.396507283051809,0.406597415606181,NA,0.284,NA,0.018,0.02,0.024,0.03,0.048,0.046,0.042,0.03,0.04,0.702
236,477.415192064363,497.668790334635,490.349233224061,511.657612450372,NA,0,0,0,0,NA,0,24.3899207115173,312.203022929033,0.350793321927388,0.334474941094716,NA,0.24,NA,0.024,0.01,0.024,0.032,0.034,0.044,0.038,0.04,0.044,0.71
237,481.375897220433,510.996146396593,491.41173696817,511.497927989369,NA,0,0,0,0,NA,0,26.8924744129181,367.017222615083,0.291548907756805,0.280599363644918,NA,0.292,NA,0.01,0.012,0.008,0.032,0.026,0.042,0.032,0.028,0.044,0.766
238,478.991517971606,497.424445684069,493.081660176544,516.395440965523,NA,0,0,0,0,NA,0,29.6921000480652,375.017806665103,0.39870666662852,0.405249333381653,NA,0.28,NA,0.026,0.01,0.026,0.032,0.052,0.034,0.032,0.034,0.048,0.706
239,475.789106457665,488.426013176446,484.779036974572,514.464874677089,NA,0,0,0,0,NA,0,26.6827299594879,389.972103087107,0.259087117513021,0.247310201327006,NA,0.28,NA,0.01,0.02,0.018,0.032,0.034,0.038,0.036,0.048,0.026,0.738
240,482.181372224834,495.786649000919,492.955089153921,509.317373602412,NA,0,0,0,0,NA,0,27.209333896637,293.247202058633,0.451439634958903,0.428244598706563,NA,0.272,NA,0.02,0.008,0.016,0.03,0.032,0.046,0.042,0.044,0.034,0.728
241,477.0420138251,480.831286824527,491.568366146166,510.342862411613,NA,0,0,0,0,NA,0,21.7728991508484,343.009792073568,0.266266079743703,0.267071676254272,NA,0.302,NA,0.01,0.018,0.012,0.028,0.042,0.034,0.024,0.04,0.04,0.752
242,469.869367527803,474.745200055707,488.523383077625,511.167832648361,NA,0,0,0,0,NA,0,18.6425693035126,305.629293115934,0.376917807261149,0.378669901688894,NA,0.262,NA,0.016,0.008,0.014,0.034,0.03,0.03,0.038,0.062,0.034,0.734
243,477.86059203479,491.426832937508,489.113180969601,508.561489270895,NA,0,0,0,0,NA,0,25.7783110141754,344.748442586263,0.248697197437286,0.251960607369741,NA,0.298,NA,0.02,0.02,0.026,0.04,0.032,0.038,0.034,0.046,0.042,0.702
