"no","observed","IHsurvrf","trt1","trt0","trueopt","avg.prop.match.opt.obs","avg.prop.match.opt.IHsurvrf","avg.prop.match.opt.trt1","avg.prop.match.opt.trt0","avg.prop.match.opt.trueopt","change.integral","time.obs","time.IHsurvrf","time.trt1","time.trt0","time.trueopt","proportion.censor","num.convergence.it","n_1","n_2","n_3","n_4","n_5","n_6","n_7","n_8","n_9","n_10"
1,474.618010912722,505.749850883248,489.265689247,508.254518043016,NA,0,0,0,0,NA,0,34.5550367832184,471.392589362462,0.466446554660797,0.461109145482381,NA,0.278,NA,0.016,0.026,0.012,0.028,0.024,0.034,0.036,0.038,0.03,0.756
2,475.6599692753,492.828814194214,492.20361404517,513.930643850099,NA,0,0,0,0,NA,0,34.6513648033142,454.935726483663,0.439086111386617,0.438674708207448,NA,0.28,NA,0.024,0.02,0.024,0.036,0.038,0.04,0.04,0.04,0.036,0.702
3,479.757244929038,484.549932462399,482.285259911907,509.043709880155,NA,0,0,0,0,NA,0,34.6161596775055,487.379597353935,0.449386135737101,0.44704878727595,NA,0.264,NA,0.018,0.024,0.016,0.02,0.04,0.042,0.032,0.044,0.036,0.728
4,482.336763483309,473.23990420479,486.408387832198,503.26063289073,NA,0,0,0,0,NA,0,20.1989116668701,436.624379467964,0.546422676245372,0.561928447087606,NA,0.294,NA,0.02,0.014,0.022,0.036,0.052,0.044,0.05,0.03,0.04,0.692
5,478.071118968429,479.413622738501,491.698002794445,518.255842047697,NA,0,0,0,0,NA,0,34.6052265167236,418.753314153353,0.473283370335897,0.459962805112203,NA,0.28,NA,0.018,0.026,0.018,0.022,0.048,0.046,0.028,0.048,0.028,0.718
7,470.976476595523,513.296901449091,487.710180072748,505.786046412212,NA,0,0,0,0,NA,0,34.5872492790222,460.370210715135,0.587988412380218,0.573060488700867,NA,0.258,NA,0.02,0.01,0.02,0.014,0.026,0.04,0.028,0.05,0.03,0.762
8,476.625870011208,480.777552751233,480.234699592731,504.249809613485,NA,0,0,0,0,NA,0,30.1122717857361,420.121785517534,0.451717170079549,0.440966478983561,NA,0.256,NA,0.014,0.02,0.016,0.034,0.034,0.04,0.036,0.044,0.032,0.73
9,474.937469219756,485.177659450549,487.233426981876,512.566804409303,NA,0,0,0,0,NA,0,27.6334233283997,425.57129427592,0.256215119361877,0.259085861841838,NA,0.242,NA,0.014,0.018,0.028,0.032,0.03,0.044,0.048,0.034,0.046,0.706
10,482.514862327191,478.74637746897,486.759070074039,505.694503407281,NA,0,0,0,0,NA,0,29.9712252616882,415.598527602355,0.291709899902344,0.278250380357107,NA,0.24,NA,0.012,0.016,0.016,0.032,0.026,0.046,0.054,0.042,0.038,0.718
11,477.999031293221,486.302270828138,492.750093749287,508.129059940178,NA,0,0,0,0,NA,0,36.3922946453094,443.330042254925,0.601913587252299,0.616842714945475,NA,0.282,NA,0.004,0.022,0.026,0.038,0.054,0.04,0.066,0.032,0.032,0.686
12,480.052268356486,493.959972251061,488.801391747413,513.216138790702,NA,0,0,0,0,NA,0,30.3862445354462,387.422896619638,0.255198383331299,0.253661354382833,NA,0.282,NA,0.016,0.018,0.016,0.03,0.036,0.036,0.036,0.042,0.038,0.732
14,471.171479082278,453.791316356137,488.153264794281,506.651701441751,NA,0,0,0,0,NA,0,37.1383092403412,397.527641105652,0.278892807165782,0.265940248966217,NA,0.294,NA,0.012,0.022,0.014,0.034,0.028,0.028,0.03,0.046,0.028,0.758
15,475.505614688068,485.623001996007,486.610457274875,507.55222715761,NA,0,0,0,0,NA,0,28.9713888168335,422.428830019633,0.513924467563629,0.504609103997548,NA,0.276,NA,0.01,0.024,0.02,0.026,0.04,0.03,0.036,0.036,0.042,0.736
16,473.650108952914,485.787200936679,485.970289446118,516.06073523605,NA,0,0,0,0,NA,0,17.0616309642792,318.919163839022,0.263587673505147,0.26453857421875,NA,0.274,NA,0.012,0.024,0.004,0.036,0.048,0.04,0.042,0.032,0.046,0.716
17,477.766231512378,489.802442850219,485.434420199623,510.380918287174,NA,0,0,0,0,NA,0,17.7288100719452,363.638539719582,0.530973374843597,0.541497814655304,NA,0.282,NA,0.01,0.01,0.008,0.038,0.028,0.032,0.04,0.046,0.038,0.75
18,478.985413713333,503.746440014813,485.686185218195,509.449308533385,NA,0,0,0,0,NA,0,40.0797522068024,438.667729405562,0.478712205092112,0.471306804815928,NA,0.292,NA,0.016,0.024,0.016,0.02,0.038,0.06,0.038,0.042,0.034,0.712
19,473.873626013026,495.989722615225,483.075136173773,508.032812645796,NA,0,0,0,0,NA,0,16.4287467002869,336.750013669332,0.26586149930954,0.262849338849386,NA,0.246,NA,0.012,0.02,0.02,0.046,0.022,0.056,0.042,0.042,0.034,0.706
21,470.792550519398,484.786807924475,489.036696479081,513.609310756812,NA,0,0,0,0,NA,0,16.7376003265381,426.137701094151,0.434353121121724,0.441883325576782,NA,0.296,NA,0.01,0.02,0.03,0.02,0.042,0.036,0.042,0.042,0.056,0.702
22,474.372453800819,466.075351975247,485.762243057291,507.423599784487,NA,0,0,0,0,NA,0,33.0688152313232,432.199412178993,0.552596461772919,0.540207246939341,NA,0.276,NA,0.016,0.022,0.01,0.028,0.03,0.032,0.038,0.042,0.04,0.742
23,473.730033156654,498.321372214894,480.196683228071,507.57850325564,NA,0,0,0,0,NA,0,17.0860295295715,332.297244083881,0.464961862564087,0.456342621644338,NA,0.288,NA,0.014,0.018,0.03,0.03,0.038,0.036,0.046,0.042,0.038,0.708
24,476.999700128332,496.354658292188,495.093285694436,511.81086505593,NA,0,0,0,0,NA,0,36.1477069854736,372.077207116286,0.274390741189321,0.265991445382436,NA,0.256,NA,0.016,0.014,0.018,0.036,0.026,0.04,0.03,0.044,0.034,0.742
25,478.478649375022,488.679625680834,485.154870478653,511.883256872102,NA,0,0,0,0,NA,0,29.8447065353394,434.501361517111,0.449920074144999,0.448003741105398,NA,0.282,NA,0.018,0.02,0.018,0.036,0.046,0.04,0.048,0.032,0.026,0.716
26,482.445494430913,508.885379120102,487.763614302539,514.034642553431,NA,0,0,0,0,NA,0,17.49658203125,266.916557820638,0.255410222212474,0.255529431502024,NA,0.266,NA,0.016,0.018,0.024,0.032,0.038,0.054,0.044,0.03,0.036,0.708
28,472.797380599171,491.989870444342,490.419198181196,510.352038122073,NA,0,0,0,0,NA,0,29.4334189891815,308.364795863628,0.264351308345795,0.26120932896932,NA,0.272,NA,0.02,0.024,0.014,0.038,0.052,0.042,0.054,0.052,0.046,0.658
29,478.259294550316,493.031835308533,485.200130412797,507.612331933677,NA,0,0,0,0,NA,0,33.9060387611389,433.216966438293,0.498379961649577,0.499409087498983,NA,0.288,NA,0.014,0.018,0.016,0.026,0.034,0.04,0.038,0.05,0.04,0.724
30,474.715777460666,476.908756835055,485.552064754083,511.14685794536,NA,0,0,0,0,NA,0,30.3510375022888,351.525352076689,0.261481002966563,0.263626980781555,NA,0.288,NA,0.006,0.022,0.026,0.032,0.026,0.026,0.028,0.036,0.032,0.766
31,479.645603127074,484.492862662647,490.113329661694,509.08947407857,NA,0,0,0,0,NA,0,17.2478833198547,306.258369994164,0.31541645526886,0.454498326778412,NA,0.308,NA,0.022,0.014,0.022,0.014,0.024,0.042,0.03,0.052,0.036,0.744
32,478.875345962076,502.604902816076,488.105761398546,510.926473784428,NA,0,0,0,0,NA,0,30.3897361755371,446.571120965481,0.429503055413564,0.438068036238352,NA,0.276,NA,0.004,0.02,0.012,0.032,0.036,0.058,0.032,0.042,0.052,0.712
33,480.41344778196,485.189318680706,497.861771590507,518.601693198435,NA,0,0,0,0,NA,0,16.9552624225616,319.21024163564,0.265286314487457,0.264129928747813,NA,0.3,NA,0.024,0.024,0.022,0.042,0.038,0.028,0.034,0.026,0.038,0.724
35,479.183377985607,486.896183712341,482.888698443136,505.557564864092,NA,0,0,0,0,NA,0,16.863926410675,391.197473653158,0.257927103837331,0.260661725203196,NA,0.288,NA,0.016,0.016,0.016,0.022,0.024,0.03,0.034,0.032,0.068,0.742
36,473.430140194576,471.23010531675,490.080611566926,515.01006825353,NA,0,0,0,0,NA,0,33.0048682689667,398.884245244662,0.265774238109589,0.258684134483337,NA,0.288,NA,0.014,0.014,0.01,0.028,0.042,0.036,0.046,0.038,0.032,0.74
37,472.059334513339,495.24626029776,487.42104504183,512.278760225634,NA,0,0,0,0,NA,0,17.48947930336,280.335055418809,0.27292906443278,0.265485012531281,NA,0.284,NA,0.022,0.012,0.024,0.038,0.026,0.046,0.03,0.024,0.03,0.748
38,477.288833543652,495.075584130452,485.687888265675,514.135217001106,NA,0,0,0,0,NA,0,28.8478007316589,381.228384534518,0.265442617734273,0.257856742540995,NA,0.276,NA,0.016,0.028,0.016,0.026,0.036,0.044,0.048,0.042,0.04,0.704
39,472.132551282754,474.825444891933,489.691319025825,514.053479947426,NA,0,0,0,0,NA,0,29.0803456306458,394.491091251373,0.255982184410095,0.261139440536499,NA,0.316,NA,0.016,0.012,0.016,0.044,0.042,0.052,0.026,0.04,0.048,0.704
40,476.516207109613,484.817278546553,490.851105034948,506.845509435657,NA,0,0,0,0,NA,0,16.5966265201569,385.1380245169,0.444568765163422,0.445077689488729,NA,0.3,NA,0.02,0.026,0.02,0.036,0.028,0.044,0.04,0.05,0.04,0.696
42,481.589198733327,483.696061743515,492.622353534045,511.463150214188,NA,0,0,0,0,NA,0,17.5025987625122,280.638412161668,0.25944949388504,0.263786713282267,NA,0.292,NA,0.022,0.006,0.028,0.02,0.028,0.048,0.048,0.034,0.05,0.716
43,468.671263063673,485.211532539007,489.917390800781,512.045917953076,NA,0,0,0,0,NA,0,16.4149932861328,262.287521036466,0.251557433605194,0.248542865117391,NA,0.298,NA,0.02,0.02,0.016,0.022,0.036,0.048,0.036,0.04,0.048,0.714
44,472.307323848164,498.389029185885,487.496111577632,515.310212770654,NA,0,0,0,0,NA,0,17.1505181789398,407.882354231675,0.439856072266897,0.45278209845225,NA,0.27,NA,0.012,0.024,0.032,0.018,0.028,0.042,0.036,0.042,0.038,0.728
45,474.94755067799,489.546070943818,486.869156128384,513.891300909233,NA,0,0,0,0,NA,0,16.2866661548615,276.250284163157,0.283185199896495,0.275763563315074,NA,0.254,NA,0.032,0.026,0.022,0.028,0.028,0.034,0.038,0.028,0.046,0.718
46,478.694406707132,484.022997482483,492.407818031884,510.976468087573,NA,0,0,0,0,NA,0,16.7286584377289,263.00172808965,0.2574214220047,0.250521941979726,NA,0.266,NA,0.03,0.018,0.012,0.026,0.04,0.046,0.054,0.046,0.052,0.676
47,475.270282242682,475.699511100865,487.663545028402,511.069767040302,NA,0,0,0,0,NA,0,28.4969992637634,406.615804517269,0.255969679355621,0.253510407606761,NA,0.256,NA,0.012,0.012,0.02,0.026,0.036,0.04,0.04,0.04,0.038,0.736
49,473.336081471126,509.194944081302,490.848632107816,512.042247090469,NA,0,0,0,0,NA,0,17.401046037674,337.085539698601,0.265425936381022,0.272387953599294,NA,0.29,NA,0.022,0.014,0.02,0.032,0.044,0.04,0.034,0.034,0.052,0.708
50,474.99438761448,496.435019439273,482.612345354751,509.254185256066,NA,0,0,0,0,NA,0,16.1087944507599,257.891951584816,0.256220893065135,0.253967003027598,NA,0.272,NA,0.02,0.018,0.032,0.022,0.032,0.038,0.026,0.038,0.028,0.746
