"no","observed","IHsurvrf","trt1","trt0","trueopt","avg.prop.match.opt.obs","avg.prop.match.opt.IHsurvrf","avg.prop.match.opt.trt1","avg.prop.match.opt.trt0","avg.prop.match.opt.trueopt","change.integral","time.obs","time.IHsurvrf","time.trt1","time.trt0","time.trueopt","proportion.censor","num.convergence.it","n_1","n_2","n_3","n_4","n_5","n_6","n_7","n_8","n_9","n_10"
101,541.428539971767,566.853675075146,550.789812368036,570.460819831075,NA,0,0,0,0,NA,0,35.2884094715118,206.824336763223,0.743590450286865,0.734833923975627,NA,0.433333333333333,NA,0.0266666666666667,0.03,0.0266666666666667,0.05,0.04,0.0233333333333333,0.0566666666666667,0.06,0.0466666666666667,0.64
102,544.562933146465,575.339433655094,556.303370266098,570.588237892274,NA,0,0,0,0,NA,0,35.6824512481689,235.407230047385,0.573541204134623,0.58658744096756,NA,0.48,NA,0.0233333333333333,0.0133333333333333,0.02,0.04,0.05,0.0466666666666667,0.0633333333333333,0.0633333333333333,0.0433333333333333,0.636666666666667
103,539.460212498408,561.481353524907,548.155433212484,576.398378991296,NA,0,0,0,0,NA,0,26.4890511035919,222.943272606532,0.695204981168111,0.700807396570841,NA,0.46,NA,0.02,0.02,0.0166666666666667,0.0566666666666667,0.0466666666666667,0.04,0.0533333333333333,0.0333333333333333,0.05,0.663333333333333
104,547.784721316857,542.394473422975,550.350150630732,570.976756130413,NA,0,0,0,0,NA,0,34.2790577411652,135.748578472932,0.309913976987203,0.314189704259237,NA,0.433333333333333,NA,0.04,0.0266666666666667,0.0133333333333333,0.0333333333333333,0.03,0.02,0.0233333333333333,0.0466666666666667,0.0433333333333333,0.723333333333333
105,546.361134330547,545.654492745496,552.227642949582,570.592975593654,NA,0,0,0,0,NA,0,33.5337080955505,238.798576406638,0.555094540119171,0.630855325857798,NA,0.376666666666667,NA,0.02,0.0166666666666667,0.0233333333333333,0.0433333333333333,0.0566666666666667,0.0333333333333333,0.0233333333333333,0.02,0.0466666666666667,0.716666666666667
106,553.666576236593,576.14240599209,557.153760279777,580.227075711147,NA,0,0,0,0,NA,0,27.8041608333588,197.830440278848,0.696184587478638,0.699105938275655,NA,0.513333333333333,NA,0.0433333333333333,0.0266666666666667,0.00666666666666667,0.0466666666666667,0.04,0.0633333333333333,0.03,0.06,0.0433333333333333,0.64
107,537.707026515092,537.254219460532,548.243005880464,574.482873543399,NA,0,0,0,0,NA,0,34.2616748809814,220.377694789569,0.577878789107005,0.634776190916697,NA,0.436666666666667,NA,0.02,0.03,0.0233333333333333,0.04,0.0366666666666667,0.0433333333333333,0.0433333333333333,0.0233333333333333,0.0566666666666667,0.683333333333333
108,548.428228266069,568.03260927378,553.506844549408,576.311330644886,NA,0,0,0,0,NA,0,46.1689281463623,250.707937852542,0.702511751651764,0.719141805171967,NA,0.443333333333333,NA,0.0133333333333333,0.0133333333333333,0.03,0.0333333333333333,0.04,0.0233333333333333,0.0366666666666667,0.03,0.04,0.74
109,539.078705090052,539.737267691866,549.431921144527,569.645643932216,NA,0,0,0,0,NA,0,38.2641739845276,247.691129569213,0.581629490852356,0.557838086287181,NA,0.43,NA,0.0333333333333333,0.03,0.0366666666666667,0.04,0.0333333333333333,0.03,0.05,0.0366666666666667,0.0433333333333333,0.666666666666667
110,544.265152434114,549.476179481842,550.450508009006,577.877359231475,NA,0,0,0,0,NA,0,47.0147857666016,252.997818116347,0.771286030610402,0.765610345204671,NA,0.456666666666667,NA,0.0266666666666667,0.0233333333333333,0.0333333333333333,0.0266666666666667,0.0233333333333333,0.03,0.0366666666666667,0.0533333333333333,0.0466666666666667,0.7
111,541.387282529982,561.312024823954,554.059381810982,578.69653505383,NA,0,0,0,0,NA,0,20.3772251605988,139.589153615634,0.315707143147786,0.315546695391337,NA,0.443333333333333,NA,0.0266666666666667,0.02,0.0133333333333333,0.0666666666666667,0.06,0.04,0.03,0.03,0.0166666666666667,0.696666666666667
112,545.977545509894,556.508217808997,554.85447386416,570.073021261603,NA,0,0,0,0,NA,0,42.125643491745,252.912626544634,0.581874910990397,0.56039776802063,NA,0.46,NA,0.02,0.02,0.01,0.0466666666666667,0.0466666666666667,0.0433333333333333,0.0366666666666667,0.0266666666666667,0.0533333333333333,0.696666666666667
113,542.061214504027,555.737423648932,546.473641430005,567.764657141562,NA,0,0,0,0,NA,0,45.2553672790527,241.445982658863,0.573171158631643,0.574833524227142,NA,0.486666666666667,NA,0.0333333333333333,0.0333333333333333,0.0233333333333333,0.0366666666666667,0.05,0.0566666666666667,0.0433333333333333,0.0433333333333333,0.04,0.64
114,542.622838788222,537.839210921201,552.281867148145,580.47701607299,NA,0,0,0,0,NA,0,41.8867015838623,254.606497895718,0.656515395641327,0.647186183929443,NA,0.403333333333333,NA,0.0166666666666667,0.0166666666666667,0.0166666666666667,0.0266666666666667,0.06,0.0266666666666667,0.04,0.0366666666666667,0.0366666666666667,0.723333333333333
115,541.051385885901,561.076172251882,547.527829893066,576.481708729968,NA,0,0,0,0,NA,0,45.1337418556213,255.465940582752,0.719807469844818,0.767632397015889,NA,0.43,NA,0.0266666666666667,0.00666666666666667,0.0266666666666667,0.0366666666666667,0.0366666666666667,0.03,0.05,0.04,0.0566666666666667,0.69
116,547.072491536811,551.336686329517,552.26788732688,571.012928277126,NA,0,0,0,0,NA,0,36.4088041782379,257.157241829236,0.55085445245107,0.542891116937002,NA,0.416666666666667,NA,0.0166666666666667,0.0266666666666667,0.0166666666666667,0.0333333333333333,0.0266666666666667,0.03,0.0466666666666667,0.0266666666666667,0.0233333333333333,0.753333333333333
117,547.275436222798,545.800808253165,549.838179835159,576.894363392533,NA,0,0,0,0,NA,0,48.3465240001678,237.595832920074,0.337803244590759,0.350077287356059,NA,0.416666666666667,NA,0.0266666666666667,0.00666666666666667,0.02,0.04,0.0366666666666667,0.04,0.0366666666666667,0.0533333333333333,0.04,0.7
118,548.355469054261,561.523094239794,553.357084038262,580.144017852673,NA,0,0,0,0,NA,0,19.4875643253326,124.314963722229,0.30706596771876,0.298684012889862,NA,0.443333333333333,NA,0.0166666666666667,0.0233333333333333,0.02,0.0433333333333333,0.0633333333333333,0.0466666666666667,0.05,0.03,0.0366666666666667,0.67
119,554.435817559376,577.135827419034,549.628164216659,573.496815431254,NA,0,0,0,0,NA,0,42.1420788764954,235.464326103528,0.502194078763326,0.505512193838755,NA,0.426666666666667,NA,0.02,0.0233333333333333,0.02,0.0333333333333333,0.0466666666666667,0.0433333333333333,0.03,0.03,0.04,0.713333333333333
120,545.902896106363,559.251810285528,549.861442994027,572.918870188831,NA,0,0,0,0,NA,0,37.272360086441,274.293812680244,0.615207481384277,0.608432531356812,NA,0.363333333333333,NA,0.0233333333333333,0.0233333333333333,0.0266666666666667,0.0266666666666667,0.03,0.05,0.0366666666666667,0.03,0.04,0.713333333333333
121,549.311602372964,548.686056206105,551.174100465993,571.57835337497,NA,0,0,0,0,NA,0,42.1535332202911,270.401184459527,0.604384402434031,0.610762659708659,NA,0.456666666666667,NA,0.02,0.0133333333333333,0.03,0.0166666666666667,0.04,0.0433333333333333,0.0433333333333333,0.05,0.04,0.703333333333333
122,550.605837151279,555.757728407951,551.654295129697,575.375928016164,NA,0,0,0,0,NA,0,46.2720532417297,204.88573983113,0.497992245356242,0.499704146385193,NA,0.463333333333333,NA,0.0266666666666667,0.0166666666666667,0.0333333333333333,0.03,0.03,0.0466666666666667,0.0433333333333333,0.0366666666666667,0.04,0.696666666666667
123,547.142978985859,575.031626479659,551.222196871385,575.095566119168,NA,0,0,0,0,NA,0,37.8064224720001,212.416753784815,0.514601421356201,0.508223060766856,NA,0.483333333333333,NA,0.0266666666666667,0.03,0.04,0.03,0.0433333333333333,0.0366666666666667,0.03,0.0466666666666667,0.0666666666666667,0.65
124,544.311742814078,545.699493282309,552.27913187047,575.667707713966,NA,0,0,0,0,NA,0,22.6596324443817,182.3538768212,0.307902753353119,0.300395147005717,NA,0.436666666666667,NA,0.0233333333333333,0.0133333333333333,0.03,0.04,0.0266666666666667,0.0433333333333333,0.05,0.0266666666666667,0.04,0.706666666666667
125,550.506355397782,547.634421231834,551.653347292763,576.263978057872,NA,0,0,0,0,NA,0,18.8163866996765,124.351613767942,0.290115547180176,0.295274865627289,NA,0.453333333333333,NA,0.0233333333333333,0.03,0.0366666666666667,0.03,0.02,0.0433333333333333,0.0466666666666667,0.0433333333333333,0.0266666666666667,0.7
126,545.137071870695,556.755300863067,547.523820060526,576.227222740581,NA,0,0,0,0,NA,0,35.6003022193909,185.801665937901,0.442148613929749,0.432546579837799,NA,0.44,NA,0.01,0.03,0.0266666666666667,0.04,0.0266666666666667,0.0366666666666667,0.0366666666666667,0.06,0.0366666666666667,0.696666666666667
127,547.420707319582,558.932424062078,552.335830205225,578.591591642463,NA,0,0,0,0,NA,0,39.8583376407623,172.586581969261,0.428273479143779,0.47960057258606,NA,0.473333333333333,NA,0.0166666666666667,0.0333333333333333,0.0166666666666667,0.0333333333333333,0.04,0.0366666666666667,0.04,0.0566666666666667,0.0466666666666667,0.68
128,538.958576607211,556.34480092472,553.183109789721,573.042840327758,NA,0,0,0,0,NA,0,39.5736665725708,209.345293521881,0.303324953715007,0.304611762364705,NA,0.436666666666667,NA,0.04,0.0266666666666667,0.0233333333333333,0.0266666666666667,0.0133333333333333,0.05,0.0533333333333333,0.0433333333333333,0.0533333333333333,0.67
129,545.794746311474,551.506373054728,548.638600121098,577.285462568482,NA,0,0,0,0,NA,0,32.6183505058289,233.85582575798,0.57705637216568,0.549493217468262,NA,0.38,NA,0.02,0.00666666666666667,0.0366666666666667,0.0166666666666667,0.04,0.03,0.0366666666666667,0.0433333333333333,0.0333333333333333,0.736666666666667
130,547.897784339911,551.835209006678,552.110924941964,577.050681686783,NA,0,0,0,0,NA,0,32.0924129486084,199.360021599134,0.300400320688883,0.292479022343953,NA,0.456666666666667,NA,0.0266666666666667,0.03,0.0333333333333333,0.0333333333333333,0.0233333333333333,0.0333333333333333,0.0433333333333333,0.0233333333333333,0.0466666666666667,0.706666666666667
131,542.190466284876,550.697195816239,545.797508369538,562.910129312857,NA,0,0,0,0,NA,0,18.8688981533051,202.131528786818,0.312690039475759,0.297314302126567,NA,0.413333333333333,NA,0.0133333333333333,0.03,0.0133333333333333,0.0233333333333333,0.0533333333333333,0.06,0.0466666666666667,0.03,0.0433333333333333,0.686666666666667
132,538.37726765146,560.733540996997,551.246611702178,578.580593907331,NA,0,0,0,0,NA,0,18.4985647201538,111.068384114901,0.285224878787994,0.279605197906494,NA,0.45,NA,0.0233333333333333,0.0266666666666667,0.02,0.0366666666666667,0.05,0.0333333333333333,0.06,0.05,0.0266666666666667,0.673333333333333
133,544.903576518141,550.051565904126,553.770504052681,576.679085834637,NA,0,0,0,0,NA,0,27.6738224029541,196.235975392659,0.517212975025177,0.518698112169902,NA,0.463333333333333,NA,0.01,0.0366666666666667,0.02,0.0233333333333333,0.0333333333333333,0.0633333333333333,0.0366666666666667,0.0266666666666667,0.05,0.7
134,546.094573216265,559.604738804447,556.185427225954,574.206827255641,NA,0,0,0,0,NA,0,33.7592198848724,187.718636723359,0.520356627305349,0.518358035882314,NA,0.463333333333333,NA,0.0266666666666667,0.0166666666666667,0.02,0.04,0.0366666666666667,0.0433333333333333,0.0466666666666667,0.0333333333333333,0.0333333333333333,0.703333333333333
135,551.40803853097,541.009148970661,551.105330562373,573.41315915856,NA,0,0,0,0,NA,0,19.1889669895172,176.648914543788,0.636598594983419,0.621895404656728,NA,0.423333333333333,NA,0.0233333333333333,0.0333333333333333,0.0333333333333333,0.0166666666666667,0.0233333333333333,0.0333333333333333,0.0466666666666667,0.0433333333333333,0.0366666666666667,0.71
136,540.627784058944,556.420012355005,551.817867944338,572.934976683128,NA,0,0,0,0,NA,0,34.1505744457245,178.604940509796,0.300190683205922,0.302297782897949,NA,0.413333333333333,NA,0.03,0.0166666666666667,0.02,0.0366666666666667,0.0366666666666667,0.04,0.0333333333333333,0.0266666666666667,0.0333333333333333,0.726666666666667
137,545.778505867523,546.767855678704,555.832410624067,578.640026347783,NA,0,0,0,0,NA,0,18.5492939949036,230.27447056373,0.533575546741486,0.531196069717407,NA,0.386666666666667,NA,0.0166666666666667,0.0133333333333333,0.0133333333333333,0.0366666666666667,0.0366666666666667,0.0433333333333333,0.0433333333333333,0.0233333333333333,0.05,0.723333333333333
138,552.215712574691,543.578455853708,552.510018517654,574.383176177936,NA,0,0,0,0,NA,0,18.7937521934509,145.88179422617,0.508957783381144,0.503889214992523,NA,0.44,NA,0.0266666666666667,0.0166666666666667,0.0366666666666667,0.0333333333333333,0.0466666666666667,0.0466666666666667,0.0466666666666667,0.0266666666666667,0.0466666666666667,0.673333333333333
139,539.274034729768,566.898818697224,558.28257200648,577.727222926555,NA,0,0,0,0,NA,0,17.7631402015686,211.587493201097,0.55778493086497,0.547748339176178,NA,0.376666666666667,NA,0.0233333333333333,0.0266666666666667,0.0266666666666667,0.03,0.04,0.04,0.0533333333333333,0.0366666666666667,0.0266666666666667,0.696666666666667
140,549.867988153344,539.054582178092,552.99940096609,573.541817753699,NA,0,0,0,0,NA,0,34.0740826129913,225.896498127778,0.562198054790497,0.546886511643728,NA,0.396666666666667,NA,0.02,0.0166666666666667,0.0166666666666667,0.03,0.01,0.03,0.05,0.0366666666666667,0.0266666666666667,0.763333333333333
141,544.068976724267,542.75201156963,550.158249572844,566.833255503292,NA,0,0,0,0,NA,0,33.5390799045563,161.295394353072,0.286839779218038,0.289873707294464,NA,0.443333333333333,NA,0.00333333333333333,0.0166666666666667,0.0333333333333333,0.0333333333333333,0.0566666666666667,0.0366666666666667,0.08,0.0266666666666667,0.0433333333333333,0.67
142,542.508303694396,574.637511734904,553.475591447998,575.50394918051,NA,0,0,0,0,NA,0,40.089617729187,211.438575422764,0.496361621220907,0.497670284907023,NA,0.443333333333333,NA,0.0233333333333333,0.0166666666666667,0.0233333333333333,0.0366666666666667,0.0466666666666667,0.0533333333333333,0.06,0.03,0.0433333333333333,0.666666666666667
143,539.738150323727,549.884458343438,558.564791449138,578.541852410466,NA,0,0,0,0,NA,0,18.5634028911591,142.445289921761,0.286603717009226,0.287620381514231,NA,0.48,NA,0.03,0.02,0.0333333333333333,0.0266666666666667,0.04,0.0533333333333333,0.05,0.0466666666666667,0.03,0.67
144,543.244193149668,556.54624389359,549.170573544764,574.434750310309,NA,0,0,0,0,NA,0,34.0955679416656,202.214325284958,0.279114520549774,0.277905066808065,NA,0.413333333333333,NA,0.0133333333333333,0.0333333333333333,0.0366666666666667,0.0366666666666667,0.04,0.0333333333333333,0.04,0.04,0.03,0.696666666666667
145,544.665056506888,559.76015929716,551.011049967898,573.677115640118,NA,0,0,0,0,NA,0,32.2065484523773,229.996504970392,0.489600372314453,0.484542953968048,NA,0.44,NA,0.02,0.01,0.0233333333333333,0.0433333333333333,0.0633333333333333,0.0233333333333333,0.04,0.02,0.05,0.706666666666667
146,536.969633776611,570.991080099565,556.429541923216,576.133188404781,NA,0,0,0,0,NA,0,32.8512206077576,186.04560649395,0.304983266194661,0.299185212453206,NA,0.45,NA,0.0166666666666667,0.0233333333333333,0.0266666666666667,0.0366666666666667,0.03,0.0466666666666667,0.0533333333333333,0.0533333333333333,0.0466666666666667,0.666666666666667
147,546.30402929844,551.086073767397,553.202745427315,570.087793970377,NA,0,0,0,0,NA,0,35.7342579364777,206.86328941981,0.280559488137563,0.275214318434397,NA,0.436666666666667,NA,0.0233333333333333,0.0166666666666667,0.0266666666666667,0.05,0.0333333333333333,0.0433333333333333,0.0433333333333333,0.0633333333333333,0.0233333333333333,0.676666666666667
148,546.364231581903,564.574475857944,549.665936240651,576.903445650217,NA,0,0,0,0,NA,0,18.3340601921082,126.068404134115,0.289716072877248,0.282895147800446,NA,0.353333333333333,NA,0.03,0.03,0.03,0.0333333333333333,0.04,0.03,0.0433333333333333,0.0333333333333333,0.02,0.71
149,543.274456469121,545.55955055503,553.030833188763,573.824067138417,NA,0,0,0,0,NA,0,31.4218208789825,191.562713023027,0.295518839359283,0.290684274832408,NA,0.43,NA,0.0366666666666667,0.0133333333333333,0.0233333333333333,0.03,0.03,0.04,0.0366666666666667,0.0366666666666667,0.0533333333333333,0.7
150,542.472528941137,574.378491404383,548.823161043903,579.717745484634,NA,0,0,0,0,NA,0,18.1909139156342,131.402728478114,0.271647493044535,0.266646333535512,NA,0.38,NA,0.03,0.0233333333333333,0.0166666666666667,0.0333333333333333,0.0133333333333333,0.0466666666666667,0.04,0.0266666666666667,0.05,0.72
