"no","observed","IHsurvrf","trt1","trt0","trueopt","avg.prop.match.opt.obs","avg.prop.match.opt.IHsurvrf","avg.prop.match.opt.trt1","avg.prop.match.opt.trt0","avg.prop.match.opt.trueopt","change.integral","time.obs","time.IHsurvrf","time.trt1","time.trt0","time.trueopt","proportion.censor","num.convergence.it","n_1","n_2","n_3","n_4","n_5","n_6","n_7","n_8","n_9","n_10"
1,550.763383979067,565.650009671308,553.701904927279,573.304151611623,NA,0,0,0,0,NA,0,28.4998924732208,428.318052101135,0.55872179667155,0.548573597272237,NA,0.478,NA,0.032,0.022,0.028,0.026,0.042,0.04,0.042,0.03,0.042,0.696
2,546.23058358641,545.930871394405,550.69329228141,568.899683085661,NA,0,0,0,0,NA,0,28.4616334438324,442.758178035418,0.556206293900808,0.544209051132202,NA,0.444,NA,0.032,0.022,0.026,0.028,0.034,0.046,0.034,0.038,0.032,0.708
3,543.33373644613,550.837539235298,548.752982164591,568.520803529959,NA,0,0,0,0,NA,0,28.3707947731018,434.371595780055,0.338418714205424,0.329796501000722,NA,0.414,NA,0.018,0.022,0.026,0.032,0.03,0.032,0.04,0.042,0.044,0.714
4,551.638826128631,564.67109366927,549.345356140394,567.926611221353,NA,0,0,0,0,NA,0,16.4302649497986,262.727913184961,0.263859796524048,0.270169818401337,NA,0.434,NA,0.024,0.026,0.028,0.03,0.032,0.044,0.04,0.058,0.032,0.686
5,545.298798382932,551.137067633632,553.516234101174,574.293985172397,NA,0,0,0,0,NA,0,28.5074925422668,440.850471671422,0.578621057669322,0.566214080651601,NA,0.402,NA,0.018,0.03,0.024,0.034,0.034,0.052,0.044,0.028,0.034,0.702
6,546.186554517385,557.934564132524,549.647555946111,571.014968198678,NA,0,0,0,0,NA,0,28.3877692222595,427.207391917706,0.68188027938207,0.683955923716227,NA,0.444,NA,0.022,0.02,0.03,0.034,0.038,0.048,0.028,0.044,0.048,0.688
7,536.646107664222,532.603938731429,543.569957067919,568.385185111524,NA,0,0,0,0,NA,0,28.3947703838348,424.073088745276,0.698226463794708,0.713848356405894,NA,0.422,NA,0.026,0.01,0.02,0.036,0.032,0.052,0.048,0.038,0.054,0.684
8,541.344292087117,554.025803024384,545.78496210824,576.415921350035,NA,0,0,0,0,NA,0,35.5412561893463,454.041765205065,0.693214591344198,0.702244492371877,NA,0.42,NA,0.032,0.03,0.02,0.034,0.044,0.042,0.058,0.05,0.038,0.652
9,544.530383287511,538.367037601804,557.105731201096,576.650482698112,NA,0,0,0,0,NA,0,36.2215712070465,483.211848731836,0.566103931268056,0.559180184205373,NA,0.396,NA,0.016,0.022,0.018,0.024,0.04,0.048,0.054,0.03,0.056,0.692
10,542.277291671767,535.575190433082,545.973039480238,570.989934338559,NA,0,0,0,0,NA,0,21.4890990257263,472.887978502115,0.33135811885198,0.325249310334524,NA,0.412,NA,0.014,0.02,0.024,0.022,0.032,0.05,0.05,0.032,0.048,0.708
11,543.159631913479,546.597232589077,556.313270383815,579.382214636016,NA,0,0,0,0,NA,0,17.7547023296356,382.44081616799,0.335823639233907,0.333201003074646,NA,0.426,NA,0.018,0.02,0.026,0.042,0.034,0.046,0.04,0.036,0.038,0.7
12,548.949035290573,537.629503624741,551.486335982387,573.213194900965,NA,0,0,0,0,NA,0,37.1164863109589,498.401502672831,0.549838761488597,0.551629372437795,NA,0.446,NA,0.02,0.014,0.02,0.032,0.042,0.046,0.042,0.054,0.038,0.692
13,538.744220561425,559.685717195906,559.571138044532,587.594887316917,NA,0,0,0,0,NA,0,45.4823927879333,458.264987802506,0.719828963279724,0.719167538483938,NA,0.434,NA,0.028,0.028,0.012,0.032,0.044,0.044,0.038,0.028,0.036,0.71
14,538.003933214772,536.18455999667,550.434858053894,576.325605103253,NA,0,0,0,0,NA,0,46.9883892536163,411.291826804479,0.326644273598989,0.336788086096446,NA,0.448,NA,0.022,0.022,0.018,0.036,0.036,0.04,0.032,0.036,0.038,0.72
15,539.014790764728,546.720940317466,553.750252916926,577.669672129294,NA,0,0,0,0,NA,0,46.143217086792,474.486653637886,0.545548808574676,0.547758575280507,NA,0.48,NA,0.024,0.03,0.024,0.036,0.05,0.038,0.038,0.034,0.042,0.684
16,547.779014803472,567.020985387269,553.611935078147,575.061587229102,NA,0,0,0,0,NA,0,36.3127062320709,502.053357323011,0.544481460253398,0.543091666698456,NA,0.412,NA,0.016,0.018,0.018,0.038,0.04,0.042,0.054,0.036,0.034,0.704
17,543.272417761609,554.890458933931,547.794529042204,575.039316415095,NA,0,0,0,0,NA,0,20.6887173652649,320.545396411419,0.331918688615163,0.324287533760071,NA,0.438,NA,0.008,0.01,0.024,0.034,0.04,0.046,0.046,0.044,0.042,0.706
18,545.135744311131,547.805686595196,548.72859131964,580.401138771899,NA,0,0,0,0,NA,0,21.1688783168793,428.541903626919,0.606576335430145,0.585250973701477,NA,0.454,NA,0.024,0.032,0.018,0.03,0.036,0.058,0.032,0.04,0.042,0.688
19,541.75596600517,551.392994271373,549.044993113911,573.153624869983,NA,0,0,0,0,NA,0,36.3759174346924,451.799864749114,0.549281350771586,0.530078879992167,NA,0.43,NA,0.034,0.018,0.02,0.052,0.038,0.05,0.026,0.05,0.04,0.672
20,535.928859462352,567.652608254726,550.957526898061,575.136365452126,NA,0,0,0,0,NA,0,47.4659714698792,492.467244275411,0.722831626733144,0.70451230208079,NA,0.418,NA,0.012,0.02,0.024,0.026,0.036,0.028,0.044,0.064,0.058,0.688
21,545.894020413684,559.885660756094,550.285572128595,577.443466429643,NA,0,0,0,0,NA,0,21.9986612796783,464.837839198112,0.730842538674672,0.747915029525757,NA,0.422,NA,0.016,0.018,0.032,0.026,0.026,0.038,0.03,0.042,0.064,0.708
22,536.202336453941,558.593623394484,552.876072585466,565.374011857429,NA,0,0,0,0,NA,0,36.2606403827667,441.001320997874,0.611172890663147,0.575759188334147,NA,0.478,NA,0.018,0.034,0.01,0.026,0.054,0.036,0.04,0.052,0.034,0.696
23,541.499470452196,556.484900196746,548.151349736,572.826567160961,NA,0,0,0,0,NA,0,36.3288145065308,464.892092049122,0.548979723453522,0.600049610932668,NA,0.422,NA,0.014,0.02,0.042,0.032,0.026,0.056,0.044,0.03,0.046,0.69
24,550.619277959825,566.080442367115,554.837920991623,574.747147383564,NA,0,0,0,0,NA,0,20.9485409259796,341.73126240174,0.598877271016439,0.570483418305715,NA,0.414,NA,0.02,0.02,0.036,0.026,0.038,0.036,0.036,0.032,0.026,0.73
25,546.260019538787,562.723302944497,554.935568947789,584.602382892801,NA,0,0,0,0,NA,0,41.453432559967,500.551498309771,0.563732171058655,0.548559852441152,NA,0.442,NA,0.02,0.02,0.02,0.034,0.046,0.03,0.044,0.036,0.032,0.718
26,545.088003475198,561.199115503315,551.640310113238,574.190232037179,NA,0,0,0,0,NA,0,34.9551150798798,508.92927390337,0.562563224633535,0.56300554672877,NA,0.368,NA,0.024,0.016,0.024,0.028,0.036,0.062,0.032,0.04,0.046,0.692
27,541.140909147526,567.505789984624,557.547943888661,573.151797282389,NA,0,0,0,0,NA,0,44.3087937831879,446.160021396478,0.570507522424062,0.575402943293254,NA,0.438,NA,0.034,0.018,0.036,0.028,0.034,0.032,0.044,0.048,0.028,0.698
28,545.919266405137,537.823877415716,553.0300018166,571.634537569507,NA,0,0,0,0,NA,0,49.08869099617,420.394864257177,0.353181978066762,0.345591370264689,NA,0.464,NA,0.018,0.02,0.018,0.044,0.056,0.03,0.058,0.048,0.034,0.674
29,540.141726252895,557.631412405236,546.953515328852,570.577822204514,NA,0,0,0,0,NA,0,36.3320198059082,438.253500270844,0.323956708113352,0.318086429437002,NA,0.484,NA,0.022,0.022,0.026,0.016,0.038,0.052,0.042,0.054,0.042,0.686
30,542.987353173604,535.805256481442,551.44363902212,572.409132367745,NA,0,0,0,0,NA,0,40.3320021629333,479.082028234005,0.590215162436167,0.559259005387624,NA,0.456,NA,0.008,0.026,0.022,0.028,0.038,0.032,0.054,0.046,0.038,0.708
31,542.736902100821,557.774343083169,546.294658693397,579.973438262149,NA,0,0,0,0,NA,0,37.2228343486786,439.962492171923,0.325950233141581,0.321208254496257,NA,0.422,NA,0.028,0.018,0.024,0.034,0.028,0.046,0.048,0.024,0.03,0.72
32,544.403500653668,558.710516252731,546.475622627334,574.334725048854,NA,0,0,0,0,NA,0,36.9846363067627,485.557838217417,0.544690183798472,0.534223306179047,NA,0.436,NA,0.008,0.022,0.024,0.048,0.038,0.058,0.036,0.052,0.03,0.684
33,536.861667456999,549.332611778513,562.712473692141,577.276408013477,NA,0,0,0,0,NA,0,36.7023904323578,474.766211835543,0.531984968980153,0.520669309298197,NA,0.454,NA,0.018,0.026,0.028,0.032,0.036,0.04,0.044,0.034,0.054,0.688
34,541.892852045299,563.118395079133,552.367164994119,578.215208107208,NA,0,0,0,0,NA,0,38.4340479373932,493.189266737302,0.722783080736796,0.71370667219162,NA,0.406,NA,0.02,0.012,0.022,0.032,0.038,0.054,0.03,0.05,0.036,0.706
35,535.027567282229,560.286510671482,545.433172428132,573.20680935201,NA,0,0,0,0,NA,0,21.9380548000336,385.300582790375,0.333138930797577,0.32580494483312,NA,0.446,NA,0.018,0.02,0.034,0.02,0.036,0.03,0.034,0.034,0.044,0.73
36,543.3887164449,566.450574116763,555.222288356442,574.440798158045,NA,0,0,0,0,NA,0,20.9077639579773,322.053753487269,0.332084107398987,0.331833255290985,NA,0.456,NA,0.016,0.016,0.018,0.04,0.042,0.048,0.036,0.034,0.038,0.712
37,539.838104156226,567.605979828035,546.960725688207,570.170984889217,NA,0,0,0,0,NA,0,36.4959046840668,471.175519613425,0.331316530704498,0.320768094062805,NA,0.452,NA,0.02,0.02,0.026,0.034,0.04,0.038,0.042,0.038,0.04,0.702
38,550.152618370366,547.21182541577,549.645855951996,573.085944635688,NA,0,0,0,0,NA,0,21.1755795478821,454.268078923225,0.607409946123759,0.610019544760386,NA,0.466,NA,0.032,0.024,0.02,0.024,0.038,0.042,0.038,0.058,0.048,0.676
39,540.072449211086,551.837587915228,555.494015345268,579.205962651858,NA,0,0,0,0,NA,0,35.0575451850891,460.726429963112,0.603141089280446,0.587283019224803,NA,0.426,NA,0.024,0.022,0.026,0.036,0.05,0.026,0.04,0.066,0.038,0.672
40,539.786116620509,540.835816617059,552.654713638932,568.764035990633,NA,0,0,0,0,NA,0,34.4118585586548,469.117183629672,0.555082555611928,0.61515816450119,NA,0.436,NA,0.018,0.03,0.03,0.042,0.03,0.044,0.05,0.038,0.036,0.682
41,544.200425177975,568.427493204526,555.647535512408,580.926777100025,NA,0,0,0,0,NA,0,45.5481712818146,476.781707203388,0.711772044499715,0.713654279708862,NA,0.456,NA,0.018,0.03,0.018,0.024,0.034,0.046,0.042,0.028,0.046,0.714
42,549.431679872089,534.253231721797,562.732119749988,575.358854383568,NA,0,0,0,0,NA,0,21.1302325725555,490.327127337456,0.570851854483287,0.555428600311279,NA,0.442,NA,0.024,0.008,0.032,0.032,0.03,0.046,0.018,0.038,0.052,0.72
43,541.862274827069,554.09157028853,552.75518836574,575.826351665063,NA,0,0,0,0,NA,0,20.7922222614288,386.512124967575,0.543602629502614,0.548051738739014,NA,0.438,NA,0.028,0.012,0.026,0.024,0.048,0.056,0.034,0.034,0.04,0.698
44,544.695112677587,545.237951859155,548.7556676461,573.599593734864,NA,0,0,0,0,NA,0,20.4129190444946,273.028674081961,0.316378430525462,0.313427539666494,NA,0.454,NA,0.02,0.024,0.028,0.028,0.032,0.048,0.052,0.036,0.04,0.692
45,537.601744227039,571.473863826977,554.315523122561,571.569445633933,NA,0,0,0,0,NA,0,39.8219680786133,374.827350254854,0.318546370665232,0.319245926539103,NA,0.456,NA,0.038,0.024,0.03,0.038,0.03,0.054,0.03,0.05,0.034,0.672
46,544.337815543872,539.081428092717,553.866881613132,577.298385825382,NA,0,0,0,0,NA,0,38.2600092887878,417.136031206449,0.327027384440104,0.315588895479838,NA,0.48,NA,0.028,0.006,0.024,0.016,0.038,0.046,0.05,0.034,0.056,0.702
47,543.846573230885,571.851319096211,555.109044599395,579.466440262701,NA,0,0,0,0,NA,0,40.7121686935425,337.065103705724,0.273256047566732,0.27366095383962,NA,0.422,NA,0.01,0.004,0.022,0.014,0.05,0.046,0.05,0.04,0.046,0.718
48,541.613454855027,553.608988691289,546.318977725897,571.708490933318,NA,0,0,0,0,NA,0,46.1671009063721,327.27459526062,0.297969663143158,0.299115260442098,NA,0.406,NA,0.02,0.026,0.018,0.032,0.04,0.052,0.04,0.042,0.04,0.69
49,543.301782142616,570.88864751541,555.165595389645,571.402597214652,NA,0,0,0,0,NA,0,36.2779438495636,436.977594065666,0.583272794882456,0.560926795005798,NA,0.448,NA,0.022,0.014,0.026,0.03,0.058,0.046,0.036,0.052,0.03,0.686
50,543.362551317804,567.179289749986,554.721718422967,575.056032563896,NA,0,0,0,0,NA,0,36.3797452449799,298.165495979786,0.272825642426809,0.266223243872325,NA,0.422,NA,0.024,0.02,0.024,0.036,0.042,0.04,0.038,0.042,0.04,0.694
