"no","observed","IHsurvrf","trt1","trt0","trueopt","avg.prop.match.opt.obs","avg.prop.match.opt.IHsurvrf","avg.prop.match.opt.trt1","avg.prop.match.opt.trt0","avg.prop.match.opt.trueopt","change.integral","time.obs","time.IHsurvrf","time.trt1","time.trt0","time.trueopt","proportion.censor","num.convergence.it","n_1","n_2","n_3","n_4","n_5","n_6","n_7","n_8","n_9","n_10"
1,475.55465333993,486.761366515877,487.919191369861,511.506368822616,NA,0,0,0,0,NA,0,32.0749273300171,248.621014205615,0.590335110823313,0.576450192928314,NA,0.296666666666667,NA,0.0166666666666667,0.0233333333333333,0.0266666666666667,0.0266666666666667,0.03,0.0366666666666667,0.0366666666666667,0.0533333333333333,0.04,0.71
2,475.428587002946,505.577162275593,492.252460190363,513.203162817944,NA,0,0,0,0,NA,0,31.8100621700287,249.831031696002,0.594501380125682,0.57686497370402,NA,0.313333333333333,NA,0.01,0.0166666666666667,0.0233333333333333,0.0466666666666667,0.0333333333333333,0.05,0.0333333333333333,0.02,0.0666666666666667,0.7
3,475.206294113422,489.031324629244,483.169048287253,512.212919004042,NA,0,0,0,0,NA,0,31.8931694030762,253.892109640439,0.480526351928711,0.516745475927989,NA,0.28,NA,0.02,0.03,0.0166666666666667,0.0366666666666667,0.04,0.0366666666666667,0.0266666666666667,0.0533333333333333,0.04,0.7
4,481.529863065061,490.43861972683,481.201869857611,503.133621373719,NA,0,0,0,0,NA,0,18.3285765647888,151.927275753021,0.270091334978739,0.274775509039561,NA,0.28,NA,0.0166666666666667,0.02,0.0166666666666667,0.0333333333333333,0.05,0.0566666666666667,0.0433333333333333,0.05,0.0266666666666667,0.686666666666667
5,477.198353605919,509.67439026886,493.18168993257,518.541826674517,NA,0,0,0,0,NA,0,31.8173987865448,254.121872587999,0.524211696783702,0.480246460437775,NA,0.26,NA,0.01,0.0133333333333333,0.02,0.0466666666666667,0.03,0.04,0.0266666666666667,0.0333333333333333,0.0266666666666667,0.753333333333333
6,477.241211345177,482.598488424127,487.565280803407,508.368874698266,NA,0,0,0,0,NA,0,31.8615212440491,252.824217836062,0.591530323028564,0.575990903377533,NA,0.306666666666667,NA,0.0133333333333333,0.0366666666666667,0.02,0.0433333333333333,0.05,0.0466666666666667,0.0266666666666667,0.0333333333333333,0.03,0.7
7,474.108500832295,493.811860741404,490.020555454377,505.768884608906,NA,0,0,0,0,NA,0,31.8693432807922,254.475382908185,0.479419537385305,0.500214735666911,NA,0.306666666666667,NA,0.03,0.0133333333333333,0.0133333333333333,0.04,0.0466666666666667,0.03,0.0366666666666667,0.0366666666666667,0.0366666666666667,0.716666666666667
8,475.237713777367,480.173258636264,487.605572449392,506.701472330417,NA,0,0,0,0,NA,0,38.1102356910706,243.379840584596,0.59915577173233,0.588118008772532,NA,0.253333333333333,NA,0.02,0.0233333333333333,0.0266666666666667,0.0333333333333333,0.04,0.0333333333333333,0.0366666666666667,0.03,0.05,0.706666666666667
9,478.166114823029,474.035582200893,488.501041842741,509.810214561354,NA,0,0,0,0,NA,0,37.6958193778992,170.241446618239,0.267709426085154,0.267380885283152,NA,0.306666666666667,NA,0.0166666666666667,0.0266666666666667,0.0133333333333333,0.03,0.04,0.0566666666666667,0.0466666666666667,0.04,0.0433333333333333,0.686666666666667
10,479.760067653834,474.421315534877,484.027682647568,513.017346635954,NA,0,0,0,0,NA,0,34.4012336730957,254.615247929096,0.588293437163035,0.60372717777888,NA,0.286666666666667,NA,0.01,0.02,0.0166666666666667,0.03,0.0266666666666667,0.04,0.0333333333333333,0.0333333333333333,0.0366666666666667,0.753333333333333
11,477.428504887479,493.963085380729,490.932322523987,513.853054674101,NA,0,0,0,0,NA,0,18.8610856533051,166.080394951502,0.520896863937378,0.526412924130758,NA,0.24,NA,0.0166666666666667,0.0133333333333333,0.0233333333333333,0.03,0.03,0.0266666666666667,0.05,0.0366666666666667,0.04,0.733333333333333
12,479.337289308902,485.245612731315,482.31659393969,513.130781709225,NA,0,0,0,0,NA,0,31.0508422851562,248.778932551543,0.480668163299561,0.461248366038005,NA,0.323333333333333,NA,0.0133333333333333,0.0233333333333333,0.01,0.05,0.02,0.0333333333333333,0.0433333333333333,0.0433333333333333,0.0566666666666667,0.706666666666667
13,477.74846683606,472.233660910183,486.742490962693,514.688466188921,NA,0,0,0,0,NA,0,31.5037989616394,262.87255084912,0.528933294614156,0.519553466637929,NA,0.28,NA,0.0133333333333333,0.0166666666666667,0.0266666666666667,0.02,0.0333333333333333,0.0466666666666667,0.04,0.0533333333333333,0.0333333333333333,0.716666666666667
14,472.975533268769,485.846066598137,491.806937243006,512.987190432219,NA,0,0,0,0,NA,0,33.5561769008636,261.702630166213,0.576955187320709,0.582337025801341,NA,0.266666666666667,NA,0.02,0.02,0.0133333333333333,0.0366666666666667,0.0333333333333333,0.0633333333333333,0.0466666666666667,0.03,0.04,0.696666666666667
15,473.025819308156,503.040672282144,490.320475697342,512.123053823331,NA,0,0,0,0,NA,0,38.4029839038849,244.666801869869,0.58394965728124,0.609507882595062,NA,0.28,NA,0.02,0.03,0.0133333333333333,0.0166666666666667,0.0333333333333333,0.0566666666666667,0.0466666666666667,0.0466666666666667,0.0333333333333333,0.703333333333333
16,474.249344014473,484.414261969509,488.055206411656,510.548948231607,NA,0,0,0,0,NA,0,17.0150544643402,164.508568871021,0.266729040940603,0.29007123708725,NA,0.286666666666667,NA,0.0133333333333333,0.01,0.0266666666666667,0.0233333333333333,0.0266666666666667,0.04,0.06,0.0333333333333333,0.0366666666666667,0.73
17,475.871110018297,504.796603248471,484.624353715011,505.678295135609,NA,0,0,0,0,NA,0,39.9999074935913,243.647133851051,0.595597855250041,0.570402081807454,NA,0.26,NA,0.01,0.0266666666666667,0.0333333333333333,0.0166666666666667,0.0166666666666667,0.0466666666666667,0.0333333333333333,0.0333333333333333,0.0466666666666667,0.736666666666667
18,479.76949920625,466.484069631674,486.681025134166,515.141920465265,NA,0,0,0,0,NA,0,29.9827797412872,259.071761095524,0.456211801369985,0.473530244827271,NA,0.293333333333333,NA,0.0166666666666667,0.0333333333333333,0.00666666666666667,0.03,0.0233333333333333,0.05,0.0366666666666667,0.0433333333333333,0.0566666666666667,0.703333333333333
19,474.284107079176,470.483760693187,492.67161829333,509.058089247889,NA,0,0,0,0,NA,0,30.2606015205383,259.517602300644,0.465408249696096,0.438664480050405,NA,0.266666666666667,NA,0.01,0.0166666666666667,0.0266666666666667,0.03,0.0366666666666667,0.0566666666666667,0.0466666666666667,0.03,0.04,0.706666666666667
20,473.285540815232,489.78019472809,485.737761210924,509.489464320074,NA,0,0,0,0,NA,0,33.2655756473541,251.066948358218,0.489631263415019,0.47335311571757,NA,0.28,NA,0.0166666666666667,0.00666666666666667,0.02,0.0266666666666667,0.0533333333333333,0.04,0.0633333333333333,0.02,0.0266666666666667,0.726666666666667
21,473.168430615832,490.777847863544,490.032102285521,509.158222986509,NA,0,0,0,0,NA,0,35.5586242675781,250.696122030417,0.495068168640137,0.487120552857717,NA,0.26,NA,0.0133333333333333,0.01,0.02,0.0233333333333333,0.0433333333333333,0.03,0.02,0.04,0.0433333333333333,0.756666666666667
22,474.039498177466,498.406979835405,481.870700064124,509.830672142434,NA,0,0,0,0,NA,0,40.4430134296417,249.568591793378,0.452892108758291,0.477937833468119,NA,0.27,NA,0.0166666666666667,0.01,0.02,0.03,0.0333333333333333,0.05,0.05,0.0166666666666667,0.03,0.743333333333333
23,475.07124661533,491.883909254456,488.482213592709,508.120776881523,NA,0,0,0,0,NA,0,16.7807493209839,159.436719429493,0.271079270044963,0.256926488876343,NA,0.28,NA,0.02,0.01,0.0133333333333333,0.0266666666666667,0.03,0.06,0.04,0.0533333333333333,0.02,0.726666666666667
24,475.158989852605,486.675578004752,490.523399113643,508.494255801395,NA,0,0,0,0,NA,0,38.564190864563,264.312761382262,0.494399027029673,0.478271849950155,NA,0.24,NA,0.0333333333333333,0.00666666666666667,0.00333333333333333,0.0333333333333333,0.0133333333333333,0.0433333333333333,0.0633333333333333,0.0433333333333333,0.0266666666666667,0.733333333333333
25,475.249764809229,483.630639296682,484.711322726353,510.155764945402,NA,0,0,0,0,NA,0,29.2421672344208,242.662136530876,0.467289157708486,0.515463797251383,NA,0.24,NA,0.0133333333333333,0.02,0.0433333333333333,0.02,0.0266666666666667,0.03,0.0366666666666667,0.04,0.04,0.73
26,481.18359820899,497.421317447405,485.548031204498,505.888886273059,NA,0,0,0,0,NA,0,28.9965572357178,234.796710948149,0.463285982608795,0.477860633532206,NA,0.28,NA,0.0233333333333333,0.02,0.03,0.0333333333333333,0.0433333333333333,0.0333333333333333,0.06,0.0266666666666667,0.05,0.68
27,474.140570336763,524.008956766737,495.16770696336,514.688747526088,NA,0,0,0,0,NA,0,32.8476116657257,247.690795556704,0.552289648850759,0.561836508909861,NA,0.28,NA,0.01,0.03,0.0233333333333333,0.03,0.0433333333333333,0.04,0.0233333333333333,0.0366666666666667,0.0466666666666667,0.716666666666667
28,471.325922010569,502.864253614376,482.678187855528,505.245757115829,NA,0,0,0,0,NA,0,31.1504509449005,250.95650071303,0.448770407835642,0.437811819712321,NA,0.286666666666667,NA,0.0233333333333333,0.02,0.0166666666666667,0.0333333333333333,0.02,0.03,0.04,0.0233333333333333,0.03,0.763333333333333
29,473.917680560326,471.426878614741,487.284670436773,508.284786104123,NA,0,0,0,0,NA,0,29.4552104473114,228.536357645194,0.450214509169261,0.437848122914632,NA,0.246666666666667,NA,0.00666666666666667,0.0266666666666667,0.0266666666666667,0.04,0.0366666666666667,0.0433333333333333,0.0366666666666667,0.05,0.0466666666666667,0.686666666666667
30,467.401536528296,512.432465614118,485.447828111343,507.69286821468,NA,0,0,0,0,NA,0,17.7636337280273,157.501590681076,0.281144467989604,0.26273117462794,NA,0.283333333333333,NA,0.01,0.02,0.02,0.03,0.0466666666666667,0.0133333333333333,0.0233333333333333,0.0533333333333333,0.0433333333333333,0.74
31,472.649504219415,508.46318807554,488.192081046138,510.83487797589,NA,0,0,0,0,NA,0,27.8485736846924,206.316955773036,0.262640420595805,0.261853003501892,NA,0.263333333333333,NA,0.0133333333333333,0.0233333333333333,0.0233333333333333,0.0266666666666667,0.04,0.04,0.02,0.0533333333333333,0.03,0.73
32,475.409562778474,486.986077818402,490.059237899284,510.03405734368,NA,0,0,0,0,NA,0,32.8446230888367,247.624355387688,0.429592112700144,0.427356672286987,NA,0.3,NA,0.0166666666666667,0.0166666666666667,0.0166666666666667,0.0333333333333333,0.0233333333333333,0.0366666666666667,0.0533333333333333,0.0566666666666667,0.0466666666666667,0.7
33,478.088867984362,498.40775478632,491.648324818286,512.518441695828,NA,0,0,0,0,NA,0,28.8986284732819,232.310147527854,0.475634670257568,0.467235028743744,NA,0.25,NA,0.01,0.0266666666666667,0.0133333333333333,0.02,0.02,0.0333333333333333,0.0333333333333333,0.0466666666666667,0.06,0.736666666666667
34,471.966723810271,484.955346873755,482.63122395169,512.697554457864,NA,0,0,0,0,NA,0,35.7719535827637,204.305906629562,0.277843117713928,0.264861802260081,NA,0.306666666666667,NA,0.03,0.03,0.0133333333333333,0.0333333333333333,0.0333333333333333,0.0433333333333333,0.0433333333333333,0.07,0.03,0.673333333333333
35,471.019150705504,485.645507607844,481.735148996442,506.293968423566,NA,0,0,0,0,NA,0,27.9308931827545,237.055519247055,0.501728395620982,0.492747743924459,NA,0.266666666666667,NA,0.00333333333333333,0.0166666666666667,0.0133333333333333,0.03,0.0233333333333333,0.0466666666666667,0.0266666666666667,0.04,0.0266666666666667,0.773333333333333
36,475.503358497258,506.369517189274,486.975762922729,507.84022189539,NA,0,0,0,0,NA,0,28.1294648647308,216.037336170673,0.43680332104365,0.428117938836416,NA,0.29,NA,0.0333333333333333,0.0133333333333333,0.0366666666666667,0.02,0.0233333333333333,0.0433333333333333,0.05,0.0233333333333333,0.0533333333333333,0.703333333333333
37,470.096582570251,478.622562002939,487.854644003935,508.885418398824,NA,0,0,0,0,NA,0,17.8667600154877,144.241860322158,0.248815739154816,0.260273269812266,NA,0.316666666666667,NA,0.0333333333333333,0.0233333333333333,0.0266666666666667,0.0266666666666667,0.0466666666666667,0.04,0.0466666666666667,0.0566666666666667,0.0233333333333333,0.676666666666667
38,476.763361973008,490.886447312608,490.375784391418,507.365240315836,NA,0,0,0,0,NA,0,15.8995459079742,150.1760231932,0.26536005338033,0.260037891070048,NA,0.253333333333333,NA,0.0133333333333333,0.00333333333333333,0.02,0.03,0.0266666666666667,0.03,0.04,0.0433333333333333,0.0566666666666667,0.736666666666667
39,476.105782451223,493.165257509302,486.324271639087,509.491933649465,NA,0,0,0,0,NA,0,26.9038236141205,223.629135942459,0.431524157524109,0.42731640736262,NA,0.296666666666667,NA,0.0266666666666667,0,0.03,0.0333333333333333,0.0233333333333333,0.0433333333333333,0.0433333333333333,0.0566666666666667,0.0466666666666667,0.696666666666667
40,473.761537162785,505.412483037499,489.735481528605,508.096916266338,NA,0,0,0,0,NA,0,29.8587679862976,220.280301145713,0.430600516001383,0.434787130355835,NA,0.286666666666667,NA,0.0333333333333333,0.0166666666666667,0.0233333333333333,0.0333333333333333,0.03,0.04,0.0466666666666667,0.0333333333333333,0.0333333333333333,0.71
41,477.681839035117,497.986772462213,480.159876378347,512.245744595332,NA,0,0,0,0,NA,0,16.7201361656189,154.469139671326,0.270988853772481,0.271753704547882,NA,0.27,NA,0.0166666666666667,0.01,0.0166666666666667,0.0233333333333333,0.0266666666666667,0.0366666666666667,0.0466666666666667,0.0466666666666667,0.0366666666666667,0.74
42,481.974662509256,492.109469034607,493.357642924877,512.087811379266,NA,0,0,0,0,NA,0,33.509124994278,238.209048513571,0.503694351514181,0.45277404387792,NA,0.31,NA,0.02,0.0166666666666667,0.0133333333333333,0.0166666666666667,0.0533333333333333,0.0433333333333333,0.0666666666666667,0.0333333333333333,0.0366666666666667,0.7
43,470.788641504192,486.132481135214,495.036312347815,517.826898596667,NA,0,0,0,0,NA,0,27.1291868686676,184.744962831338,0.258013578255971,0.259997196992238,NA,0.313333333333333,NA,0.01,0.02,0.01,0.0133333333333333,0.04,0.06,0.0633333333333333,0.04,0.04,0.703333333333333
44,468.993982712249,485.69290712682,489.608620122322,516.693560667161,NA,0,0,0,0,NA,0,17.01016497612,137.718872050444,0.257802228132884,0.259022478262583,NA,0.313333333333333,NA,0.0266666666666667,0.02,0.0133333333333333,0.0266666666666667,0.0566666666666667,0.0366666666666667,0.04,0.0466666666666667,0.04,0.693333333333333
45,476.564091535482,508.346137884516,484.617571545761,510.796552392641,NA,0,0,0,0,NA,0,16.4593415260315,143.86480708917,0.256777135531108,0.251342097918193,NA,0.243333333333333,NA,0.0266666666666667,0.0133333333333333,0.0333333333333333,0.03,0.06,0.0366666666666667,0.04,0.0266666666666667,0.03,0.703333333333333
46,478.842866496896,514.223328203057,489.451623485461,514.423838168083,NA,0,0,0,0,NA,0,27.4978168010712,232.375912380218,0.256591633955638,0.26203191280365,NA,0.263333333333333,NA,0.01,0.0333333333333333,0.0133333333333333,0.03,0.04,0.02,0.03,0.0533333333333333,0.0366666666666667,0.733333333333333
47,474.598475978119,475.963413923268,485.299236774838,507.792772467125,NA,0,0,0,0,NA,0,28.1842141151428,167.277176014582,0.270168832937876,0.257310446103414,NA,0.28,NA,0.03,0.03,0.0266666666666667,0.0266666666666667,0.03,0.03,0.0233333333333333,0.0466666666666667,0.03,0.726666666666667
48,472.141590845537,498.482539622821,482.571335255203,509.969545328693,NA,0,0,0,0,NA,0,16.7343413829803,154.568254065514,0.260546211401621,0.262514559427897,NA,0.29,NA,0.0133333333333333,0.02,0.01,0.0166666666666667,0.0433333333333333,0.04,0.0233333333333333,0.06,0.0433333333333333,0.73
49,470.778015000327,475.470931932635,489.895069909929,504.286985353526,NA,0,0,0,0,NA,0,29.3745083808899,157.164933447043,0.265251783529917,0.262724594275157,NA,0.236666666666667,NA,0.01,0.0166666666666667,0.0233333333333333,0.04,0.0466666666666667,0.0433333333333333,0.0466666666666667,0.04,0.02,0.713333333333333
50,472.910038761303,508.070375404886,484.829502456244,510.404814129663,NA,0,0,0,0,NA,0,16.7710473537445,137.193692457676,0.247013529141744,0.247450892130534,NA,0.276666666666667,NA,0.0266666666666667,0.01,0.0266666666666667,0.03,0.0433333333333333,0.0333333333333333,0.0466666666666667,0.04,0.0433333333333333,0.7
