"no","observed","IHsurvrf","trt1","trt0","trueopt","avg.prop.match.opt.obs","avg.prop.match.opt.IHsurvrf","avg.prop.match.opt.trt1","avg.prop.match.opt.trt0","avg.prop.match.opt.trueopt","change.integral","time.obs","time.IHsurvrf","time.trt1","time.trt0","time.trueopt","proportion.censor","num.convergence.it","n_1","n_2","n_3","n_4","n_5","n_6","n_7","n_8","n_9","n_10"
101,541.428539971767,541.842824759228,550.789812368036,570.460819831075,NA,0,0,0,0,NA,0,32.4006614685059,430.997998599211,0.709856128692627,0.687606465816498,NA,0.452,NA,0.022,0.01,0.03,0.036,0.052,0.046,0.05,0.026,0.034,0.694
102,544.562933146465,559.175558796926,556.303370266098,570.588237892274,NA,0,0,0,0,NA,0,32.4984498023987,346.885681756337,0.500547715028127,0.497597734133403,NA,0.458,NA,0.018,0.018,0.024,0.024,0.056,0.054,0.048,0.026,0.044,0.688
103,539.460212498408,532.579407021288,548.155433212484,576.398378991296,NA,0,0,0,0,NA,0,32.4347417354584,432.084678983688,0.577790129184723,0.554373447100321,NA,0.44,NA,0.022,0.028,0.032,0.03,0.038,0.042,0.028,0.056,0.044,0.68
104,547.784721316857,557.946562110973,550.350150630732,570.976756130413,NA,0,0,0,0,NA,0,18.7796106338501,318.664768671989,0.303604829311371,0.2972869237264,NA,0.422,NA,0.024,0.032,0.012,0.016,0.02,0.044,0.04,0.046,0.042,0.724
105,546.361134330547,547.063531259157,552.227642949582,570.592975593654,NA,0,0,0,0,NA,0,32.4821610450745,439.154824395974,0.549869950612386,0.624872521559397,NA,0.466,NA,0.02,0.01,0.024,0.018,0.048,0.024,0.058,0.04,0.054,0.704
106,553.666576236593,542.241755525891,557.153760279777,580.227075711147,NA,0,0,0,0,NA,0,32.5315310955048,443.202388799191,0.529412813981374,0.522299869855245,NA,0.442,NA,0.016,0.03,0.018,0.028,0.032,0.046,0.06,0.032,0.04,0.698
107,537.707026515092,547.027649365622,548.243005880464,574.482873543399,NA,0,0,0,0,NA,0,32.5393075942993,419.467653699716,0.640788249174754,0.647036103407542,NA,0.46,NA,0.014,0.03,0.018,0.034,0.052,0.036,0.05,0.054,0.034,0.678
108,548.428228266069,561.066460725288,553.506844549408,576.311330644886,NA,0,0,0,0,NA,0,46.5459554195404,383.72455094258,0.555173579851786,0.551871788501739,NA,0.444,NA,0.028,0.028,0.024,0.034,0.04,0.032,0.05,0.03,0.04,0.694
109,539.078705090052,533.239318833198,549.431921144527,569.645643932216,NA,0,0,0,0,NA,0,32.9519176483154,376.742950773239,0.268619477748871,0.2748934785525,NA,0.416,NA,0.016,0.014,0.026,0.036,0.052,0.044,0.038,0.044,0.032,0.698
110,544.265152434114,555.382796137329,550.450508009006,577.877359231475,NA,0,0,0,0,NA,0,36.1842851638794,405.060102784634,0.544853540261586,0.529881119728088,NA,0.442,NA,0.024,0.026,0.02,0.034,0.03,0.056,0.046,0.044,0.034,0.686
111,541.387282529982,561.057274017052,554.059381810982,578.69653505383,NA,0,0,0,0,NA,0,19.1321251392365,269.87051957051,0.291147975126902,0.288873541355133,NA,0.442,NA,0.022,0.014,0.022,0.028,0.036,0.038,0.042,0.034,0.03,0.734
112,545.977545509894,560.495167012098,554.85447386416,570.073021261603,NA,0,0,0,0,NA,0,39.5694425106049,388.314372297128,0.523774552345276,0.479299596945445,NA,0.456,NA,0.018,0.018,0.024,0.034,0.04,0.04,0.044,0.038,0.05,0.694
113,542.061214504027,548.206280357664,546.473641430005,567.764657141562,NA,0,0,0,0,NA,0,36.9232740402222,385.611414047082,0.530247537295024,0.499433533350627,NA,0.446,NA,0.018,0.032,0.022,0.032,0.03,0.054,0.046,0.038,0.05,0.678
114,542.622838788222,544.316740688603,552.281867148145,580.47701607299,NA,0,0,0,0,NA,0,43.7876954078674,399.555498762925,0.635483149687449,0.64496115843455,NA,0.374,NA,0.024,0.018,0.03,0.028,0.04,0.032,0.05,0.03,0.038,0.71
115,541.051385885901,545.977187070675,547.527829893066,576.481708729968,NA,0,0,0,0,NA,0,37.8805758953094,390.877050622304,0.456936864058177,0.455533504486084,NA,0.422,NA,0.022,0.022,0.016,0.03,0.04,0.046,0.05,0.038,0.03,0.706
116,547.072491536811,559.703595987071,552.26788732688,571.012928277126,NA,0,0,0,0,NA,0,18.5814743041992,248.331188484033,0.278512819608053,0.272734649976095,NA,0.408,NA,0.022,0.03,0.026,0.034,0.034,0.038,0.024,0.058,0.052,0.682
117,547.275436222798,542.141325258953,549.838179835159,576.894363392533,NA,0,0,0,0,NA,0,34.6856639385223,393.893994347254,0.505024282137553,0.490661907196045,NA,0.422,NA,0.022,0.022,0.02,0.028,0.028,0.026,0.048,0.042,0.044,0.72
118,548.355469054261,551.864357340407,553.357084038262,580.144017852673,NA,0,0,0,0,NA,0,18.1725707054138,359.647147790591,0.469946225484212,0.471664218107859,NA,0.446,NA,0.018,0.024,0.032,0.038,0.024,0.04,0.05,0.032,0.042,0.7
119,554.435817559376,545.045157780587,549.628164216659,573.496815431254,NA,0,0,0,0,NA,0,32.6132707595825,388.428968846798,0.604647227128347,0.640366701285044,NA,0.492,NA,0.02,0.022,0.034,0.014,0.036,0.044,0.05,0.032,0.064,0.684
120,545.902896106363,535.430956930232,549.861442994027,572.918870188831,NA,0,0,0,0,NA,0,34.7499601840973,376.38168721199,0.611860875288645,0.561794368426005,NA,0.442,NA,0.022,0.028,0.034,0.03,0.058,0.036,0.06,0.048,0.036,0.648
121,549.311602372964,560.973459781491,551.174100465993,571.57835337497,NA,0,0,0,0,NA,0,41.0969824790955,397.953098650773,0.524446086088816,0.509381604194641,NA,0.41,NA,0.016,0.024,0.03,0.018,0.042,0.036,0.038,0.032,0.044,0.72
122,550.605837151279,540.119906368836,551.654295129697,575.375928016164,NA,0,0,0,0,NA,0,31.1713984012604,412.58817046086,0.492584923903147,0.537565298875173,NA,0.41,NA,0.016,0.026,0.018,0.03,0.04,0.034,0.03,0.03,0.044,0.732
123,547.142978985859,563.85938794182,551.222196871385,575.095566119168,NA,0,0,0,0,NA,0,17.4980449676514,235.144072369734,0.268453669548035,0.268946727116903,NA,0.458,NA,0.024,0.038,0.028,0.036,0.036,0.066,0.042,0.034,0.044,0.652
124,544.311742814078,552.148084403847,552.27913187047,575.667707713966,NA,0,0,0,0,NA,0,32.1589555740356,342.485511358579,0.490525201956431,0.464778900146484,NA,0.408,NA,0.016,0.026,0.012,0.026,0.042,0.044,0.046,0.034,0.038,0.716
125,550.506355397782,551.278890958089,551.653347292763,576.263978057872,NA,0,0,0,0,NA,0,31.4944794178009,393.853041235606,0.537183646361033,0.538730653127034,NA,0.43,NA,0.038,0.026,0.008,0.03,0.032,0.042,0.072,0.042,0.048,0.662
126,545.137071870695,525.595755986179,547.523820060526,576.227222740581,NA,0,0,0,0,NA,0,38.2223060131073,409.78397645553,0.495431407292684,0.486654929320017,NA,0.384,NA,0.028,0.018,0.022,0.032,0.056,0.026,0.036,0.028,0.028,0.726
127,547.420707319582,551.371321455634,552.335830205225,578.591591642463,NA,0,0,0,0,NA,0,31.5087580680847,401.836836719513,0.564596156279246,0.560823277632395,NA,0.404,NA,0.024,0.022,0.03,0.024,0.042,0.026,0.04,0.04,0.026,0.726
128,538.958576607211,544.688517306818,553.183109789721,573.042840327758,NA,0,0,0,0,NA,0,32.447318315506,405.42199567159,0.645658524831136,0.606215949853261,NA,0.438,NA,0.032,0.028,0.008,0.04,0.046,0.046,0.03,0.026,0.04,0.704
129,545.794746311474,562.117512792931,548.638600121098,577.285462568482,NA,0,0,0,0,NA,0,36.4164385795593,384.458744116624,0.596004509925842,0.597467033068339,NA,0.46,NA,0.018,0.026,0.034,0.028,0.034,0.04,0.022,0.048,0.038,0.712
130,547.897784339911,540.807931172866,552.110924941964,577.050681686783,NA,0,0,0,0,NA,0,17.3667483329773,257.088194096088,0.450538186232249,0.44754380385081,NA,0.468,NA,0.022,0.016,0.018,0.034,0.028,0.034,0.036,0.042,0.042,0.728
131,542.190466284876,529.470203527697,545.797508369538,562.910129312857,NA,0,0,0,0,NA,0,30.2416155338287,398.260880784194,0.461553053061167,0.455722228686015,NA,0.438,NA,0.024,0.018,0.028,0.028,0.02,0.05,0.044,0.048,0.038,0.702
132,538.37726765146,560.803548473064,551.246611702178,578.580593907331,NA,0,0,0,0,NA,0,35.7194752693176,386.991706661383,0.481662714481354,0.477267638842265,NA,0.468,NA,0.018,0.024,0.032,0.042,0.04,0.044,0.052,0.036,0.038,0.674
133,544.903576518141,586.260027014624,553.770504052681,576.679085834637,NA,0,0,0,0,NA,0,30.5842776298523,399.598973389467,0.472232453028361,0.472280776500702,NA,0.414,NA,0.022,0.016,0.018,0.03,0.042,0.04,0.05,0.04,0.042,0.7
134,546.094573216265,561.319730236594,556.185427225954,574.206827255641,NA,0,0,0,0,NA,0,37.8201634883881,403.300894876321,0.489539635181427,0.466855498154958,NA,0.418,NA,0.028,0.022,0.018,0.024,0.044,0.032,0.024,0.044,0.044,0.72
135,551.40803853097,559.105354864507,551.105330562373,573.41315915856,NA,0,0,0,0,NA,0,40.4364001750946,400.901113335292,0.599414145946503,0.592035007476807,NA,0.45,NA,0.026,0.018,0.014,0.04,0.03,0.038,0.072,0.042,0.04,0.68
136,540.627784058944,554.354109113759,551.817867944338,572.934976683128,NA,0,0,0,0,NA,0,38.690043926239,389.895675265789,0.562500786781311,0.574093512694041,NA,0.424,NA,0.018,0.022,0.024,0.032,0.034,0.054,0.046,0.042,0.03,0.698
137,545.778505867523,570.946425549702,555.832410624067,578.640026347783,NA,0,0,0,0,NA,0,29.0163578987122,297.192422445615,0.270635867118835,0.27799113591512,NA,0.448,NA,0.014,0.01,0.024,0.038,0.046,0.038,0.046,0.04,0.038,0.706
138,552.215712574691,551.19783287574,552.510018517654,574.383176177936,NA,0,0,0,0,NA,0,29.5420842170715,253.540850917498,0.268079713980357,0.257854247093201,NA,0.424,NA,0.01,0.02,0.022,0.046,0.042,0.04,0.034,0.026,0.048,0.712
139,539.274034729768,553.832498647158,558.28257200648,577.727222926555,NA,0,0,0,0,NA,0,30.4008545875549,351.053443777561,0.260530956586202,0.255787432193756,NA,0.424,NA,0.012,0.016,0.026,0.034,0.042,0.052,0.046,0.044,0.044,0.684
140,549.867988153344,552.525623753501,552.99940096609,573.541817753699,NA,0,0,0,0,NA,0,31.1287226676941,353.432767283916,0.280226254463196,0.273444759845734,NA,0.446,NA,0.018,0.02,0.02,0.026,0.03,0.03,0.048,0.042,0.03,0.736
141,544.068976724267,551.90533412432,550.158249572844,566.833255503292,NA,0,0,0,0,NA,0,30.217661857605,385.30522018671,0.454930158456167,0.440139504273732,NA,0.406,NA,0.012,0.028,0.022,0.044,0.04,0.044,0.038,0.038,0.034,0.7
142,542.508303694396,544.470821504747,553.475591447998,575.50394918051,NA,0,0,0,0,NA,0,30.5145030021667,348.372247040272,0.2738232533137,0.274621478716532,NA,0.466,NA,0.018,0.02,0.028,0.04,0.028,0.058,0.046,0.04,0.032,0.69
143,539.738150323727,543.254783100332,558.564791449138,578.541852410466,NA,0,0,0,0,NA,0,37.4193415641785,263.160141928991,0.266511595249176,0.26738471587499,NA,0.41,NA,0.016,0.018,0.032,0.026,0.034,0.046,0.056,0.024,0.066,0.682
144,543.244193149668,544.9022626264,549.170573544764,574.434750310309,NA,0,0,0,0,NA,0,18.2107656002045,241.026475524902,0.263641281922658,0.264460055033366,NA,0.422,NA,0.018,0.03,0.024,0.036,0.038,0.034,0.036,0.044,0.04,0.7
145,544.665056506888,541.651666429556,551.011049967898,573.677115640118,NA,0,0,0,0,NA,0,16.5235159397125,241.340626740456,0.273619695504506,0.267136987050374,NA,0.444,NA,0.024,0.018,0.028,0.028,0.05,0.054,0.038,0.052,0.042,0.666
146,536.969633776611,559.870982506788,556.429541923216,576.133188404781,NA,0,0,0,0,NA,0,16.5983090400696,231.301457246145,0.263422429561615,0.272811814149221,NA,0.432,NA,0.026,0.016,0.02,0.044,0.044,0.04,0.044,0.036,0.034,0.696
147,546.30402929844,554.690702904792,553.202745427315,570.087793970377,NA,0,0,0,0,NA,0,18.3746547698975,256.363944375515,0.271231381098429,0.258404425779978,NA,0.422,NA,0.018,0.03,0.026,0.016,0.038,0.04,0.044,0.052,0.04,0.696
148,546.364231581903,550.483574664086,549.665936240651,576.903445650217,NA,0,0,0,0,NA,0,30.3262031078339,276.36191470623,0.263173111279806,0.269732435544332,NA,0.404,NA,0.018,0.026,0.028,0.034,0.034,0.03,0.022,0.048,0.066,0.694
149,543.274456469121,558.834448282817,553.030833188763,573.824067138417,NA,0,0,0,0,NA,0,18.2403509616852,248.330929211775,0.264373056093852,0.266096206506093,NA,0.41,NA,0.02,0.022,0.016,0.042,0.036,0.052,0.032,0.046,0.046,0.688
150,542.472528941137,543.209105441081,548.823161043903,579.717745484634,NA,0,0,0,0,NA,0,16.1279261112213,226.92656826973,0.261881426970164,0.261178358395894,NA,0.434,NA,0.018,0.018,0.014,0.03,0.038,0.052,0.044,0.062,0.038,0.686
