"no","observed","IHsurvrf","trt1","trt0","trueopt","avg.prop.match.opt.obs","avg.prop.match.opt.IHsurvrf","avg.prop.match.opt.trt1","avg.prop.match.opt.trt0","avg.prop.match.opt.trueopt","change.integral","time.obs","time.IHsurvrf","time.trt1","time.trt0","time.trueopt","proportion.censor","num.convergence.it","n_1","n_2","n_3","n_4","n_5","n_6","n_7","n_8","n_9","n_10"
51,544.321097496349,552.274856767187,549.054416794713,574.692769941557,NA,0,0,0,0,NA,0,30.0924425125122,453.309121410052,0.598460487524668,0.597942340373993,NA,0.414,NA,0.024,0.026,0.024,0.024,0.036,0.03,0.044,0.028,0.028,0.736
52,541.631536208231,567.321979196244,551.268979568449,576.796634324527,NA,0,0,0,0,NA,0,17.5288324356079,446.898733190695,0.61114829381307,0.610560258229574,NA,0.42,NA,0.016,0.018,0.026,0.04,0.026,0.04,0.05,0.04,0.024,0.72
53,540.28617022415,547.203343578451,564.175910365631,577.326856165689,NA,0,0,0,0,NA,0,30.1013336181641,428.265236492952,0.714565161863963,0.698076148827871,NA,0.434,NA,0.016,0.01,0.016,0.042,0.038,0.054,0.038,0.054,0.026,0.706
54,551.151124585003,541.844098045267,547.701326942754,572.429552012449,NA,0,0,0,0,NA,0,30.0973241329193,430.408033088843,0.333953130245209,0.330446183681488,NA,0.43,NA,0.02,0.014,0.018,0.032,0.042,0.062,0.034,0.04,0.042,0.696
55,550.524586742127,550.052379304573,553.086663266183,570.772365081599,NA,0,0,0,0,NA,0,30.2045588493347,261.821466267109,0.27440284093221,0.278895505269369,NA,0.48,NA,0.014,0.01,0.022,0.028,0.048,0.048,0.052,0.066,0.026,0.686
56,542.847472120507,548.566113104225,554.228575548254,570.973681439826,NA,0,0,0,0,NA,0,30.162015914917,448.157609943549,0.592546486854553,0.595760532220205,NA,0.49,NA,0.022,0.012,0.022,0.042,0.016,0.05,0.042,0.048,0.056,0.69
57,542.923711743662,539.457692448412,553.576751407133,568.738556095477,NA,0,0,0,0,NA,0,30.1690516471863,445.622008597851,0.715114871660868,0.729687988758087,NA,0.456,NA,0.026,0.018,0.034,0.016,0.036,0.042,0.038,0.066,0.036,0.688
58,544.025755408964,542.223801376754,555.302884204115,577.755990526107,NA,0,0,0,0,NA,0,39.086211681366,483.402533447742,0.612463609377543,0.643753985563914,NA,0.454,NA,0.026,0.018,0.022,0.042,0.046,0.042,0.052,0.038,0.034,0.68
59,543.891587373744,573.080679986805,557.379269847748,576.290156324231,NA,0,0,0,0,NA,0,39.1013810634613,499.417310170333,0.591239054997762,0.57423001130422,NA,0.38,NA,0.016,0.028,0.032,0.05,0.028,0.03,0.024,0.036,0.032,0.724
60,547.827809124371,572.979733179594,557.001800657651,572.22698214648,NA,0,0,0,0,NA,0,46.2429704666138,475.791337358952,0.630097568035126,0.619090072313945,NA,0.424,NA,0.034,0.028,0.038,0.04,0.036,0.042,0.052,0.03,0.034,0.666
61,538.05498697271,549.111341467386,551.128039082726,571.843335655542,NA,0,0,0,0,NA,0,21.7618474960327,418.445575392246,0.335548893610636,0.330991307894389,NA,0.438,NA,0.032,0.02,0.026,0.032,0.034,0.026,0.05,0.04,0.048,0.692
62,552.70784541918,571.24127352022,554.340629982354,572.310083851367,NA,0,0,0,0,NA,0,17.885235786438,415.138252826532,0.635127639770508,0.625600576400757,NA,0.41,NA,0.024,0.028,0.018,0.03,0.038,0.036,0.046,0.054,0.032,0.694
63,538.893770157437,569.733524032292,553.370130811151,572.891863120665,NA,0,0,0,0,NA,0,39.3245558738708,345.833493498961,0.346993803977966,0.336127857367198,NA,0.442,NA,0.018,0.02,0.016,0.04,0.038,0.04,0.048,0.05,0.038,0.692
64,535.746881979646,550.616607776881,554.056494308349,573.603149377219,NA,0,0,0,0,NA,0,47.8837187290192,467.629371233781,0.759332716464996,0.757160743077596,NA,0.452,NA,0.026,0.022,0.018,0.042,0.032,0.04,0.05,0.042,0.046,0.682
65,542.863488566905,557.515857380705,551.690113736998,569.721909098421,NA,0,0,0,0,NA,0,40.8602290153503,495.871667567889,0.581104397773743,0.593081116676331,NA,0.464,NA,0.022,0.03,0.024,0.024,0.036,0.038,0.034,0.04,0.048,0.704
66,542.899366099423,546.661373032854,554.115155524896,573.799621928523,NA,0,0,0,0,NA,0,37.5779342651367,498.290832599004,0.598803726832072,0.584250398476919,NA,0.436,NA,0.034,0.026,0.024,0.032,0.034,0.044,0.032,0.04,0.054,0.68
67,540.673185702592,571.213149605154,553.776931033241,572.032496009614,NA,0,0,0,0,NA,0,40.2925369739532,498.529726139704,0.535934706528982,0.582675051689148,NA,0.42,NA,0.026,0.022,0.014,0.03,0.036,0.042,0.04,0.046,0.054,0.69
68,547.244026762747,553.138162411749,541.703611825503,572.271207504418,NA,0,0,0,0,NA,0,21.2320132255554,319.387153557936,0.333942147095998,0.332665467262268,NA,0.424,NA,0.026,0.01,0.022,0.034,0.036,0.026,0.036,0.062,0.046,0.702
69,545.575042016853,549.60769711626,552.900119681245,580.668881972172,NA,0,0,0,0,NA,0,40.8776066303253,465.458578459422,0.580069084962209,0.559677275021871,NA,0.428,NA,0.03,0.022,0.028,0.02,0.066,0.052,0.032,0.024,0.034,0.692
70,539.154661775575,558.316057723776,549.544477167235,579.352616744735,NA,0,0,0,0,NA,0,21.4946327209473,471.634785079956,0.549705036481221,0.595547163486481,NA,0.468,NA,0.024,0.014,0.026,0.028,0.034,0.028,0.038,0.056,0.046,0.706
71,542.047311211972,560.065293566976,550.125966779382,573.17266929635,NA,0,0,0,0,NA,0,49.46084856987,516.446098637581,0.781187884012858,0.774323348204295,NA,0.436,NA,0.024,0.018,0.028,0.034,0.028,0.052,0.042,0.044,0.038,0.692
72,550.712424553213,578.914056155695,551.588794794625,566.832998553304,NA,0,0,0,0,NA,0,39.422988653183,485.115271961689,0.763967911402384,0.735353871186574,NA,0.394,NA,0.018,0.016,0.042,0.016,0.038,0.046,0.036,0.04,0.034,0.714
73,543.813768379057,544.12233172085,548.57297657132,569.358836745243,NA,0,0,0,0,NA,0,38.2813458442688,498.221521027883,0.639456884066264,0.640099736054738,NA,0.458,NA,0.028,0.016,0.028,0.042,0.034,0.05,0.034,0.042,0.046,0.68
74,551.467811591959,565.484534858652,549.781427562019,568.579352026449,NA,0,0,0,0,NA,0,38.939530134201,461.183104987939,0.592425787448883,0.586514886220296,NA,0.43,NA,0.02,0.024,0.028,0.036,0.048,0.038,0.05,0.032,0.024,0.7
75,539.390760884555,557.718883209892,556.018816044099,575.500224946101,NA,0,0,0,0,NA,0,21.733832359314,306.375677220027,0.338573475678762,0.34856409629186,NA,0.442,NA,0.042,0.026,0.036,0.038,0.034,0.044,0.03,0.044,0.026,0.68
76,543.275175812944,552.951587890542,543.577440517617,568.690212516858,NA,0,0,0,0,NA,0,36.9128751754761,490.582492979368,0.653231604894002,0.619718555609385,NA,0.426,NA,0.026,0.022,0.024,0.026,0.032,0.034,0.036,0.042,0.05,0.708
77,537.870276056796,559.513764592223,550.702472554429,580.97251645548,NA,0,0,0,0,NA,0,42.828663110733,507.812756005923,0.591233774026235,0.567389996846517,NA,0.438,NA,0.018,0.02,0.024,0.03,0.038,0.036,0.034,0.054,0.046,0.7
78,546.950094711243,539.080246258759,552.069576388113,574.354027948034,NA,0,0,0,0,NA,0,44.0710966587067,513.749166826407,0.585672763983409,0.565985325972239,NA,0.434,NA,0.018,0.016,0.026,0.016,0.032,0.042,0.048,0.038,0.036,0.728
79,539.643285008839,546.123587457343,552.269480638172,570.476390655841,NA,0,0,0,0,NA,0,48.1880009174347,494.754519752661,0.711676442623138,0.709980765978495,NA,0.476,NA,0.026,0.02,0.018,0.03,0.04,0.046,0.046,0.046,0.054,0.674
80,541.416695340234,559.911826595992,549.866552162447,574.082608506655,NA,0,0,0,0,NA,0,41.5234756469727,487.981683929761,0.558136665821075,0.567326088746389,NA,0.426,NA,0.018,0.022,0.016,0.042,0.044,0.038,0.036,0.052,0.042,0.69
81,537.157233343972,574.110272881706,546.19535332899,575.912133412159,NA,0,0,0,0,NA,0,37.6942064762115,490.009791743755,0.597574953238169,0.586097113291423,NA,0.418,NA,0.026,0.02,0.014,0.028,0.028,0.05,0.034,0.058,0.038,0.704
82,534.882250754954,562.085878688469,548.489656340403,570.918237333168,NA,0,0,0,0,NA,0,22.7391307353973,341.269145198663,0.330516572793325,0.336241646607717,NA,0.418,NA,0.016,0.018,0.032,0.024,0.032,0.044,0.03,0.038,0.032,0.734
83,538.079085634857,543.369986423701,545.111048800776,572.362060263377,NA,0,0,0,0,NA,0,40.5516488552094,468.372412161032,0.653224309285482,0.640356067816416,NA,0.44,NA,0.024,0.018,0.034,0.036,0.038,0.056,0.03,0.05,0.042,0.672
84,545.371828299865,555.838757268701,552.11158584165,572.849160714348,NA,0,0,0,0,NA,0,37.2408034801483,513.759675463041,0.575059700012207,0.580521734555562,NA,0.446,NA,0.014,0.014,0.03,0.04,0.036,0.044,0.048,0.038,0.054,0.682
85,544.716380309438,564.483472155887,552.447524662659,577.150132386721,NA,0,0,0,0,NA,0,37.0912144184113,487.059697012107,0.583673870563507,0.559019446372986,NA,0.44,NA,0.026,0.03,0.026,0.038,0.042,0.042,0.036,0.03,0.038,0.692
86,532.88181400116,557.832991409106,548.851904928894,574.433987481756,NA,0,0,0,0,NA,0,45.6879899501801,449.533523305257,0.33573591709137,0.329863516489665,NA,0.404,NA,0.026,0.022,0.016,0.03,0.032,0.052,0.036,0.034,0.048,0.704
87,544.172562081504,563.896594594844,555.064462918221,578.363952340321,NA,0,0,0,0,NA,0,37.9011852741241,339.556832373142,0.339576796690623,0.342832612991333,NA,0.41,NA,0.016,0.018,0.026,0.03,0.028,0.038,0.048,0.032,0.044,0.72
88,542.983186336986,552.891598148183,560.231961795785,578.814771391993,NA,0,0,0,0,NA,0,37.4543833732605,483.044186747074,0.594737231731415,0.560936371485392,NA,0.416,NA,0.02,0.024,0.026,0.032,0.046,0.038,0.042,0.044,0.02,0.708
89,550.962896695713,550.693966871718,546.456149018829,576.606885468059,NA,0,0,0,0,NA,0,21.9762740135193,332.967249703407,0.333894344170888,0.334832950433095,NA,0.458,NA,0.014,0.01,0.018,0.03,0.04,0.038,0.054,0.03,0.05,0.716
90,543.086902708112,567.769825396772,562.269820790596,577.623201157033,NA,0,0,0,0,NA,0,39.9745144844055,439.04062726895,0.344332726796468,0.338272674878438,NA,0.456,NA,0.012,0.036,0.026,0.038,0.042,0.036,0.048,0.044,0.024,0.694
91,543.051584412293,546.616570855661,555.633765014963,574.096567308905,NA,0,0,0,0,NA,0,38.7891790866852,481.748734255632,0.564485530058543,0.557046663761139,NA,0.418,NA,0.036,0.024,0.02,0.032,0.044,0.04,0.036,0.038,0.04,0.69
92,539.865598464698,549.621206660409,549.474125634815,572.371585170333,NA,0,0,0,0,NA,0,36.2914974689484,436.168188261986,0.332289230823517,0.328326487541199,NA,0.436,NA,0.016,0.01,0.032,0.036,0.038,0.052,0.05,0.056,0.036,0.674
93,548.792058256796,539.860875921451,547.517804238426,573.758223936776,NA,0,0,0,0,NA,0,21.2081508636475,287.983263381322,0.283024807771047,0.288910452524821,NA,0.424,NA,0.02,0.02,0.018,0.038,0.034,0.038,0.044,0.058,0.042,0.688
94,538.308423736008,553.935604634755,549.139243617183,570.998104000316,NA,0,0,0,0,NA,0,22.5849666595459,278.490204703808,0.332108215490977,0.337182275454203,NA,0.448,NA,0.016,0.026,0.036,0.03,0.036,0.046,0.032,0.054,0.04,0.684
95,551.021500613275,556.111151425051,550.510365285556,569.910589417446,NA,0,0,0,0,NA,0,36.8352675437927,357.046024207274,0.274773931503296,0.273410701751709,NA,0.45,NA,0.02,0.022,0.024,0.042,0.034,0.042,0.06,0.038,0.038,0.68
96,540.348290853208,556.556668110506,555.578351667494,573.140531933698,NA,0,0,0,0,NA,0,21.8925709724426,306.59283708334,0.341023528575897,0.339506077766418,NA,0.436,NA,0.02,0.018,0.036,0.04,0.032,0.056,0.044,0.042,0.03,0.682
97,539.073577038541,565.905446562226,552.109985250249,573.784117392958,NA,0,0,0,0,NA,0,21.6919188499451,301.429721407096,0.333070723215739,0.330053091049194,NA,0.44,NA,0.032,0.022,0.022,0.042,0.044,0.042,0.036,0.052,0.044,0.664
98,532.197388811689,555.706034354145,545.504761817748,571.25225963201,NA,0,0,0,0,NA,0,37.2526469230652,381.010592520237,0.303921560446421,0.295561329523722,NA,0.44,NA,0.018,0.02,0.026,0.048,0.064,0.044,0.046,0.034,0.05,0.65
99,546.730074294225,555.990025454707,553.926136510182,576.784661722056,NA,0,0,0,0,NA,0,21.4717557430267,284.959218537807,0.288348567485809,0.280211305618286,NA,0.412,NA,0.018,0.02,0.026,0.018,0.052,0.028,0.048,0.036,0.044,0.71
100,543.49302424817,538.096176552957,545.965042880388,570.114563423033,NA,0,0,0,0,NA,0,18.9957129955292,224.785366010666,0.259113200505575,0.257543341318766,NA,0.45,NA,0.018,0.028,0.02,0.026,0.028,0.028,0.06,0.036,0.048,0.708
