"no","observed","IHsurvrf","trt1","trt0","trueopt","avg.prop.match.opt.obs","avg.prop.match.opt.IHsurvrf","avg.prop.match.opt.trt1","avg.prop.match.opt.trt0","avg.prop.match.opt.trueopt","change.integral","time.obs","time.IHsurvrf","time.trt1","time.trt0","time.trueopt","proportion.censor","num.convergence.it","n_1","n_2","n_3","n_4","n_5","n_6","n_7","n_8","n_9","n_10"
101,473.129214564939,501.715150358617,487.708384573084,504.221080442842,NA,0,0,0,0,NA,0,27.8624265193939,255.276161833604,0.627877986431122,0.6246693054835,NA,0.283333333333333,NA,0.0166666666666667,0.0233333333333333,0.01,0.0133333333333333,0.0533333333333333,0.04,0.0533333333333333,0.03,0.04,0.72
102,477.083904993583,520.240504250848,488.599695502372,511.235867604191,NA,0,0,0,0,NA,0,27.737982749939,251.978160365423,0.545316207408905,0.545889262358348,NA,0.313333333333333,NA,0.0233333333333333,0.01,0.03,0.0466666666666667,0.0366666666666667,0.04,0.04,0.0433333333333333,0.0433333333333333,0.686666666666667
103,474.641920332168,489.417576446423,489.310920730642,512.346798431611,NA,0,0,0,0,NA,0,27.9284510612488,250.964162417253,0.626931667327881,0.616562644640605,NA,0.31,NA,0.0133333333333333,0.02,0.0166666666666667,0.03,0.0566666666666667,0.0233333333333333,0.0433333333333333,0.05,0.05,0.696666666666667
104,475.710297846118,486.695578849864,492.659326427178,511.883615414817,NA,0,0,0,0,NA,0,15.986517906189,168.134784622987,0.307384737332662,0.301627016067505,NA,0.233333333333333,NA,0.0266666666666667,0.0133333333333333,0.03,0.0266666666666667,0.03,0.0433333333333333,0.02,0.04,0.04,0.73
105,474.539655672823,489.661861059048,489.069550177745,514.526824571209,NA,0,0,0,0,NA,0,28.0513443946838,256.705256076654,0.531564756234487,0.495755902926127,NA,0.273333333333333,NA,0.0266666666666667,0.0233333333333333,0.0233333333333333,0.02,0.0333333333333333,0.03,0.0633333333333333,0.0166666666666667,0.04,0.723333333333333
106,481.181027211072,478.830244804288,489.216362849621,513.142685589145,NA,0,0,0,0,NA,0,27.8092648983002,250.154415706793,0.597201565901438,0.603294269243876,NA,0.343333333333333,NA,0.0333333333333333,0.0166666666666667,0.0266666666666667,0.05,0.0433333333333333,0.04,0.0533333333333333,0.0666666666666667,0.0433333333333333,0.626666666666667
107,470.280064696324,487.008644789959,485.84585015608,502.27146873069,NA,0,0,0,0,NA,0,27.9248986244202,262.748008263111,0.478084230422974,0.481256262461344,NA,0.256666666666667,NA,0.00666666666666667,0.0266666666666667,0.0233333333333333,0.04,0.06,0.0433333333333333,0.0566666666666667,0.0333333333333333,0.04,0.67
108,478.310527044129,509.44482380305,490.010188861653,511.453611936204,NA,0,0,0,0,NA,0,41.1361486911774,264.761563607057,0.434717003504435,0.430225467681885,NA,0.333333333333333,NA,0.00666666666666667,0.0133333333333333,0.0233333333333333,0.0266666666666667,0.0233333333333333,0.0433333333333333,0.04,0.0633333333333333,0.0466666666666667,0.713333333333333
109,478.527218898858,474.01572510285,481.753154379427,508.456721564823,NA,0,0,0,0,NA,0,32.1911988258362,248.894022409121,0.540589284896851,0.534869774182637,NA,0.33,NA,0.0233333333333333,0.02,0.0266666666666667,0.03,0.0566666666666667,0.0666666666666667,0.0266666666666667,0.04,0.0466666666666667,0.663333333333333
110,476.623336387272,492.121526101906,483.898041168091,513.750396987202,NA,0,0,0,0,NA,0,39.9622702598572,264.494530808926,0.448794984817505,0.441584352652232,NA,0.273333333333333,NA,0.0133333333333333,0.0166666666666667,0.02,0.0266666666666667,0.04,0.0366666666666667,0.05,0.0166666666666667,0.0333333333333333,0.746666666666667
111,477.752675169339,493.772898288303,480.444715302509,512.435072794152,NA,0,0,0,0,NA,0,18.7603330612183,162.980544161797,0.274653069178263,0.276937790711721,NA,0.26,NA,0.03,0.02,0.0233333333333333,0.0233333333333333,0.07,0.0333333333333333,0.0333333333333333,0.0466666666666667,0.01,0.71
112,475.903857949213,498.04813296528,483.060384147104,508.343071256059,NA,0,0,0,0,NA,0,31.2323756217957,246.644882492224,0.50380349556605,0.518642290433248,NA,0.303333333333333,NA,0.01,0.0133333333333333,0.02,0.0733333333333333,0.0366666666666667,0.0433333333333333,0.04,0.0266666666666667,0.0333333333333333,0.703333333333333
113,467.920418873323,502.426991728999,485.888520064482,509.02956991944,NA,0,0,0,0,NA,0,37.883111000061,254.416954155763,0.453183035055796,0.448217225074768,NA,0.313333333333333,NA,0.0333333333333333,0.0233333333333333,0.0166666666666667,0.04,0.0433333333333333,0.0733333333333333,0.0366666666666667,0.0333333333333333,0.04,0.66
114,473.032962697573,467.897043917607,489.084346207916,513.876623004709,NA,0,0,0,0,NA,0,31.7090995311737,257.78881371816,0.431317269802094,0.421567225456238,NA,0.283333333333333,NA,0.02,0.0133333333333333,0.03,0.03,0.0433333333333333,0.0233333333333333,0.0433333333333333,0.0333333333333333,0.0233333333333333,0.74
115,473.436359937798,481.931735246722,478.872449259947,507.679719856565,NA,0,0,0,0,NA,0,26.9762706756592,228.357374008497,0.525308422247569,0.517658380667369,NA,0.266666666666667,NA,0.0166666666666667,0.01,0.02,0.0366666666666667,0.0366666666666667,0.04,0.0333333333333333,0.0433333333333333,0.0433333333333333,0.72
116,473.680352534337,495.414790138987,493.221556070016,510.931552347288,NA,0,0,0,0,NA,0,34.6171305179596,226.169506072998,0.436871941884359,0.429931076367696,NA,0.306666666666667,NA,0.0233333333333333,0.0233333333333333,0.01,0.02,0.04,0.0466666666666667,0.0433333333333333,0.0366666666666667,0.0366666666666667,0.72
117,477.437573445219,482.968408052063,491.935236490614,507.483696070906,NA,0,0,0,0,NA,0,28.0362110137939,227.088912439346,0.448519802093506,0.450597616036733,NA,0.283333333333333,NA,0.0233333333333333,0.0166666666666667,0.0133333333333333,0.0333333333333333,0.04,0.0433333333333333,0.04,0.04,0.05,0.7
118,479.035396741183,487.89607628825,486.69817858869,514.83311021899,NA,0,0,0,0,NA,0,17.9614725112915,156.778433398406,0.252938302357992,0.252962227662404,NA,0.313333333333333,NA,0.00666666666666667,0.0233333333333333,0.0333333333333333,0.04,0.0566666666666667,0.06,0.04,0.04,0.0466666666666667,0.653333333333333
119,478.58713654754,481.154904898486,482.595871894361,510.711435340733,NA,0,0,0,0,NA,0,33.9730584621429,211.415617132187,0.475685954093933,0.498483979701996,NA,0.27,NA,0.02,0.0133333333333333,0.01,0.0266666666666667,0.06,0.05,0.0166666666666667,0.04,0.0333333333333333,0.73
120,480.11564606832,488.805609993234,491.104754226966,510.351991058692,NA,0,0,0,0,NA,0,27.659966468811,222.328998895486,0.487750049432119,0.448610138893127,NA,0.276666666666667,NA,0.0166666666666667,0.02,0.0133333333333333,0.0333333333333333,0.04,0.0233333333333333,0.0333333333333333,0.04,0.0266666666666667,0.753333333333333
121,477.202416723352,479.350011813589,482.792655125296,504.764047040059,NA,0,0,0,0,NA,0,26.9847128391266,229.332089455922,0.433324595292409,0.475102738539378,NA,0.276666666666667,NA,0.0166666666666667,0.01,0.02,0.0266666666666667,0.0466666666666667,0.05,0.04,0.04,0.0433333333333333,0.706666666666667
122,480.033314645436,475.436029258143,486.220943966205,510.570341282092,NA,0,0,0,0,NA,0,28.3917140960693,228.222219336033,0.531568225224813,0.538704160849253,NA,0.266666666666667,NA,0.0166666666666667,0.01,0.0366666666666667,0.0366666666666667,0.0333333333333333,0.03,0.0466666666666667,0.0266666666666667,0.0366666666666667,0.726666666666667
123,477.806539716121,505.71043433798,489.681155480364,511.240335159707,NA,0,0,0,0,NA,0,28.8826341629028,239.326759346326,0.455754621823629,0.455353971322378,NA,0.256666666666667,NA,0.0266666666666667,0.0233333333333333,0.0266666666666667,0.0233333333333333,0.0366666666666667,0.04,0.0233333333333333,0.03,0.0466666666666667,0.723333333333333
124,474.065152411757,504.24442875492,489.985281932339,511.980098301777,NA,0,0,0,0,NA,0,29.5398490428925,233.754119555155,0.439498285452525,0.445356488227844,NA,0.296666666666667,NA,0.01,0.0233333333333333,0.0266666666666667,0.02,0.0266666666666667,0.0633333333333333,0.0333333333333333,0.04,0.0433333333333333,0.713333333333333
125,471.287037563714,503.949183220747,483.328788483928,505.592566420546,NA,0,0,0,0,NA,0,16.2522835731506,140.031328769525,0.254980238278707,0.248970067501068,NA,0.253333333333333,NA,0.02,0.00666666666666667,0.0333333333333333,0.0266666666666667,0.04,0.03,0.0533333333333333,0.0266666666666667,0.0566666666666667,0.706666666666667
126,470.999279728783,485.395864809159,479.843534709866,511.092044007463,NA,0,0,0,0,NA,0,34.5334486961365,231.89444732666,0.421430822213491,0.417571914196014,NA,0.33,NA,0,0.0166666666666667,0.0233333333333333,0.0333333333333333,0.0233333333333333,0.04,0.0533333333333333,0.0366666666666667,0.0266666666666667,0.746666666666667
127,475.075005398782,502.737658951685,492.861170237395,510.786511353732,NA,0,0,0,0,NA,0,28.3055577278137,227.838518957297,0.542946493625641,0.536108382542928,NA,0.3,NA,0.0266666666666667,0.0233333333333333,0.0133333333333333,0.0233333333333333,0.0633333333333333,0.0333333333333333,0.0366666666666667,0.05,0.0433333333333333,0.686666666666667
128,477.720847771181,497.19120628182,489.146058848994,508.550874809713,NA,0,0,0,0,NA,0,31.8005201816559,230.026616247495,0.440833600362142,0.431204477945964,NA,0.33,NA,0.0266666666666667,0.02,0.0266666666666667,0.02,0.0166666666666667,0.0433333333333333,0.0566666666666667,0.0433333333333333,0.0466666666666667,0.7
129,469.066061752403,477.807743794654,490.129186776392,510.080222790419,NA,0,0,0,0,NA,0,34.5417928695679,177.653004904588,0.24682480096817,0.250871646404266,NA,0.23,NA,0.03,0.00666666666666667,0.0166666666666667,0.0166666666666667,0.0433333333333333,0.0366666666666667,0.05,0.05,0.03,0.72
130,477.861208056402,497.755532152899,488.189004667218,510.089847128946,NA,0,0,0,0,NA,0,28.770251750946,224.181733894348,0.43146980603536,0.439983638127645,NA,0.273333333333333,NA,0.0266666666666667,0.0233333333333333,0.0266666666666667,0.0166666666666667,0.0266666666666667,0.0333333333333333,0.04,0.04,0.0533333333333333,0.713333333333333
131,479.106745488874,487.768325482158,486.41630552772,508.6737213528,NA,0,0,0,0,NA,0,28.8885278701782,230.382300511996,0.446086994806925,0.434074147542318,NA,0.236666666666667,NA,0.0133333333333333,0.0333333333333333,0.00666666666666667,0.0166666666666667,0.06,0.0566666666666667,0.0166666666666667,0.0433333333333333,0.0366666666666667,0.716666666666667
132,473.072804750677,469.710319871436,490.840661393931,515.625472988395,NA,0,0,0,0,NA,0,15.7543470859528,137.942995754878,0.25686989625295,0.258851639429728,NA,0.31,NA,0.0133333333333333,0.00666666666666667,0.0333333333333333,0.0366666666666667,0.0466666666666667,0.0466666666666667,0.0233333333333333,0.04,0.04,0.713333333333333
133,479.349952285667,474.623550810358,493.042353348986,511.594482120394,NA,0,0,0,0,NA,0,26.8494112491608,227.758006433646,0.439505060513814,0.442421873410543,NA,0.33,NA,0.0166666666666667,0.03,0.0133333333333333,0.03,0.03,0.05,0.0466666666666667,0.0366666666666667,0.0466666666666667,0.7
134,481.293254357931,501.366845184596,487.411428416272,512.832820017349,NA,0,0,0,0,NA,0,36.2593350410461,219.265746637185,0.559246651331584,0.563422509034475,NA,0.286666666666667,NA,0.0233333333333333,0.0133333333333333,0.03,0.0266666666666667,0.0333333333333333,0.04,0.06,0.0333333333333333,0.0233333333333333,0.716666666666667
135,486.062180715836,467.302644046195,483.926044910455,511.269009330547,NA,0,0,0,0,NA,0,27.7385125160217,165.89914889733,0.263966810703278,0.257868524392446,NA,0.286666666666667,NA,0.04,0.0266666666666667,0.0366666666666667,0.0233333333333333,0.03,0.0266666666666667,0.04,0.0366666666666667,0.04,0.7
136,479.245409223519,495.377110974695,490.406979569321,509.614629874766,NA,0,0,0,0,NA,0,16.4461705684662,150.176281730334,0.255414116382599,0.256875574588776,NA,0.256666666666667,NA,0.02,0.01,0.01,0.02,0.0333333333333333,0.0333333333333333,0.0133333333333333,0.03,0.03,0.8
137,482.164114060273,483.390706040006,492.377611261985,509.756813213213,NA,0,0,0,0,NA,0,28.3656632900238,224.888340934118,0.422968443234762,0.417501187324524,NA,0.256666666666667,NA,0.0166666666666667,0.0166666666666667,0.0166666666666667,0.0266666666666667,0.0533333333333333,0.05,0.0333333333333333,0.03,0.02,0.736666666666667
138,476.375572205058,493.583805335207,485.359728795262,511.462736694693,NA,0,0,0,0,NA,0,27.6383023262024,225.425582734744,0.444875025749207,0.43575298388799,NA,0.276666666666667,NA,0.02,0.01,0.02,0.0233333333333333,0.0433333333333333,0.0333333333333333,0.0366666666666667,0.03,0.0433333333333333,0.74
139,473.146014936121,494.10608298913,488.283304972936,511.634036610927,NA,0,0,0,0,NA,0,16.4427599906921,140.705182659626,0.255057259400686,0.24842563867569,NA,0.233333333333333,NA,0.0266666666666667,0.0266666666666667,0.03,0.0433333333333333,0.0566666666666667,0.0366666666666667,0.0333333333333333,0.03,0.0433333333333333,0.673333333333333
140,475.118535978566,495.747388545785,489.663505517603,513.094834056616,NA,0,0,0,0,NA,0,28.3844289779663,224.872540394465,0.432888646920522,0.419989991188049,NA,0.203333333333333,NA,0.0166666666666667,0.01,0.01,0.0366666666666667,0.0266666666666667,0.03,0.02,0.03,0.0466666666666667,0.773333333333333
141,476.955783206282,493.297110963663,489.742044316663,506.534801239914,NA,0,0,0,0,NA,0,35.5670039653778,223.406635936101,0.538523570696513,0.535001254081726,NA,0.303333333333333,NA,0.02,0.0233333333333333,0.0233333333333333,0.01,0.0433333333333333,0.0333333333333333,0.0533333333333333,0.0366666666666667,0.0433333333333333,0.713333333333333
142,477.389440892986,490.252130870872,488.448547217893,510.761810842462,NA,0,0,0,0,NA,0,16.225109577179,148.475449021657,0.25243908961614,0.254696822166443,NA,0.256666666666667,NA,0.02,0.0133333333333333,0.03,0.0366666666666667,0.04,0.0333333333333333,0.06,0.04,0.0466666666666667,0.68
143,474.255308206553,476.2095452424,481.740415512776,510.959471700797,NA,0,0,0,0,NA,0,16.338495016098,147.501929239432,0.261728819211324,0.252952444553375,NA,0.29,NA,0.02,0.0166666666666667,0.0233333333333333,0.02,0.0233333333333333,0.0333333333333333,0.0233333333333333,0.04,0.05,0.75
144,477.413992978851,491.146491389465,487.156668608841,510.515773495383,NA,0,0,0,0,NA,0,26.9854400157928,148.306520223618,0.249426647027334,0.247374693552653,NA,0.26,NA,0.0166666666666667,0.0233333333333333,0.02,0.0266666666666667,0.0333333333333333,0.0233333333333333,0.0366666666666667,0.03,0.0433333333333333,0.746666666666667
145,473.747047601195,482.852292906523,485.210039030826,510.723423312873,NA,0,0,0,0,NA,0,27.4714074134827,187.66269116799,0.254328568776449,0.243392109870911,NA,0.283333333333333,NA,0.02,0.0133333333333333,0.02,0.0366666666666667,0.0633333333333333,0.03,0.0566666666666667,0.0333333333333333,0.0533333333333333,0.673333333333333
146,472.574778543884,482.012123916355,488.275847312545,515.107221455949,NA,0,0,0,0,NA,0,15.7221188545227,145.565949368477,0.254895456631978,0.25763373374939,NA,0.313333333333333,NA,0.0166666666666667,0.02,0.0233333333333333,0.0266666666666667,0.03,0.04,0.0233333333333333,0.0366666666666667,0.0366666666666667,0.746666666666667
147,475.259556170331,485.797234509701,482.965240127693,509.717538655685,NA,0,0,0,0,NA,0,26.7000865936279,196.460980598132,0.255294060707092,0.251122256120046,NA,0.273333333333333,NA,0.0133333333333333,0.0133333333333333,0.04,0.05,0.0266666666666667,0.0533333333333333,0.0433333333333333,0.0366666666666667,0.0433333333333333,0.68
148,474.613150129598,483.530772857123,483.114868217316,504.67272129337,NA,0,0,0,0,NA,0,35.2256991863251,156.454096603394,0.247041233380636,0.246427802244822,NA,0.243333333333333,NA,0.03,0.0233333333333333,0.0233333333333333,0.0266666666666667,0.05,0.0366666666666667,0.03,0.03,0.0433333333333333,0.706666666666667
149,473.693156698238,468.709917769865,490.412905163264,508.585601168117,NA,0,0,0,0,NA,0,16.1444721221924,146.708575264613,0.259240245819092,0.251579709847768,NA,0.26,NA,0.0133333333333333,0.00666666666666667,0.0233333333333333,0.0366666666666667,0.0466666666666667,0.0466666666666667,0.0533333333333333,0.0433333333333333,0.02,0.71
150,477.252298611883,501.048173368938,489.189617701136,512.123271188108,NA,0,0,0,0,NA,0,16.0066480636597,139.661249359449,0.249418191115061,0.247765719890594,NA,0.243333333333333,NA,0.0233333333333333,0.0266666666666667,0.00666666666666667,0.03,0.0266666666666667,0.0466666666666667,0.0333333333333333,0.0666666666666667,0.0333333333333333,0.706666666666667
