"no","observed","IHsurvrf","trt1","trt0","trueopt","avg.prop.match.opt.obs","avg.prop.match.opt.IHsurvrf","avg.prop.match.opt.trt1","avg.prop.match.opt.trt0","avg.prop.match.opt.trueopt","change.integral","time.obs","time.IHsurvrf","time.trt1","time.trt0","time.trueopt","proportion.censor","num.convergence.it","n_1","n_2","n_3","n_4","n_5","n_6","n_7","n_8","n_9","n_10"
151,477.032860816819,498.80351436204,489.912071568759,506.561420091612,NA,0,0,0,0,NA,0,32.2149376869202,239.260640835762,0.600274765491486,0.579609262943268,NA,0.313333333333333,NA,0.01,0.0133333333333333,0.02,0.03,0.0466666666666667,0.0433333333333333,0.0566666666666667,0.0633333333333333,0.02,0.696666666666667
152,478.405164164831,482.970255026046,488.767339700956,511.647518705611,NA,0,0,0,0,NA,0,32.3288404941559,234.402502878507,0.586029394467672,0.582443543275197,NA,0.293333333333333,NA,0.0166666666666667,0.0233333333333333,0.02,0.0333333333333333,0.0266666666666667,0.0266666666666667,0.0333333333333333,0.04,0.0433333333333333,0.736666666666667
153,474.08147882103,495.12464353733,481.536135365283,505.288247220708,NA,0,0,0,0,NA,0,32.1079487800598,244.453413506349,0.476649638017019,0.464601043860118,NA,0.316666666666667,NA,0.0133333333333333,0.0266666666666667,0.01,0.03,0.0366666666666667,0.06,0.0233333333333333,0.0733333333333333,0.0633333333333333,0.663333333333333
154,475.629283588622,497.544398163804,487.188547745207,512.179611997587,NA,0,0,0,0,NA,0,19.0252463817596,145.022879020373,0.278793239593506,0.282298751672109,NA,0.276666666666667,NA,0.0166666666666667,0.0233333333333333,0.0266666666666667,0.0266666666666667,0.0533333333333333,0.0366666666666667,0.0466666666666667,0.0333333333333333,0.0366666666666667,0.7
155,478.036440768448,494.038408430279,482.98463780398,505.258045445592,NA,0,0,0,0,NA,0,32.2220809459686,244.411910271645,0.489579780896505,0.472057251135508,NA,0.293333333333333,NA,0.01,0.0133333333333333,0.0166666666666667,0.0266666666666667,0.0433333333333333,0.0333333333333333,0.05,0.0466666666666667,0.0466666666666667,0.713333333333333
156,477.075148887862,478.189272091493,487.400414208547,506.836205950388,NA,0,0,0,0,NA,0,32.2040722370148,247.867112863064,0.486111807823181,0.469661819934845,NA,0.23,NA,0.00666666666666667,0.0233333333333333,0.03,0.0233333333333333,0.0233333333333333,0.0333333333333333,0.0366666666666667,0.0333333333333333,0.0366666666666667,0.753333333333333
157,471.333258332475,483.186708252338,485.400671856969,500.897240669739,NA,0,0,0,0,NA,0,32.1965885162354,250.982762261232,0.481028461456299,0.47150882879893,NA,0.233333333333333,NA,0.0166666666666667,0.0166666666666667,0.0166666666666667,0.02,0.0433333333333333,0.0466666666666667,0.03,0.0533333333333333,0.03,0.726666666666667
158,475.239017362681,493.437596541236,488.729800029484,510.495647258836,NA,0,0,0,0,NA,0,36.9924433231354,247.217921205362,0.658638532956441,0.638673683007558,NA,0.283333333333333,NA,0.0166666666666667,0.01,0.0133333333333333,0.03,0.04,0.0433333333333333,0.03,0.0366666666666667,0.03,0.75
159,472.550010724139,491.775489525728,483.915647376997,505.072089570106,NA,0,0,0,0,NA,0,37.4317576885223,226.501383793354,0.487213683128357,0.551235560576121,NA,0.27,NA,0.03,0.0333333333333333,0.01,0.0233333333333333,0.0266666666666667,0.0633333333333333,0.0433333333333333,0.0366666666666667,0.04,0.693333333333333
160,473.376094706213,486.505657009612,486.667791018982,509.324155987557,NA,0,0,0,0,NA,0,31.8569364547729,241.711791690191,0.495360990365346,0.492244895299276,NA,0.286666666666667,NA,0.02,0.0266666666666667,0.00666666666666667,0.0366666666666667,0.0233333333333333,0.04,0.0433333333333333,0.05,0.0566666666666667,0.696666666666667
161,481.753096851101,490.396576344368,488.319866091822,511.599274930544,NA,0,0,0,0,NA,0,17.3342347145081,156.22507824103,0.275331004460653,0.29355411529541,NA,0.27,NA,0.0133333333333333,0.0166666666666667,0.0166666666666667,0.03,0.0366666666666667,0.0166666666666667,0.0433333333333333,0.02,0.0333333333333333,0.773333333333333
162,475.934735260025,497.764670716206,489.089819827163,505.603607803721,NA,0,0,0,0,NA,0,30.5731594562531,241.719240538279,0.502271135648092,0.494199832280477,NA,0.196666666666667,NA,0.01,0.03,0.0333333333333333,0.00666666666666667,0.03,0.0566666666666667,0.0633333333333333,0.01,0.0166666666666667,0.743333333333333
163,476.823780750182,511.190436931862,485.413985684229,511.187742714006,NA,0,0,0,0,NA,0,30.5638546943665,243.980920704206,0.475714818636576,0.476223107179006,NA,0.293333333333333,NA,0.0166666666666667,0.01,0.0233333333333333,0.0366666666666667,0.0333333333333333,0.0433333333333333,0.0666666666666667,0.0566666666666667,0.04,0.673333333333333
164,480.003014549535,482.135900420388,487.928017344414,516.358838095545,NA,0,0,0,0,NA,0,30.3226397037506,238.868126598994,0.533717930316925,0.503217085202535,NA,0.283333333333333,NA,0.0233333333333333,0.0133333333333333,0.0133333333333333,0.0333333333333333,0.0366666666666667,0.0433333333333333,0.0466666666666667,0.04,0.0333333333333333,0.716666666666667
165,475.383894309852,486.970206939027,490.520301309276,514.204619582623,NA,0,0,0,0,NA,0,39.5948398113251,241.044663488865,0.610035781065623,0.607680630683899,NA,0.32,NA,0.0266666666666667,0.0133333333333333,0.0166666666666667,0.0166666666666667,0.0333333333333333,0.0433333333333333,0.0666666666666667,0.06,0.0566666666666667,0.666666666666667
166,471.322496723197,484.369916939592,485.054837664943,518.899437606164,NA,0,0,0,0,NA,0,38.818813085556,232.703132621447,0.442923986911774,0.452094531059265,NA,0.33,NA,0.02,0.0166666666666667,0.03,0.04,0.0466666666666667,0.0266666666666667,0.03,0.0466666666666667,0.0333333333333333,0.71
167,479.297970820171,483.238977474964,481.62625300689,507.367114262432,NA,0,0,0,0,NA,0,31.2449653148651,242.688864799341,0.451303736368815,0.447322758038839,NA,0.24,NA,0.0166666666666667,0.02,0.0233333333333333,0.0233333333333333,0.0266666666666667,0.04,0.0166666666666667,0.06,0.0466666666666667,0.726666666666667
168,471.736848347867,495.558528222309,492.71887247594,514.540476161821,NA,0,0,0,0,NA,0,18.4363150596619,149.789803783099,0.277737148602804,0.279939711093903,NA,0.3,NA,0.00666666666666667,0.01,0.0266666666666667,0.0533333333333333,0.0433333333333333,0.05,0.04,0.0266666666666667,0.06,0.683333333333333
169,472.731982017351,487.605507069472,484.685096256239,509.020604535361,NA,0,0,0,0,NA,0,31.9359374046326,236.23844298919,0.572393902142843,0.561996273199717,NA,0.296666666666667,NA,0.0166666666666667,0,0.0233333333333333,0.0233333333333333,0.04,0.0433333333333333,0.0433333333333333,0.0466666666666667,0.0333333333333333,0.73
170,475.578004756853,486.415240150425,482.704242876886,503.395805902266,NA,0,0,0,0,NA,0,31.731124162674,236.989160362879,0.451017069816589,0.458263150850932,NA,0.293333333333333,NA,0.0166666666666667,0.0166666666666667,0.0166666666666667,0.0333333333333333,0.0433333333333333,0.03,0.0366666666666667,0.0566666666666667,0.06,0.69
171,482.268324942837,476.198206235113,483.427352281503,511.603276552393,NA,0,0,0,0,NA,0,31.242484331131,241.55260279576,0.529053223133087,0.491358757019043,NA,0.26,NA,0.01,0.0133333333333333,0.02,0.0233333333333333,0.04,0.0233333333333333,0.04,0.04,0.04,0.75
172,477.757152044499,488.648388610835,487.680872739175,511.049515977253,NA,0,0,0,0,NA,0,38.8621876239777,229.512360699972,0.452599120140076,0.456083234151204,NA,0.266666666666667,NA,0.0266666666666667,0.0166666666666667,0.02,0.03,0.0266666666666667,0.03,0.0333333333333333,0.0433333333333333,0.0466666666666667,0.726666666666667
173,479.11341060001,488.617572240358,488.731733505953,511.196760759426,NA,0,0,0,0,NA,0,28.6342017650604,229.98064002196,0.459582897027334,0.440315536657969,NA,0.27,NA,0.02,0.0166666666666667,0.0233333333333333,0.0233333333333333,0.0333333333333333,0.0433333333333333,0.03,0.0333333333333333,0.0166666666666667,0.76
174,473.964115979649,492.035788646054,483.38039439146,508.471850063868,NA,0,0,0,0,NA,0,27.8024930953979,210.777296785514,0.497346103191376,0.491563634077708,NA,0.27,NA,0.0433333333333333,0.0133333333333333,0.0166666666666667,0.05,0.0466666666666667,0.0533333333333333,0.0466666666666667,0.04,0.0633333333333333,0.626666666666667
175,477.927175446767,498.659634515584,487.179204212381,509.929781673323,NA,0,0,0,0,NA,0,17.887716293335,152.374756296476,0.278522435824076,0.274165900548299,NA,0.286666666666667,NA,0.02,0.00666666666666667,0.04,0.02,0.0366666666666667,0.04,0.0333333333333333,0.0533333333333333,0.0166666666666667,0.733333333333333
176,470.717683757669,473.797702649027,492.198042150614,516.517695855257,NA,0,0,0,0,NA,0,35.9265096187592,215.034703485171,0.584329108397166,0.588375878334045,NA,0.27,NA,0.0133333333333333,0.02,0.0266666666666667,0.0266666666666667,0.03,0.04,0.0466666666666667,0.03,0.0366666666666667,0.73
177,471.675818715323,490.733470462185,483.521849558034,508.954642937297,NA,0,0,0,0,NA,0,28.9462640285492,233.606324982643,0.489622020721436,0.490921966234843,NA,0.293333333333333,NA,0.02,0.00666666666666667,0.0166666666666667,0.0333333333333333,0.06,0.0266666666666667,0.05,0.0433333333333333,0.04,0.703333333333333
178,484.691515752188,497.98951697462,492.692375826405,515.386868798721,NA,0,0,0,0,NA,0,28.9617612361908,226.04002777338,0.555173758665721,0.468833243846893,NA,0.333333333333333,NA,0.02,0.0166666666666667,0.0333333333333333,0.0266666666666667,0.08,0.0466666666666667,0.04,0.03,0.03,0.676666666666667
179,475.433794962219,510.723287705415,487.734657782053,517.783809578423,NA,0,0,0,0,NA,0,32.734436750412,170.472859891256,0.273765540122986,0.260981488227844,NA,0.23,NA,0.0233333333333333,0.0266666666666667,0.0233333333333333,0.03,0.0433333333333333,0.0266666666666667,0.03,0.0433333333333333,0.02,0.733333333333333
180,470.023104466476,474.586749589679,493.073246048139,512.602146492479,NA,0,0,0,0,NA,0,27.7234613895416,225.846854778131,0.493626014391581,0.487832029660543,NA,0.303333333333333,NA,0.0166666666666667,0.02,0.0266666666666667,0.0233333333333333,0.0433333333333333,0.04,0.0366666666666667,0.0266666666666667,0.0366666666666667,0.73
181,481.903792580633,486.740482391379,487.723768018722,517.548297513124,NA,0,0,0,0,NA,0,32.07945561409,229.596114349365,0.440722099939982,0.434935720761617,NA,0.34,NA,0.0133333333333333,0.01,0.0166666666666667,0.02,0.0433333333333333,0.0666666666666667,0.05,0.06,0.0533333333333333,0.666666666666667
182,472.313006309169,480.774879135684,495.528836010111,512.130220441227,NA,0,0,0,0,NA,0,18.0635597705841,136.426915021737,0.265403429667155,0.266351068019867,NA,0.256666666666667,NA,0.0266666666666667,0.0266666666666667,0.0266666666666667,0.0266666666666667,0.0366666666666667,0.0633333333333333,0.0266666666666667,0.03,0.0466666666666667,0.69
183,473.114223161734,492.237551479491,491.953497485414,508.610821824706,NA,0,0,0,0,NA,0,37.6024272441864,218.630805559953,0.550706728299459,0.558708075682322,NA,0.306666666666667,NA,0.0166666666666667,0.00333333333333333,0.03,0.03,0.06,0.0533333333333333,0.03,0.0566666666666667,0.0466666666666667,0.673333333333333
184,475.903401369389,484.709218241653,492.108629940383,518.886368063799,NA,0,0,0,0,NA,0,32.2638421058655,233.243492539724,0.433836237589518,0.431838023662567,NA,0.263333333333333,NA,0.0133333333333333,0.0166666666666667,0.0233333333333333,0.0266666666666667,0.05,0.04,0.0366666666666667,0.0366666666666667,0.0433333333333333,0.713333333333333
185,473.202487330705,503.162075134884,486.648918286277,510.392800768395,NA,0,0,0,0,NA,0,30.0118992328644,174.646726429462,0.269701099395752,0.275731233755747,NA,0.243333333333333,NA,0.0166666666666667,0.0133333333333333,0.01,0.0266666666666667,0.0266666666666667,0.05,0.0433333333333333,0.03,0.0466666666666667,0.736666666666667
186,475.921093352944,490.094325695883,481.490477672717,505.791768973232,NA,0,0,0,0,NA,0,16.7532408237457,146.386974839369,0.262772250175476,0.264951415856679,NA,0.263333333333333,NA,0.01,0.03,0.03,0.02,0.0266666666666667,0.0433333333333333,0.0366666666666667,0.0633333333333333,0.04,0.7
187,475.815422607059,497.329674720321,485.312170840275,504.113341837392,NA,0,0,0,0,NA,0,31.0232970714569,236.04858824412,0.498336863517761,0.478856571515401,NA,0.316666666666667,NA,0.0166666666666667,0.00666666666666667,0.0266666666666667,0.0266666666666667,0.0333333333333333,0.05,0.0433333333333333,0.03,0.0433333333333333,0.723333333333333
188,476.284274344401,504.847768992526,487.644299044858,508.882326372334,NA,0,0,0,0,NA,0,28.3372786045074,228.411328860124,0.430266507466634,0.430319837729136,NA,0.286666666666667,NA,0.0233333333333333,0.02,0.03,0.02,0.0266666666666667,0.0333333333333333,0.04,0.0533333333333333,0.0433333333333333,0.71
189,478.898676866239,492.402260899169,483.061972843952,509.077892357045,NA,0,0,0,0,NA,0,17.4580035209656,148.185350676378,0.262737425168355,0.250729087988536,NA,0.276666666666667,NA,0.0233333333333333,0.0166666666666667,0.0166666666666667,0.0166666666666667,0.03,0.03,0.0366666666666667,0.0466666666666667,0.0233333333333333,0.76
190,481.217690676469,494.740431349123,490.616579934696,512.149905449858,NA,0,0,0,0,NA,0,35.1884462833405,212.117489890258,0.429424556096395,0.502204887072245,NA,0.3,NA,0.04,0.02,0.0266666666666667,0.02,0.0466666666666667,0.0433333333333333,0.0433333333333333,0.0566666666666667,0.06,0.643333333333333
191,477.696384096577,499.090388830896,488.764345951322,504.07155697772,NA,0,0,0,0,NA,0,27.944322347641,236.709309120973,0.273305869102478,0.26284343401591,NA,0.28,NA,0.0133333333333333,0.0166666666666667,0.02,0.01,0.04,0.0566666666666667,0.0333333333333333,0.03,0.05,0.73
192,477.204233066681,470.848159509684,496.359235742205,509.645104855678,NA,0,0,0,0,NA,0,17.0924663543701,151.1178551356,0.266398167610168,0.269229650497437,NA,0.263333333333333,NA,0.01,0.0233333333333333,0.0166666666666667,0.0233333333333333,0.0566666666666667,0.04,0.03,0.0566666666666667,0.03,0.713333333333333
193,474.577748264171,489.549279757769,492.134825672736,510.074824011935,NA,0,0,0,0,NA,0,16.3266131877899,150.749148178101,0.27559761206309,0.262462830543518,NA,0.253333333333333,NA,0.01,0.0166666666666667,0.0133333333333333,0.0233333333333333,0.0366666666666667,0.0466666666666667,0.0533333333333333,0.0266666666666667,0.0466666666666667,0.726666666666667
194,472.897869426337,489.971142177357,488.721556529796,514.217569791349,NA,0,0,0,0,NA,0,30.8823728561401,158.573562816779,0.274234477678935,0.261105700333913,NA,0.296666666666667,NA,0.02,0.0266666666666667,0.02,0.03,0.03,0.03,0.03,0.0266666666666667,0.0366666666666667,0.75
195,475.64065060236,505.476857559865,488.905271723077,508.873828291089,NA,0,0,0,0,NA,0,27.948338508606,198.030108769735,0.246031312147776,0.243578310807546,NA,0.28,NA,0.0233333333333333,0.00333333333333333,0.0166666666666667,0.03,0.06,0.0433333333333333,0.0166666666666667,0.0466666666666667,0.0366666666666667,0.723333333333333
196,477.575449931702,492.441405648809,487.062373545865,511.769004577735,NA,0,0,0,0,NA,0,16.4312973022461,147.361662471294,0.269503152370453,0.250108357270559,NA,0.283333333333333,NA,0.0166666666666667,0.0133333333333333,0.0166666666666667,0.0333333333333333,0.02,0.04,0.05,0.05,0.05,0.71
197,474.84986434633,473.871617435741,487.610441376111,503.343222958793,NA,0,0,0,0,NA,0,35.1095714569092,204.227596445878,0.256505699952443,0.257390121618907,NA,0.26,NA,0.0133333333333333,0.0233333333333333,0.0333333333333333,0.0333333333333333,0.08,0.0266666666666667,0.0366666666666667,0.04,0.0266666666666667,0.686666666666667
198,478.768169593547,497.208742526463,486.995203681069,516.671784425269,NA,0,0,0,0,NA,0,16.6239745616913,142.396617484093,0.239570113023122,0.24865353902181,NA,0.286666666666667,NA,0.0266666666666667,0.0133333333333333,0.00333333333333333,0.0366666666666667,0.0166666666666667,0.0466666666666667,0.0466666666666667,0.0333333333333333,0.04,0.736666666666667
199,475.038154872345,499.894116211586,485.33614652382,511.93636898945,NA,0,0,0,0,NA,0,17.6483581066132,145.636353731155,0.259927733739217,0.272080437342326,NA,0.283333333333333,NA,0.0166666666666667,0.0233333333333333,0.0266666666666667,0.0366666666666667,0.0233333333333333,0.06,0.0366666666666667,0.0533333333333333,0.0366666666666667,0.686666666666667
200,475.619460046798,482.179482446567,482.989439192319,500.619805014012,NA,0,0,0,0,NA,0,16.6334447860718,143.03347701629,0.277272057533264,0.27060268719991,NA,0.296666666666667,NA,0.0133333333333333,0.0166666666666667,0.0166666666666667,0.0466666666666667,0.04,0.0333333333333333,0.03,0.05,0.0266666666666667,0.726666666666667
