"no","observed","IHsurvrf","trt1","trt0","trueopt","avg.prop.match.opt.obs","avg.prop.match.opt.IHsurvrf","avg.prop.match.opt.trt1","avg.prop.match.opt.trt0","avg.prop.match.opt.trueopt","change.integral","time.obs","time.IHsurvrf","time.trt1","time.trt0","time.trueopt","proportion.censor","num.convergence.it","n_1","n_2","n_3","n_4","n_5","n_6","n_7","n_8","n_9","n_10","n_11","n_12","n_13","n_14","n_15"
76,688.173508793394,704.519026596238,745.67575672466,740.222877091349,NA,0,0,0,0,NA,0,27.084725856781,721.976619227727,0.241814033190409,0.237041079998016,NA,0.306,NA,0.02,0.014,0.014,0.022,0.036,0.024,0.034,0.048,0.048,0.028,0.038,0.032,0.036,0.03,0.576
77,687.037697274053,768.974169213703,760.73480472927,773.051477413065,NA,0,0,0,0,NA,0,26.361713886261,782.004547564189,0.389387599627177,0.391200947761536,NA,0.31,NA,0.022,0.018,0.02,0.026,0.04,0.046,0.032,0.032,0.04,0.034,0.026,0.036,0.032,0.038,0.558
78,697.073754284231,722.124158641441,742.830982519022,747.09942900378,NA,0,0,0,0,NA,0,25.0888886451721,786.322805964947,0.362783014774323,0.374123879273733,NA,0.342,NA,0.014,0.02,0.012,0.024,0.042,0.05,0.034,0.044,0.022,0.042,0.056,0.026,0.028,0.052,0.534
79,704.474252896929,710.759356233609,763.518498728143,756.750483899571,NA,0,0,0,0,NA,0,25.9358003139496,811.223869470755,0.383741601308187,0.371454672018687,NA,0.334,NA,0.026,0.016,0.02,0.03,0.03,0.056,0.054,0.032,0.052,0.032,0.022,0.032,0.02,0.036,0.542
80,689.315245939768,713.936302322096,756.392895779622,744.31234565931,NA,0,0,0,0,NA,0,18.0097453594208,735.737705190976,0.385593203703562,0.368410424391429,NA,0.342,NA,0.018,0.026,0.014,0.022,0.036,0.048,0.04,0.034,0.056,0.03,0.026,0.056,0.028,0.014,0.552
81,687.446828886382,745.849255807586,763.135983654244,757.561096027502,NA,0,0,0,0,NA,0,15.743846654892,546.060798851649,0.252976274490356,0.254704642295837,NA,0.31,NA,0.016,0.018,0.01,0.05,0.03,0.026,0.046,0.036,0.036,0.032,0.046,0.038,0.022,0.04,0.554
82,693.236720468029,676.66858053617,764.517988737233,761.816453655326,NA,0,0,0,0,NA,0,25.4364273548126,822.223340010643,0.367036167780558,0.356221298376719,NA,0.314,NA,0.008,0.022,0.032,0.03,0.03,0.032,0.044,0.022,0.03,0.036,0.036,0.046,0.03,0.03,0.572
83,688.288790589081,681.200642733968,762.179354403115,748.364773173686,NA,0,0,0,0,NA,0,23.7828030586243,872.176433070501,0.369387781620026,0.357398796081543,NA,0.328,NA,0.014,0.02,0.03,0.028,0.022,0.046,0.03,0.024,0.036,0.04,0.046,0.034,0.032,0.022,0.576
84,700.646784232528,710.588585846452,757.889910572143,767.39863507821,NA,0,0,0,0,NA,0,24.1079800128937,874.503556859493,0.407645662625631,0.390402726332347,NA,0.318,NA,0.012,0.014,0.02,0.028,0.044,0.032,0.046,0.04,0.028,0.054,0.022,0.058,0.028,0.022,0.552
85,689.107992229928,731.879241506921,757.621346380927,753.59605748698,NA,0,0,0,0,NA,0,24.3188230991364,808.074554030101,0.385219299793243,0.370453083515167,NA,0.36,NA,0.022,0.024,0.014,0.032,0.036,0.044,0.034,0.032,0.032,0.032,0.03,0.052,0.038,0.04,0.538
86,688.808893075513,708.265844311096,763.898948108529,758.493310768774,NA,0,0,0,0,NA,0,16.0143985748291,576.147560214996,0.252289752165476,0.239718512694041,NA,0.33,NA,0.014,0.02,0.018,0.022,0.022,0.052,0.036,0.05,0.04,0.034,0.026,0.018,0.046,0.03,0.572
87,687.627984299951,737.890450802565,763.996949094289,759.153677649624,NA,0,0,0,0,NA,0,22.9412405490875,838.226725113392,0.357107508182526,0.35281062523524,NA,0.322,NA,0.012,0.018,0.02,0.03,0.036,0.036,0.03,0.034,0.054,0.034,0.02,0.028,0.034,0.044,0.57
88,685.545670179753,755.189546216354,760.41362412552,751.018916144348,NA,0,0,0,0,NA,0,23.4776265621185,827.119839052359,0.383860981464386,0.387333571910858,NA,0.306,NA,0.01,0.016,0.022,0.03,0.028,0.036,0.046,0.04,0.03,0.04,0.026,0.038,0.032,0.026,0.58
89,691.615725366003,713.085226732524,762.774040340798,752.389682180498,NA,0,0,0,0,NA,0,25.5750577449799,948.512609752019,0.407333226998647,0.38665113846461,NA,0.276,NA,0.016,0.008,0.022,0.026,0.058,0.026,0.028,0.024,0.04,0.038,0.042,0.04,0.016,0.032,0.584
90,690.548815698922,697.406854406111,758.195840114868,766.038652120424,NA,0,0,0,0,NA,0,24.284214258194,775.736876122157,0.395590734481812,0.384005749225616,NA,0.346,NA,0.012,0.032,0.026,0.038,0.018,0.036,0.036,0.06,0.032,0.04,0.038,0.042,0.032,0.028,0.53
91,693.448580634554,721.713184354891,743.67174854021,755.217654754289,NA,0,0,0,0,NA,0,15.5863473415375,551.840207795302,0.243731447060903,0.250609926382701,NA,0.31,NA,0.02,0.02,0.02,0.026,0.038,0.024,0.048,0.042,0.028,0.032,0.036,0.034,0.036,0.03,0.566
92,702.816924981483,723.42295070785,765.989771758027,751.680121615028,NA,0,0,0,0,NA,0,23.4178605079651,732.908813623587,0.365378785133362,0.356250905990601,NA,0.336,NA,0.018,0.018,0.024,0.026,0.044,0.044,0.05,0.058,0.044,0.05,0.026,0.04,0.028,0.028,0.502
93,696.958208539975,739.559329135114,756.217719517162,754.477910235884,NA,0,0,0,0,NA,0,24.9025564193726,701.66605437994,0.25977608760198,0.261051964759827,NA,0.348,NA,0.024,0.016,0.01,0.022,0.042,0.05,0.04,0.044,0.044,0.038,0.032,0.026,0.026,0.026,0.56
94,695.540319957636,681.495086855085,753.133890269095,750.994024286884,NA,0,0,0,0,NA,0,24.6395146846771,756.634140511354,0.280146785577138,0.25873920917511,NA,0.322,NA,0.014,0.022,0.028,0.034,0.036,0.034,0.042,0.042,0.036,0.054,0.036,0.028,0.022,0.038,0.534
95,695.208390151948,715.105441045756,746.307693278893,741.570660764032,NA,0,0,0,0,NA,0,26.4101314544678,749.106290415923,0.260097603003184,0.268895586331685,NA,0.342,NA,0.016,0.012,0.022,0.038,0.032,0.036,0.05,0.048,0.052,0.042,0.032,0.034,0.032,0.036,0.518
96,689.590671832124,756.796785975378,749.330761665264,749.09734975029,NA,0,0,0,0,NA,0,15.8013644218445,545.735011152426,0.245557041962941,0.244341313838959,NA,0.328,NA,0.012,0.016,0.026,0.03,0.048,0.046,0.032,0.028,0.036,0.03,0.042,0.03,0.026,0.034,0.564
97,703.889413765179,721.626279630146,755.84256946345,762.511057317469,NA,0,0,0,0,NA,0,23.1105589866638,703.964625493685,0.249392243226369,0.236163957913717,NA,0.338,NA,0.02,0.022,0.014,0.026,0.042,0.034,0.03,0.034,0.036,0.02,0.026,0.05,0.03,0.052,0.564
98,690.7327141751,721.989495372677,744.596629294421,760.225989657521,NA,0,0,0,0,NA,0,16.3042795658112,677.100900395711,0.25561322371165,0.249446988105774,NA,0.336,NA,0.018,0.028,0.028,0.032,0.04,0.042,0.05,0.046,0.048,0.032,0.032,0.048,0.028,0.028,0.5
99,691.252665554553,731.891396446289,762.895078340271,752.687188879006,NA,0,0,0,0,NA,0,17.3984282016754,660.129617226124,0.255697651704152,0.246468822161357,NA,0.31,NA,0.014,0.022,0.014,0.028,0.038,0.054,0.036,0.046,0.044,0.028,0.038,0.03,0.032,0.01,0.566
100,677.611941601923,721.291063842079,752.755371716785,753.104493104547,NA,0,0,0,0,NA,0,16.9791204929352,792.78306448857,0.406415482362111,0.3988454302152,NA,0.282,NA,0.028,0.022,0.02,0.022,0.026,0.038,0.04,0.026,0.032,0.038,0.038,0.044,0.024,0.038,0.564
