"no","observed","IHsurvrf","trt1","trt0","trueopt","avg.prop.match.opt.obs","avg.prop.match.opt.IHsurvrf","avg.prop.match.opt.trt1","avg.prop.match.opt.trt0","avg.prop.match.opt.trueopt","change.integral","time.obs","time.IHsurvrf","time.trt1","time.trt0","time.trueopt","proportion.censor","num.convergence.it","n_1","n_2","n_3","n_4","n_5","n_6","n_7","n_8","n_9","n_10","n_11","n_12","n_13","n_14","n_15"
26,695.779705261186,712.497016682917,755.103351178719,752.064073940885,NA,0,0,0,0,NA,0,26.5028989315033,1091.95342547496,0.368907916545868,0.373096036911011,NA,0.31,NA,0.016,0.018,0.022,0.038,0.04,0.048,0.042,0.018,0.042,0.032,0.032,0.034,0.026,0.03,0.562
27,692.172940776357,728.408555648575,772.999625617444,759.635743978238,NA,0,0,0,0,NA,0,26.6865200996399,1063.48256672223,0.373104492823283,0.37506244579951,NA,0.32,NA,0.018,0.018,0.024,0.024,0.034,0.048,0.04,0.032,0.05,0.034,0.024,0.03,0.03,0.044,0.55
28,687.381800717212,733.961709470863,757.337000332828,741.268142539968,NA,0,0,0,0,NA,0,18.1673011779785,750.658899736404,0.409060970942179,0.402261277039846,NA,0.328,NA,0.02,0.024,0.012,0.04,0.058,0.04,0.06,0.056,0.034,0.046,0.036,0.022,0.03,0.034,0.488
29,694.642390650945,693.950853765937,763.082712441562,753.559974231611,NA,0,0,0,0,NA,0,26.6549181938171,916.887217275302,0.396936786174774,0.394189699490865,NA,0.32,NA,0.014,0.018,0.016,0.026,0.032,0.038,0.04,0.036,0.044,0.034,0.042,0.03,0.046,0.032,0.552
30,689.856275401204,710.948405544599,749.942582875132,755.539020297709,NA,0,0,0,0,NA,0,26.4811358451843,1077.06042995056,0.394120339552561,0.379176251093547,NA,0.336,NA,0.006,0.022,0.024,0.032,0.03,0.026,0.038,0.046,0.04,0.032,0.044,0.052,0.03,0.022,0.556
31,687.344788472589,725.297522664997,749.354649236671,754.698027111114,NA,0,0,0,0,NA,0,25.3273527622223,1089.24510629177,0.293779238065084,0.283975891272227,NA,0.348,NA,0.022,0.014,0.022,0.014,0.024,0.036,0.038,0.062,0.03,0.04,0.036,0.052,0.032,0.03,0.548
32,689.049782229778,693.875869903873,756.129973472793,747.566339242841,NA,0,0,0,0,NA,0,25.5904994010925,1028.46790215572,0.393996524810791,0.380405918757121,NA,0.332,NA,0.004,0.02,0.012,0.032,0.034,0.052,0.032,0.044,0.056,0.042,0.042,0.034,0.03,0.022,0.544
33,688.771411933093,719.398782760719,762.308723189693,751.744042049985,NA,0,0,0,0,NA,0,26.3749394416809,899.40853275458,0.294939792156219,0.281268727779388,NA,0.318,NA,0.024,0.024,0.022,0.04,0.036,0.034,0.022,0.028,0.03,0.048,0.04,0.038,0.04,0.022,0.552
34,693.660396062017,716.059403548651,759.708566580906,748.064396631864,NA,0,0,0,0,NA,0,25.4230618476868,987.079835236073,0.390166401863098,0.378593687216441,NA,0.31,NA,0.022,0.018,0.018,0.016,0.028,0.062,0.05,0.042,0.038,0.024,0.024,0.038,0.024,0.05,0.546
35,697.5908427842,740.32738767822,748.77354237017,740.350426861297,NA,0,0,0,0,NA,0,24.8608958721161,1280.76345509688,0.398984293142955,0.390077443917592,NA,0.294,NA,0.016,0.016,0.016,0.022,0.022,0.026,0.03,0.038,0.054,0.042,0.028,0.052,0.032,0.018,0.588
36,691.430756540969,743.423987697081,757.006186325067,747.464483305278,NA,0,0,0,0,NA,0,17.4351336956024,928.94117008845,0.26585369904836,0.246330738067627,NA,0.306,NA,0.014,0.014,0.01,0.028,0.042,0.036,0.038,0.044,0.038,0.024,0.024,0.046,0.026,0.028,0.588
37,681.771711383562,736.076838100235,755.174093569118,763.990995421364,NA,0,0,0,0,NA,0,25.3965721130371,991.845400591691,0.414735062917074,0.399609903494517,NA,0.332,NA,0.022,0.012,0.024,0.038,0.026,0.038,0.036,0.036,0.028,0.05,0.032,0.042,0.04,0.05,0.526
38,689.897946706697,765.378143329473,755.743960902111,755.129106663346,NA,0,0,0,0,NA,0,18.7560956478119,1246.19025563002,0.38814103603363,0.371214997768402,NA,0.302,NA,0.016,0.028,0.016,0.024,0.036,0.036,0.05,0.05,0.034,0.028,0.038,0.032,0.022,0.038,0.552
39,693.003858105664,695.056042564019,769.359117882565,746.496768146363,NA,0,0,0,0,NA,0,24.8104465007782,1030.01568834782,0.360795180002848,0.355185039838155,NA,0.392,NA,0.016,0.012,0.016,0.044,0.038,0.054,0.028,0.042,0.034,0.046,0.04,0.04,0.032,0.032,0.526
40,701.788056789116,752.396041646932,768.975971186576,752.630342423101,NA,0,0,0,0,NA,0,25.0788490772247,931.873457054297,0.360690073172251,0.361619261900584,NA,0.304,NA,0.02,0.026,0.02,0.034,0.03,0.032,0.04,0.03,0.038,0.032,0.024,0.05,0.022,0.036,0.566
41,697.007959862805,681.955286371139,748.591621983209,754.657986747327,NA,0,0,0,0,NA,0,17.093147277832,858.555358465513,0.272720515727997,0.263832060496012,NA,0.338,NA,0.012,0.022,0.012,0.026,0.032,0.032,0.04,0.048,0.036,0.052,0.042,0.04,0.032,0.026,0.548
42,697.949931949938,747.475896020987,767.240830766612,754.46478001362,NA,0,0,0,0,NA,0,27.5428309440613,937.223868787289,0.377339712778727,0.374834807713826,NA,0.33,NA,0.022,0.006,0.028,0.02,0.024,0.054,0.038,0.044,0.044,0.042,0.028,0.024,0.028,0.036,0.562
43,696.035082373075,702.15366627968,761.47055478622,762.002648371667,NA,0,0,0,0,NA,0,25.1745595932007,1186.51657869021,0.399985826015472,0.378505074977875,NA,0.33,NA,0.02,0.02,0.014,0.026,0.032,0.062,0.024,0.046,0.04,0.026,0.024,0.032,0.04,0.03,0.564
44,690.212017685725,709.149734025968,755.929548900209,752.266879760697,NA,0,0,0,0,NA,0,24.08278465271,862.893925638994,0.357117946942647,0.352012503147125,NA,0.348,NA,0.012,0.024,0.032,0.016,0.024,0.046,0.036,0.052,0.04,0.032,0.04,0.038,0.038,0.028,0.542
45,694.298210882111,713.120242544201,759.658185304069,760.383937178295,NA,0,0,0,0,NA,0,23.209242105484,813.714521272977,0.355810225009918,0.347757975260417,NA,0.296,NA,0.032,0.026,0.022,0.028,0.028,0.032,0.036,0.02,0.044,0.048,0.022,0.038,0.036,0.024,0.564
46,702.125970615568,722.815322861535,758.775043600714,759.277863834855,NA,0,0,0,0,NA,0,16.1792442798615,637.309196154276,0.247241302331289,0.246618509292603,NA,0.314,NA,0.03,0.018,0.012,0.026,0.04,0.044,0.052,0.04,0.046,0.032,0.04,0.03,0.03,0.024,0.536
47,702.131338831358,717.104346947198,752.115252311879,757.357447410165,NA,0,0,0,0,NA,0,23.884934425354,812.227807307243,0.269374140103658,0.264369050661723,NA,0.334,NA,0.012,0.012,0.02,0.026,0.032,0.044,0.046,0.046,0.024,0.042,0.044,0.04,0.042,0.03,0.54
48,689.053823598961,746.209796981494,760.28882520321,757.363558732378,NA,0,0,0,0,NA,0,24.9015944004059,905.654169384639,0.248913129170736,0.241649878025055,NA,0.336,NA,0.02,0.02,0.014,0.022,0.032,0.056,0.044,0.044,0.034,0.026,0.036,0.04,0.038,0.036,0.538
49,693.412391582829,733.022317520613,762.521009508653,755.960813762826,NA,0,0,0,0,NA,0,23.7073924541473,864.423845628897,0.246459062894185,0.244994060198466,NA,0.31,NA,0.022,0.014,0.02,0.03,0.048,0.03,0.038,0.04,0.044,0.028,0.036,0.028,0.05,0.03,0.542
50,690.102447845575,711.385928826758,757.408432404078,747.498179379644,NA,0,0,0,0,NA,0,23.3128318786621,794.088024588426,0.252150630950928,0.252409132321676,NA,0.308,NA,0.02,0.018,0.032,0.022,0.028,0.036,0.032,0.034,0.036,0.034,0.038,0.02,0.036,0.032,0.582
