"no","observed","IHsurvrf","trt1","trt0","trueopt","avg.prop.match.opt.obs","avg.prop.match.opt.IHsurvrf","avg.prop.match.opt.trt1","avg.prop.match.opt.trt0","avg.prop.match.opt.trueopt","change.integral","time.obs","time.IHsurvrf","time.trt1","time.trt0","time.trueopt","proportion.censor","num.convergence.it","n_1","n_2","n_3","n_4","n_5","n_6","n_7","n_8","n_9","n_10","n_11","n_12","n_13","n_14","n_15"
76,1005.42786993324,1015.20281343942,1069.52823533278,1056.56907232229,NA,0,0,0,0,NA,0,42.1656436920166,1208.95081480742,0.3564280072848,0.358606747786204,NA,0.506,NA,0.006,0.008,0.01,0.018,0.028,0.026,0.042,0.044,0.046,0.03,0.024,0.03,0.032,0.02,0.636
77,1003.42442458541,1037.94200162257,1065.96824418664,1059.3000236385,NA,0,0,0,0,NA,0,42.2432472705841,1759.54499725103,0.619869927565257,0.634636731942495,NA,0.52,NA,0.01,0.004,0.004,0.03,0.024,0.03,0.032,0.028,0.042,0.032,0.034,0.028,0.03,0.028,0.644
78,1006.9452824852,1041.96267790911,1078.13870744027,1063.4067805899,NA,0,0,0,0,NA,0,24.5197331905365,1686.02852161725,0.770908006032308,0.738684181372325,NA,0.494,NA,0.008,0.004,0.012,0.014,0.046,0.034,0.026,0.034,0.034,0.044,0.026,0.02,0.018,0.022,0.658
79,1011.24639265198,1032.78926856195,1070.6788860578,1055.07491254714,NA,0,0,0,0,NA,0,42.1869714260101,1735.26637214025,0.609762020905813,0.601527369022369,NA,0.536,NA,0.01,0.006,0.008,0.022,0.026,0.038,0.044,0.036,0.028,0.048,0.038,0.038,0.034,0.016,0.608
80,1015.34740939073,1042.30119200307,1070.24391039057,1063.14931745417,NA,0,0,0,0,NA,0,42.0412905216217,1700.65198893944,0.732942843437195,0.751408735911051,NA,0.456,NA,0.01,0.006,0.004,0.016,0.032,0.036,0.044,0.032,0.046,0.036,0.04,0.02,0.028,0.028,0.622
81,1012.50380973899,1017.64121053502,1058.50426290851,1050.24160831498,NA,0,0,0,0,NA,0,23.4995884895325,1274.76664442619,0.371861036618551,0.363291577498118,NA,0.516,NA,0.004,0.004,0.006,0.016,0.034,0.042,0.038,0.048,0.03,0.03,0.04,0.028,0.026,0.032,0.622
82,998.52748372479,1062.65104342824,1074.67318844763,1061.09046443932,NA,0,0,0,0,NA,0,41.3826324939728,1823.13302901586,0.400862371921539,0.381315362453461,NA,0.48,NA,0.004,0.004,0.012,0.016,0.02,0.024,0.036,0.018,0.042,0.034,0.036,0.03,0.02,0.03,0.674
83,1009.44866121255,1004.29782628392,1065.39934541441,1056.87357203115,NA,0,0,0,0,NA,0,48.0083317756653,1623.66673692862,0.648180520534515,0.632393252849579,NA,0.5,NA,0.004,0.006,0.014,0.014,0.034,0.036,0.032,0.024,0.038,0.036,0.024,0.02,0.04,0.016,0.662
84,1018.76999294396,1017.60713854725,1057.7035382687,1062.33604381713,NA,0,0,0,0,NA,0,40.039457321167,1681.17412443956,0.773396650950114,0.744756464163462,NA,0.474,NA,0.004,0.006,0.01,0.026,0.038,0.028,0.036,0.032,0.034,0.036,0.02,0.018,0.026,0.028,0.658
85,1010.75490652602,1053.33073802454,1065.46140082227,1057.23168007882,NA,0,0,0,0,NA,0,50.4542453289032,1755.21894450188,0.678973364830017,0.669109094142914,NA,0.466,NA,0.01,0.014,0.014,0.02,0.028,0.038,0.028,0.038,0.03,0.03,0.018,0.018,0.032,0.026,0.656
86,997.816641783298,1054.23022950562,1077.20672760157,1063.55930314088,NA,0,0,0,0,NA,0,23.2433807849884,1370.94994622866,0.732550895214081,0.645049695173899,NA,0.478,NA,0.006,0.012,0.006,0.026,0.028,0.016,0.024,0.03,0.034,0.024,0.042,0.026,0.038,0.026,0.662
87,1012.82462010689,1055.43743972212,1072.80146553387,1058.3984177715,NA,0,0,0,0,NA,0,25.5765187740326,1046.6240891854,0.366353221734365,0.366024915377299,NA,0.518,NA,0.004,0.006,0.01,0.014,0.022,0.036,0.042,0.05,0.028,0.042,0.016,0.032,0.034,0.03,0.634
88,1016.1149764735,1037.5646951595,1069.10925087601,1064.35777417316,NA,0,0,0,0,NA,0,43.6623663902283,1691.47055425247,0.611560753981272,0.595783754189809,NA,0.464,NA,0.004,0.014,0.01,0.006,0.04,0.028,0.014,0.032,0.022,0.026,0.03,0.04,0.04,0.016,0.678
89,1012.23302748278,1025.00476577516,1069.23773506964,1064.86887916406,NA,0,0,0,0,NA,0,50.4142725467682,1674.50401442448,0.601099526882172,0.612591648101807,NA,0.492,NA,0,0.006,0.002,0.03,0.03,0.022,0.026,0.03,0.04,0.03,0.044,0.022,0.026,0.028,0.664
90,1008.96672277141,1028.50817086432,1075.3907110763,1056.50949493927,NA,0,0,0,0,NA,0,42.9396512508392,1589.11474937598,0.763166463375092,0.76032886505127,NA,0.496,NA,0.006,0.008,0.02,0.008,0.028,0.034,0.032,0.034,0.05,0.028,0.04,0.026,0.02,0.024,0.642
91,1017.95347138031,1034.20570473638,1065.19080773969,1066.81602510277,NA,0,0,0,0,NA,0,41.0620992183685,1505.84151186943,0.629755862553914,0.669026442368825,NA,0.48,NA,0.01,0.01,0.014,0.024,0.03,0.028,0.04,0.032,0.04,0.032,0.024,0.042,0.038,0.012,0.624
92,1005.46966630199,1051.07772403541,1064.05684292573,1064.54514659097,NA,0,0,0,0,NA,0,23.9235093593597,1021.63946441015,0.367519493897756,0.359573562939962,NA,0.518,NA,0.006,0.002,0.008,0.014,0.04,0.046,0.04,0.046,0.028,0.028,0.024,0.034,0.024,0.018,0.642
93,1005.59076777173,1040.55822927716,1076.49675598518,1058.22255354192,NA,0,0,0,0,NA,0,39.375631570816,1520.80930018425,0.688897935549418,0.785381960868835,NA,0.506,NA,0.01,0.004,0.008,0.03,0.032,0.042,0.034,0.028,0.034,0.036,0.036,0.026,0.02,0.016,0.644
94,1006.08057317378,1042.19754963174,1070.82992176214,1056.56056074304,NA,0,0,0,0,NA,0,39.7152392864227,1544.2276246508,0.744485867023468,0.714214237531026,NA,0.518,NA,0.006,0.002,0.012,0.024,0.036,0.028,0.038,0.036,0.042,0.006,0.052,0.034,0.042,0.014,0.628
95,1016.5857479465,1035.62174987164,1067.52545866263,1049.29146647361,NA,0,0,0,0,NA,0,50.8497657775879,1578.70807592471,0.85270277261734,0.853419458866119,NA,0.504,NA,0.004,0.006,0.012,0.014,0.042,0.026,0.036,0.034,0.036,0.026,0.038,0.048,0.032,0.016,0.63
96,1014.54475933571,1059.65344992971,1062.86554526673,1055.32640571269,NA,0,0,0,0,NA,0,45.5284776687622,1613.30082391898,0.615975109736125,0.615177381038666,NA,0.526,NA,0.01,0.004,0.012,0.02,0.038,0.042,0.022,0.036,0.03,0.038,0.028,0.014,0.046,0.022,0.638
97,1006.24824828014,1038.58597272454,1067.61595717072,1060.54263420154,NA,0,0,0,0,NA,0,23.5895051956177,1037.75887820323,0.390908821423848,0.388169038295746,NA,0.47,NA,0.01,0.008,0.01,0.034,0.034,0.022,0.03,0.03,0.038,0.028,0.022,0.012,0.016,0.032,0.674
98,1007.42602396495,1042.90242409269,1061.19434067836,1055.76136414296,NA,0,0,0,0,NA,0,53.2024486064911,1141.51235276461,0.35328616698583,0.34852253595988,NA,0.488,NA,0.008,0.012,0.014,0.026,0.04,0.034,0.034,0.028,0.03,0.032,0.03,0.028,0.026,0.022,0.636
99,1003.38128383504,1024.29419524576,1068.66293521885,1069.59754036303,NA,0,0,0,0,NA,0,43.4657578468323,1112.57494427363,0.357090938091278,0.350904186566671,NA,0.492,NA,0.002,0.006,0.01,0.02,0.038,0.022,0.026,0.04,0.034,0.03,0.026,0.038,0.024,0.03,0.654
100,1006.69602694741,1046.80706999416,1067.81981949782,1057.08367817978,NA,0,0,0,0,NA,0,56.1280617713928,1014.32144092719,0.362707078456879,0.353257286548614,NA,0.442,NA,0.004,0.014,0.008,0.016,0.026,0.032,0.03,0.038,0.022,0.028,0.03,0.018,0.02,0.03,0.684
