"no","observed","IHsurvrf","trt1","trt0","trueopt","avg.prop.match.opt.obs","avg.prop.match.opt.IHsurvrf","avg.prop.match.opt.trt1","avg.prop.match.opt.trt0","avg.prop.match.opt.trueopt","change.integral","time.obs","time.IHsurvrf","time.trt1","time.trt0","time.trueopt","proportion.censor","num.convergence.it","n_1","n_2","n_3","n_4","n_5","n_6","n_7","n_8","n_9","n_10","n_11","n_12","n_13","n_14","n_15"
201,697.105677243463,696.736689346766,771.211557552027,769.907262806681,NA,0,0,0,0,NA,0,33.3684673309326,850.106416873137,0.421456476052602,0.405035289128621,NA,0.32,NA,0.016,0.016,0.012,0.03,0.032,0.03,0.044,0.038,0.048,0.04,0.04,0.042,0.032,0.026,0.554
202,706.814899078295,737.389477767531,753.126785393329,754.485796481997,NA,0,0,0,0,NA,0,25.7289946079254,606.103229324023,0.377831470966339,0.361012391249339,NA,0.304,NA,0.02,0.016,0.02,0.03,0.036,0.056,0.04,0.042,0.036,0.048,0.036,0.022,0.018,0.026,0.554
203,699.260010960256,694.510683442137,748.715650080287,761.827503712734,NA,0,0,0,0,NA,0,36.7226197719574,864.225372155507,0.377688205242157,0.369819172223409,NA,0.296,NA,0.014,0.014,0.014,0.022,0.05,0.054,0.05,0.028,0.04,0.026,0.046,0.026,0.036,0.028,0.552
204,694.937775637561,740.151749025763,755.269941789015,761.523735143635,NA,0,0,0,0,NA,0,35.0432140827179,905.068695600827,0.363374757766724,0.360361059506734,NA,0.318,NA,0.02,0.022,0.016,0.032,0.034,0.036,0.056,0.034,0.044,0.03,0.028,0.026,0.03,0.03,0.562
205,695.799124367903,711.195422332066,757.001203364127,755.486717766847,NA,0,0,0,0,NA,0,25.8284938335419,840.504640344779,0.252055466175079,0.244351172447205,NA,0.324,NA,0.018,0.016,0.016,0.028,0.026,0.038,0.044,0.046,0.04,0.018,0.036,0.04,0.03,0.032,0.572
206,683.921572000705,743.016761883221,751.557119241631,741.047522977511,NA,0,0,0,0,NA,0,26.7179155349731,874.590962751706,0.267718986670176,0.242082472642263,NA,0.326,NA,0.03,0.02,0.014,0.016,0.034,0.05,0.032,0.02,0.036,0.04,0.042,0.05,0.044,0.04,0.532
207,700.792804044123,727.085220336552,762.285098652485,755.725565500396,NA,0,0,0,0,NA,0,27.3747010231018,855.18676580588,0.366281565030416,0.363740030924479,NA,0.292,NA,0.022,0.03,0.022,0.034,0.028,0.04,0.04,0.046,0.024,0.048,0.026,0.048,0.042,0.03,0.52
208,694.457318361047,692.058613841901,757.756592551026,753.886099825607,NA,0,0,0,0,NA,0,26.095626115799,934.681446905931,0.242004021008809,0.241985833644867,NA,0.316,NA,0.02,0.018,0.01,0.032,0.026,0.038,0.032,0.046,0.032,0.024,0.038,0.024,0.038,0.03,0.592
209,695.59535236159,742.718262105297,764.477209580537,757.839294768797,NA,0,0,0,0,NA,0,23.4350531101227,746.940085144838,0.370030828317006,0.440721094608307,NA,0.37,NA,0.018,0.012,0.016,0.02,0.052,0.052,0.05,0.048,0.034,0.046,0.032,0.03,0.026,0.032,0.532
210,690.629934307112,743.809683058798,741.704337728297,743.437235745393,NA,0,0,0,0,NA,0,17.6599719524384,768.590045917034,0.347118786970774,0.338580159346263,NA,0.308,NA,0.016,0.01,0.02,0.024,0.04,0.03,0.048,0.064,0.042,0.026,0.028,0.038,0.022,0.022,0.57
