"no","observed","IHsurvrf","trt1","trt0","trueopt","avg.prop.match.opt.obs","avg.prop.match.opt.IHsurvrf","avg.prop.match.opt.trt1","avg.prop.match.opt.trt0","avg.prop.match.opt.trueopt","change.integral","time.obs","time.IHsurvrf","time.trt1","time.trt0","time.trueopt","proportion.censor","num.convergence.it","n_1","n_2","n_3","n_4","n_5","n_6","n_7","n_8","n_9","n_10","n_11","n_12","n_13","n_14","n_15"
176,1010.48435016475,1031.44677508049,1070.25386547026,1063.94571774708,NA,0,0,0,0,NA,0,40.88050532341,2153.96786245108,0.68449186484019,0.700794764359792,NA,0.51,NA,0.01,0.008,0.004,0.012,0.022,0.038,0.044,0.034,0.032,0.04,0.036,0.026,0.034,0.032,0.628
177,993.121423315043,1025.07050671535,1069.13949510409,1062.47595767766,NA,0,0,0,0,NA,0,40.944657087326,2160.58219003677,0.6958003282547,0.680230001608531,NA,0.516,NA,0.002,0.008,0.008,0.008,0.052,0.032,0.046,0.04,0.038,0.034,0.028,0.016,0.014,0.038,0.636
178,1001.07302728685,1032.12270294339,1073.79297364661,1069.72065042184,NA,0,0,0,0,NA,0,40.6577486991882,2382.5228294611,0.676862851778666,0.67871284087499,NA,0.49,NA,0.014,0.008,0.01,0.01,0.032,0.034,0.026,0.03,0.054,0.02,0.044,0.022,0.022,0.026,0.648
180,1001.89525692884,1061.25301667025,1075.79290809617,1059.35924898934,NA,0,0,0,0,NA,0,40.1635594367981,2021.60711812576,0.661080265045166,0.663658022880554,NA,0.53,NA,0.002,0.01,0.01,0.022,0.03,0.032,0.026,0.03,0.038,0.042,0.058,0.04,0.022,0.026,0.612
181,995.797332583032,1028.57769028992,1071.92863791592,1056.83105488588,NA,0,0,0,0,NA,0,44.9564332962036,2128.20549675624,0.709213757514954,0.670034412542979,NA,0.51,NA,0.01,0.006,0.004,0.016,0.036,0.028,0.044,0.046,0.036,0.038,0.03,0.024,0.042,0.028,0.612
182,1004.68104441744,1053.85492687884,1073.29086267098,1056.24092417653,NA,0,0,0,0,NA,0,47.3602306842804,2630.46523578962,0.722274029254913,0.705652280648549,NA,0.496,NA,0.002,0.012,0.01,0.018,0.016,0.032,0.038,0.024,0.034,0.03,0.034,0.03,0.022,0.038,0.66
183,1013.88160700101,1017.21733850425,1076.40531808031,1057.97527220184,NA,0,0,0,0,NA,0,46.0618669986725,2141.39051858584,0.720110229651133,0.675125853220622,NA,0.506,NA,0.012,0.012,0.012,0.024,0.032,0.042,0.042,0.018,0.044,0.04,0.032,0.044,0.024,0.024,0.598
185,1009.80897581097,1068.43841515781,1077.02079711211,1062.1947363615,NA,0,0,0,0,NA,0,45.6095740795135,2294.08110773166,0.686127086480459,0.670320908228556,NA,0.568,NA,0.004,0.01,0.008,0.024,0.032,0.038,0.028,0.03,0.044,0.03,0.04,0.042,0.04,0.026,0.604
186,1008.86075695673,1020.32988330132,1070.22648436856,1064.26941769661,NA,0,0,0,0,NA,0,44.1626873016357,2076.45311754147,0.653031388918559,0.668392610549927,NA,0.506,NA,0.006,0.004,0.01,0.016,0.024,0.026,0.032,0.03,0.042,0.042,0.034,0.034,0.024,0.032,0.644
187,1010.76805409938,1008.50101890634,1076.90116203412,1069.1436983618,NA,0,0,0,0,NA,0,46.4126946926117,2052.29469492833,0.601748033364614,0.585121293862661,NA,0.524,NA,0.006,0.008,0.004,0.024,0.028,0.044,0.036,0.018,0.044,0.036,0.022,0.028,0.042,0.018,0.642
188,1004.26582765028,1022.85857289186,1064.24037443074,1063.26565528651,NA,0,0,0,0,NA,0,44.903795003891,2090.75843528906,0.63800478776296,0.621983850002289,NA,0.504,NA,0.008,0.006,0.006,0.01,0.038,0.016,0.028,0.042,0.03,0.036,0.036,0.032,0.024,0.03,0.658
190,1007.99821416178,1019.05123640285,1066.55435183761,1063.61746718554,NA,0,0,0,0,NA,0,44.2995138168335,1984.4798333327,0.679938658078512,0.667020805676778,NA,0.53,NA,0.006,0.008,0.014,0.018,0.04,0.032,0.034,0.028,0.042,0.03,0.038,0.032,0.034,0.032,0.612
191,1003.2522893474,1002.78197386122,1070.04020862947,1074.23131435034,NA,0,0,0,0,NA,0,44.2414395809174,1554.74866562287,0.585342665513357,0.575807658831278,NA,0.498,NA,0.008,0.002,0.006,0.012,0.028,0.026,0.028,0.042,0.028,0.04,0.044,0.024,0.036,0.034,0.642
192,1005.20750265677,1034.19037919032,1065.22764195913,1054.35378480674,NA,0,0,0,0,NA,0,39.4744184017181,1458.94552122355,0.578324564297994,0.575264573097229,NA,0.466,NA,0.004,0.006,0.012,0.014,0.028,0.02,0.032,0.038,0.024,0.03,0.034,0.024,0.012,0.024,0.698
193,1010.00110467411,1048.60548524297,1076.84741298315,1063.67420905465,NA,0,0,0,0,NA,0,40.3415431976318,1371.172770075,0.593812330563863,0.575460076332092,NA,0.514,NA,0.006,0.004,0.008,0.028,0.042,0.026,0.032,0.032,0.034,0.036,0.026,0.024,0.034,0.038,0.63
195,1014.89289414076,1050.08815698698,1072.36710527584,1063.01240052734,NA,0,0,0,0,NA,0,44.8426694869995,1547.27586193482,0.575456980864207,0.582260636488597,NA,0.498,NA,0.002,0.004,0.016,0.018,0.022,0.04,0.03,0.04,0.036,0.036,0.032,0.02,0.034,0.028,0.642
196,1003.01801884119,1047.12612153939,1071.12968890111,1063.9936251337,NA,0,0,0,0,NA,0,38.5162913799286,1431.16844447851,0.606393269697825,0.600587828954061,NA,0.514,NA,0.002,0.004,0.012,0.016,0.028,0.028,0.036,0.03,0.046,0.018,0.032,0.038,0.016,0.016,0.678
197,1012.45822768699,1031.05162683764,1069.50532427919,1058.65682288413,NA,0,0,0,0,NA,0,39.8526916503906,1323.84858920972,0.581894485155741,0.575625662008921,NA,0.518,NA,0.008,0.008,0.012,0.01,0.048,0.034,0.042,0.05,0.02,0.028,0.032,0.04,0.028,0.024,0.616
198,1001.92148682322,1014.57309802264,1067.99858962852,1064.97793591135,NA,0,0,0,0,NA,0,38.6595149040222,1492.57434851726,0.587579226493835,0.570309734344482,NA,0.47,NA,0.01,0.008,0.006,0.022,0.036,0.022,0.032,0.034,0.026,0.03,0.038,0.036,0.026,0.03,0.644
200,1005.16924657589,1046.04111701813,1068.05679489994,1063.95362823445,NA,0,0,0,0,NA,0,39.7034628391266,1406.32596814632,0.617777140935262,0.607854191462199,NA,0.512,NA,0.012,0.006,0.004,0.026,0.032,0.028,0.036,0.032,0.04,0.026,0.03,0.038,0.034,0.032,0.624
