"no","observed","IHsurvrf","trt1","trt0","trueopt","avg.prop.match.opt.obs","avg.prop.match.opt.IHsurvrf","avg.prop.match.opt.trt1","avg.prop.match.opt.trt0","avg.prop.match.opt.trueopt","change.integral","time.obs","time.IHsurvrf","time.trt1","time.trt0","time.trueopt","proportion.censor","num.convergence.it","n_1","n_2","n_3","n_4","n_5","n_6","n_7","n_8","n_9","n_10","n_11","n_12","n_13","n_14","n_15"
126,994.857061603051,1039.47452452798,1064.25387489821,1071.12875070586,NA,0,0,0,0,NA,0,20.8622696399689,880.572631164392,0.315502826372782,0.315768031279246,NA,0.474,NA,0.004,0.004,0.008,0.02,0.02,0.034,0.03,0.04,0.038,0.026,0.034,0.028,0.028,0.03,0.656
127,1011.21139110783,1016.87788838037,1064.71373686088,1062.44269133069,NA,0,0,0,0,NA,0,21.0457990169525,912.383239308993,0.328886802991231,0.327571133772532,NA,0.478,NA,0.01,0.004,0.016,0.014,0.028,0.028,0.02,0.022,0.036,0.028,0.038,0.032,0.032,0.016,0.676
128,1011.12164151238,1023.39548812542,1071.1231439628,1064.93971280592,NA,0,0,0,0,NA,0,20.6395819187164,886.840330950419,0.333001764615377,0.334897840023041,NA,0.514,NA,0.01,0.006,0.008,0.026,0.032,0.036,0.032,0.038,0.038,0.032,0.024,0.028,0.028,0.04,0.622
129,1008.73405899817,1004.85196872499,1069.39868294331,1053.58831149665,NA,0,0,0,0,NA,0,20.5779950618744,887.806788595517,0.325935033957164,0.329983711242676,NA,0.496,NA,0.002,0.012,0.014,0.022,0.02,0.034,0.026,0.042,0.032,0.036,0.026,0.032,0.028,0.024,0.65
130,1005.81734368375,1000.85716756374,1068.57579280002,1066.94894175003,NA,0,0,0,0,NA,0,20.5713260173798,908.525078479449,0.339496676127116,0.332132291793823,NA,0.49,NA,0.008,0.004,0.006,0.014,0.032,0.038,0.042,0.034,0.038,0.024,0.044,0.032,0.026,0.04,0.618
131,1007.79005169341,1037.61382323591,1064.11023724776,1068.82018967208,NA,0,0,0,0,NA,0,21.2131218910217,1015.50051722527,0.340360887845357,0.324057030677795,NA,0.472,NA,0.004,0.002,0.008,0.012,0.028,0.036,0.034,0.046,0.026,0.038,0.018,0.024,0.036,0.02,0.668
132,1007.35267421361,1063.91448005497,1076.20547504939,1071.75654712059,NA,0,0,0,0,NA,0,21.5291755199432,863.477848764261,0.342634252707163,0.338107927640279,NA,0.482,NA,0.006,0.008,0.006,0.028,0.024,0.036,0.024,0.044,0.034,0.022,0.022,0.018,0.034,0.032,0.662
133,1014.28611882839,1039.07710987782,1075.58766370377,1079.36946277392,NA,0,0,0,0,NA,0,21.5278358459473,942.104674033324,0.332750928401947,0.333213452498118,NA,0.464,NA,0.006,0.006,0.002,0.022,0.032,0.04,0.04,0.024,0.032,0.034,0.026,0.03,0.018,0.02,0.668
134,1011.61780689812,1025.06822104445,1070.83629391614,1057.52096961671,NA,0,0,0,0,NA,0,21.3766267299652,830.651445535819,0.344731843471527,0.351456888516744,NA,0.472,NA,0.006,0.008,0.004,0.02,0.032,0.046,0.038,0.02,0.04,0.026,0.024,0.024,0.04,0.036,0.636
135,1009.81634519642,1042.36284611495,1064.8500678193,1067.19147034091,NA,0,0,0,0,NA,0,21.3970439434052,848.871599392096,0.335950203736623,0.325858763853709,NA,0.538,NA,0.008,0.004,0.004,0.016,0.036,0.032,0.048,0.036,0.036,0.038,0.026,0.036,0.022,0.04,0.618
136,1001.92094694682,1040.7759425775,1072.53121016652,1056.65472517597,NA,0,0,0,0,NA,0,21.5973906517029,975.748684982459,0.349721233050029,0.347156290213267,NA,0.498,NA,0,0.004,0.008,0.012,0.03,0.028,0.034,0.032,0.034,0.034,0.024,0.028,0.042,0.028,0.662
137,1012.92755436199,1012.19793183122,1072.67126094927,1076.57568836772,NA,0,0,0,0,NA,0,22.1826255321503,810.322244115671,0.330157383282979,0.332501407464345,NA,0.52,NA,0.004,0.002,0.012,0.026,0.026,0.048,0.046,0.042,0.052,0.038,0.048,0.026,0.024,0.024,0.582
138,1008.24508329993,1019.54715369564,1067.3004318317,1070.59699453246,NA,0,0,0,0,NA,0,21.4654946327209,937.723231601715,0.34499572912852,0.319588788350423,NA,0.494,NA,0.004,0.006,0.002,0.026,0.022,0.026,0.034,0.036,0.03,0.04,0.034,0.018,0.026,0.036,0.66
139,999.294228950059,1026.22753227666,1071.17433761126,1063.33233541628,NA,0,0,0,0,NA,0,21.5699915885925,1001.0896514376,0.34046117067337,0.334245089689891,NA,0.496,NA,0.006,0.002,0.018,0.02,0.038,0.032,0.046,0.036,0.022,0.036,0.036,0.04,0.026,0.016,0.626
140,990.197387998036,1022.03973846921,1068.4517614399,1065.66221234418,NA,0,0,0,0,NA,0,21.8222200870514,1117.84236737887,0.391312770048777,0.358453289667765,NA,0.52,NA,0.008,0.006,0.006,0.016,0.016,0.036,0.032,0.028,0.032,0.032,0.036,0.04,0.02,0.038,0.654
141,1014.16118075922,1020.89067743838,1072.98060072063,1066.04626150157,NA,0,0,0,0,NA,0,23.2201356887817,921.500128388405,0.360559221108754,0.324601515134176,NA,0.466,NA,0.004,0.012,0.006,0.022,0.03,0.03,0.042,0.028,0.036,0.046,0.03,0.022,0.024,0.028,0.64
142,1010.31546773888,1055.7015781176,1070.44024462938,1058.76330493012,NA,0,0,0,0,NA,0,22.1860058307648,835.993918347359,0.332761037349701,0.321918066342672,NA,0.51,NA,0.004,0.01,0.004,0.016,0.044,0.02,0.026,0.054,0.03,0.036,0.036,0.03,0.02,0.03,0.64
143,1003.30485168469,1051.52329970498,1069.50271883264,1061.25823100045,NA,0,0,0,0,NA,0,21.5873050689697,1057.36410020987,0.342948532104492,0.330483865737915,NA,0.5,NA,0.002,0.008,0.006,0.014,0.022,0.042,0.042,0.038,0.022,0.048,0.04,0.022,0.046,0.028,0.62
144,1014.13161792508,1016.51163973506,1063.8410713028,1053.29881423384,NA,0,0,0,0,NA,0,21.745484828949,844.286962648233,0.342943453788757,0.332138542334239,NA,0.482,NA,0.004,0.012,0.012,0.012,0.03,0.026,0.038,0.034,0.034,0.036,0.046,0.04,0.026,0.028,0.622
145,1002.55196519684,1034.44399959273,1067.63209472426,1064.32567834272,NA,0,0,0,0,NA,0,22.809027671814,858.606402015686,0.334076654911041,0.330438029766083,NA,0.494,NA,0.006,0.006,0.022,0.022,0.044,0.028,0.046,0.042,0.032,0.022,0.03,0.032,0.014,0.02,0.634
146,996.173812859624,1049.92487205195,1070.49983452279,1067.52074948107,NA,0,0,0,0,NA,0,21.905131816864,816.606844135125,0.316987808545431,0.316457800070445,NA,0.472,NA,0.004,0.01,0.01,0.024,0.03,0.032,0.046,0.034,0.024,0.024,0.028,0.028,0.04,0.028,0.638
147,1005.20332822392,1044.09626283132,1069.03169296021,1066.61331310991,NA,0,0,0,0,NA,0,21.0115921497345,817.727275216579,0.347700277964274,0.325072813034058,NA,0.486,NA,0.006,0.01,0.014,0.026,0.026,0.036,0.026,0.036,0.046,0.034,0.036,0.036,0.036,0.03,0.602
148,999.150146017207,1030.51925255308,1067.57252868862,1069.84948310355,NA,0,0,0,0,NA,0,21.837525844574,878.881622310479,0.309529276688894,0.29703445037206,NA,0.45,NA,0.006,0.006,0.012,0.016,0.02,0.024,0.038,0.034,0.034,0.028,0.032,0.038,0.016,0.03,0.666
149,1015.28788461146,1049.06208002941,1070.20308122921,1057.62276087182,NA,0,0,0,0,NA,0,21.616131067276,834.225606187185,0.330841628710429,0.312756701310476,NA,0.514,NA,0.002,0.01,0.004,0.016,0.024,0.05,0.034,0.042,0.034,0.034,0.046,0.034,0.034,0.022,0.614
150,1002.19441330244,1034.29112090105,1071.96191711288,1063.41850722202,NA,0,0,0,0,NA,0,21.6291456222534,828.709234611193,0.330036441485087,0.325755580266317,NA,0.484,NA,0.006,0.004,0.014,0.012,0.026,0.02,0.032,0.054,0.034,0.032,0.032,0.036,0.026,0.032,0.64
