"no","observed","IHsurvrf","trt1","trt0","trueopt","avg.prop.match.opt.obs","avg.prop.match.opt.IHsurvrf","avg.prop.match.opt.trt1","avg.prop.match.opt.trt0","avg.prop.match.opt.trueopt","change.integral","time.obs","time.IHsurvrf","time.trt1","time.trt0","time.trueopt","proportion.censor","num.convergence.it","n_1","n_2","n_3","n_4","n_5","n_6","n_7","n_8","n_9","n_10","n_11","n_12","n_13","n_14","n_15"
126,686.589391008711,728.854527111491,748.680066534736,740.823343802824,NA,0,0,0,0,NA,0,21.6174907684326,920.305425786972,0.391022757689158,0.394637930393219,NA,0.344,NA,0.02,0.016,0.02,0.028,0.042,0.046,0.044,0.024,0.04,0.042,0.04,0.034,0.034,0.02,0.55
127,696.145946738374,744.82226037814,762.132830831994,748.430929730451,NA,0,0,0,0,NA,0,29.8622167110443,726.474420543512,0.258596968650818,0.254409472147624,NA,0.316,NA,0.014,0.01,0.032,0.032,0.028,0.032,0.062,0.044,0.02,0.038,0.026,0.05,0.038,0.028,0.546
128,690.489893416338,718.269890060275,763.172746534955,760.651386756882,NA,0,0,0,0,NA,0,29.7274353504181,725.320857020219,0.378266636530558,0.36355676651001,NA,0.308,NA,0.018,0.016,0.01,0.038,0.058,0.044,0.028,0.044,0.04,0.032,0.028,0.024,0.032,0.018,0.57
129,687.014933646232,726.598368291754,758.054425462726,753.180254562964,NA,0,0,0,0,NA,0,28.4769957065582,876.605799233913,0.377880434195201,0.374849903583527,NA,0.312,NA,0.012,0.022,0.016,0.036,0.032,0.034,0.032,0.046,0.046,0.026,0.028,0.03,0.022,0.018,0.6
130,693.622534036715,727.961594700393,757.467300682373,746.117688534203,NA,0,0,0,0,NA,0,27.3711636066437,891.988580890497,0.360562952359517,0.359628637631734,NA,0.318,NA,0.018,0.008,0.016,0.022,0.054,0.05,0.042,0.028,0.024,0.042,0.018,0.048,0.03,0.018,0.582
131,682.81312868684,723.328921932867,757.202997622869,759.990109847403,NA,0,0,0,0,NA,0,26.0291993618011,916.989243865013,0.364874092737834,0.366773764292399,NA,0.32,NA,0.016,0.008,0.024,0.02,0.03,0.054,0.05,0.032,0.046,0.036,0.03,0.04,0.036,0.026,0.552
132,688.032584638867,743.162043013953,758.428664247312,753.06729557409,NA,0,0,0,0,NA,0,17.3795974254608,532.799539458752,0.269709761937459,0.261656884352366,NA,0.344,NA,0.014,0.018,0.02,0.03,0.034,0.034,0.048,0.046,0.032,0.026,0.044,0.044,0.032,0.036,0.542
133,700.304911047998,736.70798073646,756.083332117361,764.322278437378,NA,0,0,0,0,NA,0,23.6805627346039,1008.00895580053,0.370452570915222,0.352004635334015,NA,0.308,NA,0.022,0.012,0.02,0.03,0.028,0.032,0.036,0.034,0.044,0.03,0.034,0.032,0.02,0.044,0.582
134,690.03324934402,767.182816824747,755.18183459833,762.682026711821,NA,0,0,0,0,NA,0,25.5677633285522,834.857578678926,0.379605929056803,0.357659347852071,NA,0.312,NA,0.018,0.02,0.014,0.036,0.048,0.018,0.04,0.046,0.034,0.038,0.032,0.02,0.038,0.026,0.572
135,690.846650886063,731.853901198323,763.742402199288,740.28067567105,NA,0,0,0,0,NA,0,24.6707761287689,840.738535130024,0.369524848461151,0.366259793440501,NA,0.31,NA,0.018,0.016,0.026,0.032,0.04,0.042,0.058,0.046,0.032,0.03,0.028,0.028,0.03,0.034,0.54
136,689.492986914428,740.163592026216,758.045592274663,756.898913358087,NA,0,0,0,0,NA,0,23.8739488124847,856.303626362483,0.364180525143941,0.354165728886922,NA,0.33,NA,0.018,0.012,0.014,0.024,0.044,0.04,0.04,0.04,0.036,0.044,0.03,0.03,0.022,0.022,0.584
137,694.515172984473,724.171622888325,755.227061770362,758.381289163643,NA,0,0,0,0,NA,0,16.600382566452,486.441960080465,0.265408607323964,0.267195268472036,NA,0.358,NA,0.014,0.006,0.024,0.032,0.03,0.044,0.05,0.046,0.04,0.034,0.04,0.036,0.022,0.034,0.548
138,693.890568998415,672.064075264226,762.247387615855,743.521673557596,NA,0,0,0,0,NA,0,23.3660430908203,881.115994934241,0.400535202026367,0.392849226792653,NA,0.336,NA,0.01,0.014,0.012,0.04,0.038,0.028,0.026,0.062,0.036,0.038,0.046,0.028,0.032,0.024,0.566
139,695.916566593004,720.978150172002,753.325771054686,762.55910084089,NA,0,0,0,0,NA,0,23.3836841583252,825.366776021322,0.36056485970815,0.36359707514445,NA,0.292,NA,0.018,0.014,0.024,0.03,0.034,0.034,0.04,0.036,0.042,0.034,0.04,0.022,0.01,0.036,0.586
140,687.684134324686,723.647083500672,753.494795028206,750.66122959417,NA,0,0,0,0,NA,0,23.3912580013275,905.618091893196,0.361748075485229,0.347142060597738,NA,0.302,NA,0.016,0.02,0.012,0.032,0.026,0.038,0.042,0.038,0.034,0.04,0.042,0.024,0.018,0.038,0.58
141,700.521605766957,732.16059262896,763.60943807384,761.805563064291,NA,0,0,0,0,NA,0,23.5615644454956,777.171756033103,0.361554332574209,0.366167211532593,NA,0.326,NA,0.012,0.018,0.024,0.028,0.036,0.04,0.05,0.03,0.044,0.028,0.06,0.02,0.022,0.03,0.558
142,697.96913174439,767.534472676548,755.493854385974,755.116917234464,NA,0,0,0,0,NA,0,16.859837770462,541.565576573213,0.250871916611989,0.246931608517965,NA,0.318,NA,0.01,0.014,0.016,0.032,0.024,0.056,0.04,0.032,0.044,0.03,0.032,0.036,0.028,0.03,0.576
143,685.10344176041,742.960207247743,746.439622807382,752.30638971064,NA,0,0,0,0,NA,0,25.2539072036743,824.604399653276,0.389334305127462,0.3992436170578,NA,0.316,NA,0.006,0.018,0.016,0.026,0.034,0.038,0.048,0.042,0.04,0.03,0.026,0.026,0.026,0.042,0.582
144,694.035305750146,734.888713667751,757.044488694151,752.266052435876,NA,0,0,0,0,NA,0,23.4338853359222,766.467046737671,0.352420814832052,0.344356616338094,NA,0.32,NA,0.014,0.024,0.018,0.022,0.03,0.05,0.04,0.034,0.042,0.044,0.044,0.044,0.04,0.022,0.532
145,695.28844594297,748.692538145702,753.716635484024,757.236238941985,NA,0,0,0,0,NA,0,23.3254244327545,763.720747371515,0.3571728626887,0.356293964385986,NA,0.314,NA,0.016,0.022,0.028,0.024,0.048,0.032,0.042,0.034,0.038,0.038,0.036,0.046,0.036,0.028,0.532
146,681.331399240768,725.123039573692,769.523706883391,758.004690901405,NA,0,0,0,0,NA,0,23.6840264797211,696.557665820916,0.239900410175323,0.240482175350189,NA,0.31,NA,0.018,0.016,0.018,0.026,0.048,0.052,0.046,0.036,0.034,0.034,0.046,0.036,0.028,0.026,0.536
147,697.75458437703,720.615203093788,760.004641729422,757.06551041405,NA,0,0,0,0,NA,0,16.6190662384033,463.670752600829,0.247737288475037,0.253278386592865,NA,0.272,NA,0.018,0.018,0.016,0.03,0.044,0.04,0.048,0.028,0.042,0.028,0.028,0.032,0.022,0.024,0.582
148,692.542337429755,660.322407498666,757.144286814411,752.98530086977,NA,0,0,0,0,NA,0,25.8909981250763,725.712636025747,0.238661396503448,0.242496625582377,NA,0.31,NA,0.02,0.02,0.024,0.028,0.048,0.036,0.024,0.038,0.042,0.038,0.03,0.05,0.024,0.022,0.556
149,680.541051270932,736.9291520656,760.625900103397,747.379555524105,NA,0,0,0,0,NA,0,23.6552591323853,641.320762606462,0.240923515955607,0.239946266015371,NA,0.29,NA,0.008,0.026,0.018,0.034,0.026,0.066,0.036,0.038,0.024,0.026,0.024,0.05,0.036,0.034,0.554
150,692.851442377769,717.50974031207,758.50415890241,752.134259231478,NA,0,0,0,0,NA,0,23.097095489502,654.356574451923,0.247237439950307,0.247400263945262,NA,0.332,NA,0.012,0.02,0.014,0.026,0.034,0.044,0.032,0.034,0.028,0.048,0.042,0.04,0.028,0.032,0.566
