"no","observed","IHsurvrf","trt1","trt0","trueopt","avg.prop.match.opt.obs","avg.prop.match.opt.IHsurvrf","avg.prop.match.opt.trt1","avg.prop.match.opt.trt0","avg.prop.match.opt.trueopt","change.integral","time.obs","time.IHsurvrf","time.trt1","time.trt0","time.trueopt","proportion.censor","num.convergence.it","n_1","n_2","n_3","n_4","n_5","n_6","n_7","n_8","n_9","n_10","n_11","n_12","n_13","n_14","n_15"
51,698.413908538079,708.82536347298,752.002797389597,756.511139714138,NA,0,0,0,0,NA,0,36.6421592235565,2140.83720963399,0.573894389470418,0.576689314842224,NA,0.31,NA,0.02,0.024,0.018,0.022,0.036,0.042,0.038,0.034,0.046,0.032,0.026,0.03,0.014,0.026,0.592
52,694.841861567031,719.562761593258,751.585466155471,759.297812273997,NA,0,0,0,0,NA,0,39.0633549690247,2041.44228250186,0.586518895626068,0.595514806111654,NA,0.316,NA,0.01,0.018,0.01,0.036,0.048,0.038,0.048,0.04,0.032,0.05,0.032,0.038,0.032,0.034,0.534
53,701.765843454089,747.005685715251,754.469998696146,767.648947998607,NA,0,0,0,0,NA,0,36.963535785675,2080.90087378422,0.568328285217285,0.566243147850037,NA,0.328,NA,0.014,0.004,0.018,0.036,0.028,0.048,0.03,0.036,0.04,0.036,0.038,0.04,0.038,0.042,0.552
54,700.990057950212,752.716933123889,744.642726731009,753.443966024213,NA,0,0,0,0,NA,0,39.3655133247375,1836.89726732969,0.617526622613271,0.597624591986338,NA,0.308,NA,0.018,0.012,0.014,0.026,0.054,0.04,0.042,0.042,0.028,0.036,0.034,0.024,0.034,0.02,0.576
55,705.053370648038,741.607040335318,757.881215252358,743.908941174464,NA,0,0,0,0,NA,0,39.8984279632568,2065.86427075863,0.597417124112447,0.605388200283051,NA,0.31,NA,0.016,0.014,0.022,0.03,0.044,0.03,0.04,0.042,0.032,0.04,0.038,0.038,0.04,0.024,0.55
56,688.751768034451,714.31930483223,757.834790968265,755.786160846064,NA,0,0,0,0,NA,0,38.8730590343475,1675.80393337806,0.562146413326263,0.551615472634633,NA,0.374,NA,0.018,0.012,0.018,0.024,0.036,0.044,0.046,0.046,0.054,0.034,0.04,0.044,0.04,0.038,0.506
57,692.309619665363,692.912510630555,749.050959876799,743.03971003933,NA,0,0,0,0,NA,0,39.1191594600677,2134.45200547775,0.577787506580353,0.558385610580444,NA,0.336,NA,0.012,0.016,0.016,0.024,0.02,0.05,0.028,0.052,0.038,0.056,0.032,0.036,0.034,0.042,0.544
58,694.004460151404,729.634831694793,754.247037126812,750.243961989321,NA,0,0,0,0,NA,0,38.5211358070374,1736.03262948195,0.57240571975708,0.568529156843821,NA,0.334,NA,0.018,0.014,0.018,0.03,0.038,0.048,0.05,0.024,0.044,0.03,0.036,0.022,0.032,0.036,0.56
59,690.138010880962,702.226550355226,765.087556539301,768.65464896387,NA,0,0,0,0,NA,0,40.7169992923737,1879.90765300989,0.590779395898183,0.588190031051636,NA,0.34,NA,0.022,0.02,0.024,0.036,0.036,0.024,0.03,0.048,0.04,0.032,0.062,0.036,0.03,0.02,0.54
60,697.608332476603,698.169020988472,752.869419514596,755.656598561676,NA,0,0,0,0,NA,0,40.3754878044128,1718.35359487534,0.611656006177266,0.592111829916636,NA,0.326,NA,0.024,0.03,0.026,0.034,0.028,0.056,0.038,0.06,0.034,0.03,0.054,0.028,0.014,0.036,0.508
61,675.217338001287,746.894692499604,755.665648098933,764.137210345732,NA,0,0,0,0,NA,0,38.2119238376617,1586.19838447968,0.583362050851186,0.558393406867981,NA,0.32,NA,0.018,0.02,0.026,0.022,0.022,0.042,0.04,0.032,0.034,0.034,0.03,0.034,0.038,0.046,0.562
62,686.22551629142,732.119185559038,760.834130936805,755.962098452885,NA,0,0,0,0,NA,0,38.1429145336151,1940.64781120618,0.585380911827087,0.559220457077026,NA,0.308,NA,0.018,0.024,0.016,0.02,0.038,0.034,0.038,0.036,0.032,0.032,0.044,0.042,0.04,0.02,0.566
63,687.833643062064,688.810095380732,766.331285039152,757.245118408949,NA,0,0,0,0,NA,0,38.8368246555328,1690.54603765011,0.575889154275258,0.570814553896586,NA,0.32,NA,0.016,0.014,0.014,0.028,0.034,0.036,0.038,0.034,0.024,0.05,0.026,0.024,0.038,0.036,0.588
64,686.56976004104,747.584960763983,757.114266971623,753.025697463865,NA,0,0,0,0,NA,0,39.9148426055908,1815.42808239857,0.593213192621867,0.565114891529083,NA,0.362,NA,0.02,0.014,0.016,0.02,0.024,0.04,0.048,0.028,0.046,0.054,0.036,0.032,0.042,0.026,0.554
65,695.090572945779,724.776316984957,768.011878673409,752.382844863333,NA,0,0,0,0,NA,0,39.8213558197021,1511.08838127057,0.580779731273651,0.583534379800161,NA,0.354,NA,0.012,0.014,0.026,0.044,0.034,0.026,0.04,0.04,0.046,0.03,0.034,0.05,0.034,0.036,0.534
66,692.002445850612,682.28051904649,766.182379096845,759.668509652591,NA,0,0,0,0,NA,0,36.8441572189331,1543.68627666235,0.568720563252767,0.564289351304372,NA,0.318,NA,0.022,0.014,0.022,0.032,0.03,0.042,0.04,0.054,0.032,0.044,0.03,0.036,0.026,0.022,0.554
67,690.199821412502,705.590166349307,766.537738174899,759.958193414604,NA,0,0,0,0,NA,0,37.9245772361755,1952.47552460432,0.595682009061178,0.565757075945536,NA,0.324,NA,0.016,0.018,0.016,0.014,0.03,0.044,0.034,0.03,0.036,0.048,0.052,0.038,0.038,0.032,0.554
68,696.307162450038,686.633393538337,755.272330716135,760.089967482691,NA,0,0,0,0,NA,0,37.873813867569,1507.15087643464,0.564916531244914,0.556853210926056,NA,0.334,NA,0.012,0.014,0.02,0.044,0.038,0.032,0.05,0.054,0.032,0.048,0.028,0.034,0.04,0.032,0.522
69,686.825132849643,744.656501186258,766.208176928241,751.094510335774,NA,0,0,0,0,NA,0,37.6759932041168,1507.7034231623,0.575071477890015,0.559338303407033,NA,0.348,NA,0.014,0.016,0.026,0.024,0.06,0.046,0.048,0.038,0.046,0.032,0.038,0.042,0.026,0.034,0.51
70,690.157062862162,711.386429523534,755.464130477511,763.824881768043,NA,0,0,0,0,NA,0,38.207483291626,1668.12983249029,0.586589825153351,0.567948655287425,NA,0.312,NA,0.022,0.01,0.018,0.032,0.03,0.02,0.026,0.04,0.052,0.044,0.032,0.028,0.038,0.04,0.568
71,686.955685141101,711.783670826175,756.747102063215,748.429660490757,NA,0,0,0,0,NA,0,37.3124263286591,1458.98012784322,0.552150126298269,0.545756248633067,NA,0.35,NA,0.016,0.014,0.03,0.024,0.042,0.042,0.044,0.042,0.036,0.036,0.044,0.036,0.016,0.026,0.552
72,707.771841259351,728.381665105424,757.634898785501,752.410327453291,NA,0,0,0,0,NA,0,37.7629096508026,1514.35751636426,0.566389469305674,0.560184240341187,NA,0.252,NA,0.014,0.026,0.022,0.026,0.03,0.05,0.042,0.044,0.026,0.026,0.028,0.03,0.026,0.022,0.588
73,693.031620991447,725.990546094854,760.619395459238,760.81417190904,NA,0,0,0,0,NA,0,38.5797259807587,1469.9254940788,0.577242612838745,0.557832833131154,NA,0.316,NA,0.032,0.016,0.03,0.018,0.04,0.034,0.042,0.034,0.052,0.036,0.03,0.046,0.022,0.018,0.55
74,697.324808122785,715.13677109053,746.288991637345,752.538719864077,NA,0,0,0,0,NA,0,38.3487374782562,1563.0216650486,0.566245043277741,0.559979403018951,NA,0.32,NA,0.012,0.012,0.022,0.028,0.054,0.024,0.038,0.052,0.032,0.04,0.04,0.032,0.012,0.026,0.576
75,686.984261555144,729.612925657908,761.121341238229,746.034864724708,NA,0,0,0,0,NA,0,37.801388502121,1623.15627662738,0.576408437887828,0.57803422609965,NA,0.304,NA,0.024,0.018,0.022,0.032,0.02,0.032,0.032,0.05,0.032,0.018,0.046,0.038,0.032,0.028,0.576
