"no","observed","IHsurvrf","trt1","trt0","trueopt","avg.prop.match.opt.obs","avg.prop.match.opt.IHsurvrf","avg.prop.match.opt.trt1","avg.prop.match.opt.trt0","avg.prop.match.opt.trueopt","change.integral","time.obs","time.IHsurvrf","time.trt1","time.trt0","time.trueopt","proportion.censor","num.convergence.it","n_1","n_2","n_3","n_4","n_5","n_6","n_7","n_8","n_9","n_10","n_11","n_12","n_13","n_14","n_15"
1,689.702701456674,680.228451013475,756.278997153079,759.000568241308,NA,0,0,0,0,NA,0,40.701297044754,1659.18761340777,0.620768050352732,0.605580735206604,NA,0.316,NA,0.016,0.026,0.012,0.028,0.024,0.03,0.04,0.036,0.026,0.038,0.028,0.04,0.024,0.036,0.596
2,691.501531165172,739.247061858285,757.870748693886,756.38779923939,NA,0,0,0,0,NA,0,40.5654537677765,1523.98468635877,0.585001083215078,0.584103429317474,NA,0.296,NA,0.024,0.02,0.024,0.034,0.038,0.04,0.038,0.036,0.03,0.034,0.04,0.02,0.032,0.028,0.562
3,700.257357146307,720.80936686114,752.639293729761,756.593514801447,NA,0,0,0,0,NA,0,23.5521314144135,995.357759495576,0.38363827864329,0.378445760409037,NA,0.28,NA,0.018,0.024,0.016,0.018,0.038,0.042,0.04,0.036,0.028,0.016,0.024,0.028,0.026,0.04,0.606
4,699.911413457358,721.795425583998,749.420317256991,751.955118226526,NA,0,0,0,0,NA,0,40.9219880104065,1660.3540719231,0.635615662733714,0.631773706277212,NA,0.296,NA,0.02,0.014,0.022,0.036,0.044,0.05,0.036,0.038,0.036,0.03,0.034,0.03,0.028,0.022,0.56
5,690.979964366848,737.896575787671,757.224383586447,769.367834480729,NA,0,0,0,0,NA,0,40.6376421451569,1528.12541786035,0.588522485891978,0.577075338363647,NA,0.29,NA,0.018,0.026,0.018,0.018,0.046,0.046,0.036,0.048,0.024,0.03,0.028,0.032,0.028,0.03,0.572
6,688.930610468798,734.919300218988,757.22772472476,750.044077838711,NA,0,0,0,0,NA,0,41.0849828720093,1580.05061533848,0.709228813648224,0.730848395824432,NA,0.324,NA,0.01,0.016,0.028,0.036,0.038,0.038,0.028,0.04,0.028,0.04,0.038,0.036,0.024,0.038,0.562
7,690.228701066529,723.871892511874,750.169748488969,748.457008700145,NA,0,0,0,0,NA,0,39.0558874607086,1913.91580234369,0.64102691411972,0.629335502783457,NA,0.298,NA,0.02,0.01,0.018,0.016,0.026,0.046,0.036,0.052,0.038,0.032,0.014,0.042,0.034,0.03,0.586
8,688.016653046687,682.967296469903,760.377871715684,749.202773371082,NA,0,0,0,0,NA,0,25.1691122055054,1029.88979169925,0.382387896378835,0.361790951093038,NA,0.334,NA,0.014,0.02,0.016,0.032,0.032,0.05,0.032,0.042,0.04,0.032,0.052,0.03,0.036,0.03,0.542
9,692.422202165501,725.346934889355,768.360849804713,756.891787355927,NA,0,0,0,0,NA,0,41.5305025577545,1748.17099837462,0.746444002787272,0.734134856859843,NA,0.322,NA,0.014,0.018,0.028,0.032,0.03,0.04,0.05,0.038,0.046,0.02,0.028,0.022,0.026,0.034,0.574
10,694.280759263218,715.540202130382,760.404215372103,747.30998690575,NA,0,0,0,0,NA,0,38.816689491272,1847.5893905441,0.639695552984873,0.66098198890686,NA,0.29,NA,0.012,0.016,0.016,0.03,0.018,0.052,0.048,0.026,0.042,0.026,0.042,0.03,0.022,0.036,0.584
11,694.730038727425,731.235466604233,756.185518263022,758.610632522994,NA,0,0,0,0,NA,0,49.3499381542206,1432.59054730336,0.601629455884298,0.598616850376129,NA,0.304,NA,0.004,0.022,0.026,0.038,0.05,0.044,0.046,0.034,0.04,0.02,0.036,0.028,0.03,0.028,0.554
12,683.184386119977,732.93164491293,753.809718244658,751.906813962519,NA,0,0,0,0,NA,0,40.9938435554504,1606.17744962374,0.62524338165919,0.608652353286743,NA,0.316,NA,0.016,0.018,0.016,0.028,0.04,0.038,0.042,0.034,0.034,0.042,0.038,0.03,0.03,0.032,0.562
13,688.320812889645,749.499615623588,759.334741391516,765.298131731523,NA,0,0,0,0,NA,0,23.334184885025,1020.35557187398,0.404360540707906,0.400321773687998,NA,0.334,NA,0.012,0.02,0.014,0.026,0.044,0.028,0.036,0.032,0.048,0.038,0.04,0.016,0.046,0.03,0.57
14,680.448425274413,731.617643932713,752.578303431359,757.191546345331,NA,0,0,0,0,NA,0,49.1326167583466,1760.43176845709,0.607396574815114,0.610308257738749,NA,0.324,NA,0.012,0.022,0.012,0.036,0.026,0.038,0.03,0.024,0.036,0.022,0.044,0.046,0.04,0.036,0.576
15,687.393080348645,708.650718716553,749.502751758389,751.614043407989,NA,0,0,0,0,NA,0,44.0625600814819,1531.52997577588,0.62190674940745,0.609815533955892,NA,0.356,NA,0.01,0.024,0.02,0.026,0.038,0.03,0.034,0.036,0.042,0.062,0.032,0.036,0.026,0.034,0.55
16,691.100682221734,722.681345279167,757.291574821521,772.136504787001,NA,0,0,0,0,NA,0,39.1987924575806,1027.3149665753,0.359244100252787,0.348344198862712,NA,0.344,NA,0.012,0.024,0.004,0.034,0.05,0.042,0.044,0.034,0.054,0.03,0.026,0.048,0.034,0.036,0.528
17,694.870722946545,741.403413365148,745.182744134578,742.154146709462,NA,0,0,0,0,NA,0,40.1315059661865,1533.58595583439,0.626163514455159,0.635105152924856,NA,0.306,NA,0.01,0.01,0.008,0.038,0.024,0.036,0.042,0.048,0.044,0.046,0.044,0.016,0.028,0.028,0.578
18,699.477554566283,727.259801240629,752.371268246914,769.14915313216,NA,0,0,0,0,NA,0,25.9438977241516,954.869590278466,0.354694656531016,0.357421616713206,NA,0.326,NA,0.016,0.024,0.014,0.02,0.04,0.052,0.038,0.04,0.044,0.036,0.03,0.034,0.04,0.024,0.548
19,694.281236489664,718.264477059243,747.933431084879,754.047460375346,NA,0,0,0,0,NA,0,40.5299799442291,1566.08295662403,0.389592643578847,0.389772661526998,NA,0.276,NA,0.012,0.02,0.018,0.042,0.032,0.054,0.03,0.038,0.024,0.038,0.038,0.036,0.024,0.03,0.564
20,692.061107573041,757.11658912812,766.32650199081,755.225343833936,NA,0,0,0,0,NA,0,39.3264992237091,1044.04009270271,0.351856366793315,0.351264266173045,NA,0.274,NA,0.012,0.01,0.022,0.032,0.026,0.046,0.05,0.036,0.036,0.036,0.024,0.038,0.04,0.02,0.572
21,692.050946187199,688.002798479109,765.461755570735,761.396456664769,NA,0,0,0,0,NA,0,22.4732296466827,942.741888956229,0.373042897383372,0.368185901641846,NA,0.354,NA,0.01,0.02,0.03,0.018,0.042,0.04,0.036,0.046,0.04,0.044,0.028,0.032,0.032,0.048,0.534
22,687.208562176447,683.578746996726,755.236457206375,751.915814259747,NA,0,0,0,0,NA,0,41.0377955436707,1022.71821053028,0.359747501214345,0.366818451881409,NA,0.312,NA,0.016,0.022,0.01,0.028,0.028,0.034,0.036,0.062,0.038,0.038,0.032,0.04,0.036,0.024,0.556
23,697.965020477793,748.808932870297,755.730472275429,750.236784644673,NA,0,0,0,0,NA,0,23.6441361904144,955.684921570619,0.354446955521901,0.351582984129588,NA,0.312,NA,0.014,0.018,0.028,0.026,0.044,0.042,0.04,0.028,0.034,0.04,0.044,0.036,0.024,0.02,0.562
24,694.650061373992,734.964283971738,769.15424719502,750.741491446662,NA,0,0,0,0,NA,0,25.9862809181213,1016.37105106115,0.362464503447215,0.351794230937958,NA,0.304,NA,0.016,0.014,0.018,0.036,0.024,0.042,0.028,0.044,0.036,0.048,0.042,0.034,0.03,0.038,0.55
25,695.525659146567,743.258214663183,754.435740144383,745.889653132738,NA,0,0,0,0,NA,0,23.1685001850128,984.850933070977,0.364472250143687,0.354752933979034,NA,0.32,NA,0.018,0.02,0.018,0.032,0.044,0.05,0.028,0.024,0.026,0.032,0.046,0.034,0.046,0.026,0.556
