"no","observed","IHsurvrf","trt1","trt0","trueopt","avg.prop.match.opt.obs","avg.prop.match.opt.IHsurvrf","avg.prop.match.opt.trt1","avg.prop.match.opt.trt0","avg.prop.match.opt.trueopt","change.integral","time.obs","time.IHsurvrf","time.trt1","time.trt0","time.trueopt","proportion.censor","num.convergence.it","n_1","n_2","n_3","n_4","n_5","n_6","n_7","n_8","n_9","n_10","n_11","n_12","n_13","n_14","n_15"
151,1007.41431746583,1020.98191640373,1064.49149076325,1067.08362895845,NA,0,0,0,0,NA,0,24.8037478923798,1360.66492693424,0.397178637981415,0.395635465780894,NA,0.512,NA,0.006,0.008,0.012,0.022,0.028,0.052,0.03,0.038,0.03,0.03,0.036,0.036,0.026,0.026,0.62
152,1012.61316373664,1039.34164582809,1078.54164544716,1062.91224266354,NA,0,0,0,0,NA,0,24.2558822631836,1260.7931719621,0.418992284933726,0.423348108927409,NA,0.52,NA,0.006,0.004,0.01,0.024,0.03,0.04,0.042,0.038,0.038,0.024,0.032,0.028,0.02,0.03,0.634
153,1001.45045588923,1055.5985868086,1066.09600832763,1061.04646013356,NA,0,0,0,0,NA,0,24.1053621768951,1356.71352248987,0.44105130036672,0.496365936597188,NA,0.548,NA,0.006,0.002,0.008,0.012,0.03,0.044,0.044,0.04,0.026,0.032,0.036,0.034,0.022,0.018,0.646
154,1010.64121444151,1031.82091084294,1073.17769306785,1067.64638583043,NA,0,0,0,0,NA,0,24.4537065029144,1465.15957672199,0.512299787998199,0.44464704990387,NA,0.526,NA,0.006,0.01,0.012,0.018,0.022,0.036,0.05,0.028,0.034,0.024,0.03,0.038,0.024,0.038,0.63
155,1008.10639246585,1045.9598950462,1069.48393252362,1063.99631341674,NA,0,0,0,0,NA,0,24.4115672111511,1356.59276779095,0.398590477307638,0.441176474094391,NA,0.476,NA,0.004,0.012,0.002,0.02,0.024,0.04,0.03,0.026,0.032,0.03,0.026,0.036,0.026,0.022,0.67
156,998.849579699443,1038.29169205529,1073.81126059357,1071.08742532279,NA,0,0,0,0,NA,0,26.1126208305359,1525.69910783768,0.481342156728109,0.468431329727173,NA,0.494,NA,0.018,0,0.004,0.02,0.034,0.026,0.04,0.036,0.038,0.032,0.042,0.03,0.028,0.016,0.636
157,1004.15859765266,1039.87178348373,1077.45409636339,1067.45018871277,NA,0,0,0,0,NA,0,31.2201819419861,1539.70295927127,0.490233894189199,0.481760394573212,NA,0.532,NA,0.006,0.012,0.01,0.014,0.032,0.034,0.038,0.026,0.024,0.02,0.03,0.044,0.056,0.03,0.624
158,1004.96205928308,1043.52618320669,1062.6617585966,1068.13314627822,NA,0,0,0,0,NA,0,32.5268709659576,1375.53014756441,0.512986409664154,0.502793761094411,NA,0.518,NA,0.002,0.002,0.014,0.02,0.026,0.034,0.024,0.038,0.022,0.05,0.04,0.028,0.028,0.028,0.644
159,1003.21747936811,1053.0491726445,1071.24495852676,1064.48666992727,NA,0,0,0,0,NA,0,26.5871276855469,1479.95928969781,0.472027623653412,0.448107838630676,NA,0.464,NA,0.004,0.002,0.014,0.014,0.04,0.024,0.028,0.05,0.016,0.026,0.028,0.022,0.018,0.04,0.674
160,1008.77874334946,1004.17150297107,1068.81899466926,1059.45203711663,NA,0,0,0,0,NA,0,28.7497079372406,1372.09012980064,0.48696696360906,0.461126605669657,NA,0.494,NA,0.01,0.002,0.008,0.014,0.032,0.038,0.038,0.036,0.022,0.02,0.024,0.032,0.024,0.028,0.672
161,1007.46491023177,1030.03006714289,1064.30685484975,1060.94743959306,NA,0,0,0,0,NA,0,31.5034112930298,1502.52353570461,0.624777527650197,0.636852447191874,NA,0.498,NA,0.008,0.018,0.01,0.036,0.024,0.034,0.032,0.032,0.03,0.046,0.032,0.034,0.042,0.032,0.59
162,1007.35747175302,1036.56559890808,1069.80168626756,1063.00327594739,NA,0,0,0,0,NA,0,31.747483253479,1323.79828463395,0.391768701871236,0.387629278500875,NA,0.502,NA,0.008,0.006,0.014,0.034,0.032,0.028,0.036,0.036,0.03,0.016,0.036,0.018,0.036,0.02,0.65
163,1000.63479217997,1020.91025219285,1071.22017667131,1066.26918758014,NA,0,0,0,0,NA,0,31.6377115249634,1401.68851905266,0.446183574199677,0.430533341566722,NA,0.504,NA,0.002,0.002,0.006,0.024,0.022,0.032,0.03,0.042,0.03,0.022,0.028,0.038,0.016,0.04,0.666
164,1005.99161794254,1050.79380461093,1074.38308143867,1054.82062734311,NA,0,0,0,0,NA,0,28.9418652057648,1246.47505539258,0.61053466796875,0.586574665705363,NA,0.538,NA,0.006,0.004,0.004,0.02,0.016,0.042,0.04,0.042,0.038,0.04,0.032,0.026,0.02,0.038,0.632
165,1003.35639480481,1025.56082852292,1069.01849395714,1064.98047867809,NA,0,0,0,0,NA,0,28.8544597625732,1310.19092637698,0.370173378785451,0.373720991611481,NA,0.458,NA,0.006,0.006,0.002,0.014,0.04,0.03,0.032,0.028,0.036,0.048,0.03,0.03,0.012,0.022,0.664
166,1004.37056876851,1025.80331539264,1065.93272757281,1067.95851679667,NA,0,0,0,0,NA,0,41.2975471019745,1209.7384623011,0.399098893006643,0.384196988741557,NA,0.478,NA,0.006,0.012,0.01,0.022,0.02,0.03,0.048,0.014,0.032,0.036,0.028,0.032,0.03,0.038,0.642
167,1000.30391509884,1043.21575270308,1069.74663245044,1061.20166441112,NA,0,0,0,0,NA,0,26.0013995170593,1300.21148022016,0.39107457002004,0.41309369802475,NA,0.522,NA,0.01,0.006,0.006,0.02,0.038,0.034,0.048,0.032,0.036,0.032,0.038,0.014,0.04,0.028,0.618
168,1011.38823512991,1054.77838308981,1076.16989043454,1063.98190001938,NA,0,0,0,0,NA,0,26.2941932678223,1303.95107937256,0.397539929548899,0.392541952927907,NA,0.484,NA,0.002,0.004,0.008,0.018,0.048,0.028,0.022,0.03,0.03,0.036,0.034,0.034,0.034,0.032,0.64
169,1008.89814362076,1040.54838662556,1070.07601856467,1064.48237371858,NA,0,0,0,0,NA,0,36.4247653484344,1263.6818604668,0.413060939311981,0.389332969983419,NA,0.492,NA,0.006,0.008,0.01,0.022,0.028,0.05,0.04,0.026,0.032,0.034,0.036,0.034,0.036,0.022,0.616
170,1004.04463945788,1037.10668165159,1071.9255420098,1063.28238319364,NA,0,0,0,0,NA,0,25.3003008365631,1317.959329319,0.363897069295247,0.382942243417104,NA,0.502,NA,0.008,0.008,0.012,0.022,0.028,0.03,0.054,0.032,0.044,0.024,0.024,0.03,0.026,0.044,0.614
171,999.739894940656,1046.13311824646,1068.41401856391,1059.996978793,NA,0,0,0,0,NA,0,24.6712396144867,993.75769220988,0.377981702486674,0.363912932078044,NA,0.542,NA,0.01,0.008,0.008,0.016,0.038,0.034,0.04,0.036,0.034,0.036,0.046,0.04,0.026,0.026,0.602
172,1004.28078757999,1065.71673029258,1066.9222703172,1064.8806188549,NA,0,0,0,0,NA,0,24.8322820663452,1069.16932433446,0.392284270127614,0.36723458369573,NA,0.472,NA,0.004,0.006,0.004,0.022,0.016,0.038,0.034,0.038,0.036,0.036,0.022,0.044,0.026,0.032,0.642
173,1007.98896697185,1023.81634960656,1073.39714969004,1069.10144242027,NA,0,0,0,0,NA,0,26.47873711586,1023.24491821527,0.399946494897207,0.404374806086222,NA,0.522,NA,0.004,0.008,0.006,0.024,0.028,0.036,0.042,0.02,0.044,0.032,0.044,0.058,0.026,0.02,0.608
174,1014.96208629235,1021.77715049566,1067.0539252016,1063.84568755017,NA,0,0,0,0,NA,0,25.4579365253448,1010.16482114792,0.388786129156748,0.38899876276652,NA,0.488,NA,0.004,0.004,0.01,0.026,0.02,0.036,0.064,0.028,0.038,0.024,0.042,0.034,0.028,0.018,0.624
175,1005.11455869004,1031.99570969767,1071.68904642986,1068.53612911535,NA,0,0,0,0,NA,0,27.2487239837646,1032.06157503128,0.407909814516703,0.401168795426687,NA,0.552,NA,0.002,0.006,0.004,0.028,0.03,0.034,0.052,0.032,0.03,0.032,0.032,0.028,0.042,0.02,0.628
