"no","observed","IHsurvrf","trt1","trt0","trueopt","avg.prop.match.opt.obs","avg.prop.match.opt.IHsurvrf","avg.prop.match.opt.trt1","avg.prop.match.opt.trt0","avg.prop.match.opt.trueopt","change.integral","time.obs","time.IHsurvrf","time.trt1","time.trt0","time.trueopt","proportion.censor","num.convergence.it","n_1","n_2","n_3","n_4","n_5","n_6","n_7","n_8","n_9","n_10","n_11","n_12","n_13","n_14","n_15"
1,1003.41418488681,1015.55708776124,1055.50053024435,1063.30537807536,NA,0,0,0,0,NA,0,29.2373096942902,1294.81002748807,0.407966351509094,0.398200356960297,NA,0.488,NA,0.012,0.012,0.006,0.018,0.032,0.03,0.034,0.036,0.038,0.028,0.034,0.026,0.02,0.014,0.66
2,1012.45390687199,1054.89959197026,1071.47043650465,1061.45927817693,NA,0,0,0,0,NA,0,28.7303955554962,1355.95801127752,0.357058437665304,0.353770271937052,NA,0.454,NA,0.01,0.006,0.014,0.02,0.032,0.022,0.038,0.036,0.026,0.034,0.026,0.022,0.04,0.02,0.654
3,1008.29644550621,1046.85006182905,1066.6718372726,1060.00407091236,NA,0,0,0,0,NA,0,36.8111946582794,1301.74691250324,0.409733808040619,0.413245073954264,NA,0.51,NA,0.002,0.014,0.01,0.016,0.042,0.036,0.038,0.026,0.026,0.034,0.024,0.022,0.03,0.028,0.652
4,1010.75740126029,1032.49788185338,1063.95108133288,1066.33473199067,NA,0,0,0,0,NA,0,30.1989567279816,1364.88803460598,0.352161741256714,0.353709320227305,NA,0.52,NA,0.008,0.006,0.014,0.012,0.024,0.04,0.036,0.036,0.034,0.032,0.034,0.034,0.03,0.028,0.632
5,1009.9508313654,1042.05468804149,1065.15902554154,1064.57160481587,NA,0,0,0,0,NA,0,31.0049381256104,1347.24075180292,0.380387731393178,0.369439379374186,NA,0.522,NA,0.006,0.01,0.012,0.018,0.032,0.052,0.036,0.034,0.036,0.03,0.038,0.028,0.03,0.022,0.616
6,1011.73888006758,1052.60413879377,1079.2290509725,1059.90957966029,NA,0,0,0,0,NA,0,28.3349072933197,1147.77683045069,0.371915558973948,0.360226058959961,NA,0.49,NA,0.004,0.008,0.016,0.016,0.026,0.038,0.03,0.026,0.03,0.036,0.022,0.052,0.022,0.026,0.648
7,1001.49454628786,1056.92712744046,1062.07371954384,1058.56245408293,NA,0,0,0,0,NA,0,23.4930422306061,1070.75422077974,0.364834149678548,0.35567710796992,NA,0.512,NA,0.014,0.002,0.006,0.024,0.016,0.036,0.03,0.048,0.042,0.024,0.036,0.04,0.04,0.016,0.626
8,1001.11197413141,1059.14610694213,1071.12034115175,1060.77078482278,NA,0,0,0,0,NA,0,27.1239340305328,1104.50851732492,0.364569727579753,0.350679858525594,NA,0.468,NA,0.012,0.008,0.006,0.01,0.036,0.028,0.026,0.03,0.024,0.044,0.026,0.026,0.036,0.038,0.65
9,1016.14526739445,1015.98171202665,1068.82023399259,1072.11481218778,NA,0,0,0,0,NA,0,23.4370012283325,1093.83195141554,0.365954450766245,0.361151695251465,NA,0.486,NA,0.004,0.004,0.014,0.018,0.028,0.032,0.05,0.042,0.03,0.036,0.028,0.026,0.03,0.01,0.648
10,1005.73995407,1045.99996352251,1073.45281835093,1059.54627276902,NA,0,0,0,0,NA,0,23.85622215271,1103.76924881538,0.37467493613561,0.375670901934306,NA,0.524,NA,0.008,0.006,0.008,0.016,0.012,0.034,0.032,0.04,0.028,0.042,0.034,0.036,0.026,0.046,0.632
11,1009.31630388981,1029.49629844936,1067.14819165866,1058.11929262763,NA,0,0,0,0,NA,0,23.7602045536041,991.615951573849,0.372517542044322,0.375375882784526,NA,0.486,NA,0,0.008,0.018,0.032,0.034,0.03,0.054,0.038,0.032,0.026,0.028,0.034,0.03,0.026,0.61
12,1002.21003081612,1026.02083799328,1065.24716876609,1059.11034553315,NA,0,0,0,0,NA,0,24.326164484024,1036.14809484879,0.3767258644104,0.371208393573761,NA,0.5,NA,0.006,0.01,0.012,0.012,0.038,0.022,0.04,0.024,0.038,0.034,0.026,0.016,0.026,0.036,0.66
13,1019.59420895161,1053.06040611429,1070.12406227715,1057.25143070418,NA,0,0,0,0,NA,0,23.9079742431641,1078.46771645546,0.374602254231771,0.376151303450267,NA,0.482,NA,0.008,0.004,0.01,0.016,0.02,0.052,0.04,0.034,0.044,0.034,0.024,0.028,0.022,0.034,0.63
14,1006.14690639026,1044.92564775612,1067.51136109529,1056.93865854708,NA,0,0,0,0,NA,0,24.2357983589172,1058.68363649448,0.381319518884023,0.379818296432495,NA,0.484,NA,0.002,0.012,0.002,0.028,0.024,0.034,0.03,0.02,0.034,0.04,0.022,0.05,0.026,0.022,0.654
15,1004.69023626275,1038.92465451367,1069.50172060734,1059.37722901017,NA,0,0,0,0,NA,0,24.4090573787689,1082.94554962317,0.385929918289185,0.371415460109711,NA,0.526,NA,0,0.01,0.01,0.016,0.028,0.03,0.034,0.03,0.036,0.03,0.038,0.036,0.026,0.026,0.65
16,1005.46960763557,1057.00514869225,1069.39269636018,1060.23558029564,NA,0,0,0,0,NA,0,24.7474496364594,1282.45718777974,0.493365220228831,0.56902855237325,NA,0.498,NA,0.004,0.004,0.004,0.03,0.024,0.032,0.04,0.04,0.02,0.028,0.03,0.034,0.026,0.036,0.648
17,1015.15390630604,1049.42986079005,1069.00057607386,1066.62101109397,NA,0,0,0,0,NA,0,24.4002392292023,1221.29404983918,0.640969733397166,0.496286988258362,NA,0.486,NA,0,0.004,0.01,0.014,0.026,0.038,0.014,0.038,0.028,0.036,0.032,0.03,0.026,0.03,0.674
18,1011.69165963196,1054.10798612709,1081.07285950128,1070.46456218228,NA,0,0,0,0,NA,0,24.4460446834564,1240.75531567335,0.796410699685415,0.668648334344228,NA,0.494,NA,0.004,0.018,0.002,0.018,0.028,0.04,0.032,0.042,0.04,0.034,0.01,0.038,0.032,0.048,0.614
19,1008.45992074702,1033.89491158035,1063.74482076631,1068.18488757159,NA,0,0,0,0,NA,0,24.2199864387512,1248.8127300938,0.766772596041361,0.793356474240621,NA,0.464,NA,0.006,0,0.012,0.016,0.016,0.04,0.046,0.032,0.034,0.038,0.026,0.024,0.02,0.016,0.674
20,999.716223563887,1015.3629736897,1077.61769535016,1061.40663612512,NA,0,0,0,0,NA,0,25.5343618392944,1297.22189832131,0.785460313161214,0.802533535162608,NA,0.536,NA,0.002,0.002,0.018,0.018,0.022,0.036,0.036,0.038,0.042,0.026,0.036,0.036,0.032,0.04,0.616
21,1000.55895425032,1051.03333816925,1074.46557242917,1060.70966078608,NA,0,0,0,0,NA,0,38.9276366233826,1327.65596352816,0.357663361231486,0.362157956759135,NA,0.482,NA,0.002,0.004,0.018,0.012,0.02,0.036,0.046,0.032,0.03,0.04,0.026,0.03,0.022,0.028,0.654
22,1014.03371977029,1014.57012963308,1073.53975561953,1060.35833563173,NA,0,0,0,0,NA,0,39.9386157989502,1351.15655455589,0.364455529054006,0.353068355719248,NA,0.508,NA,0.004,0.008,0.002,0.014,0.016,0.036,0.028,0.032,0.03,0.042,0.03,0.03,0.03,0.042,0.656
23,1003.85490805859,1030.1623603214,1069.51340993499,1058.56602813291,NA,0,0,0,0,NA,0,46.8297424316406,1255.98681480885,0.456490258375804,0.402160930633545,NA,0.524,NA,0.004,0.002,0.016,0.01,0.03,0.048,0.036,0.026,0.03,0.038,0.034,0.026,0.026,0.018,0.656
24,1010.72607621701,1062.18475763782,1064.57974266359,1070.55639843265,NA,0,0,0,0,NA,0,50.5589785575867,1326.32061278423,0.358283917109172,0.353350881735484,NA,0.502,NA,0.006,0.006,0.002,0.012,0.03,0.044,0.022,0.034,0.044,0.024,0.022,0.02,0.05,0.044,0.64
25,1006.31662761883,1050.53808896315,1069.1521010542,1061.78701553185,NA,0,0,0,0,NA,0,52.1996264457703,1302.77780931791,0.355588308970133,0.351811969280243,NA,0.492,NA,0.012,0.01,0.004,0.012,0.028,0.02,0.048,0.022,0.034,0.03,0.034,0.038,0.032,0.028,0.648
