"no","observed","IHsurvrf","trt1","trt0","trueopt","avg.prop.match.opt.obs","avg.prop.match.opt.IHsurvrf","avg.prop.match.opt.trt1","avg.prop.match.opt.trt0","avg.prop.match.opt.trueopt","change.integral","time.obs","time.IHsurvrf","time.trt1","time.trt0","time.trueopt","proportion.censor","num.convergence.it","n_1","n_2","n_3","n_4","n_5","n_6","n_7","n_8","n_9","n_10","n_11","n_12","n_13","n_14","n_15"
151,698.352627654074,758.478385825681,763.806615568083,763.000097589182,NA,0,0,0,0,NA,0,26.2202870845795,890.758039450645,0.377183004220327,0.374256499608358,NA,0.332,NA,0.02,0.02,0.02,0.04,0.046,0.038,0.054,0.04,0.038,0.032,0.04,0.038,0.018,0.028,0.528
152,687.474475245791,754.025192351063,748.294728509751,760.391717799815,NA,0,0,0,0,NA,0,25.6116328239441,801.002632761002,0.363989822069804,0.355168910821279,NA,0.344,NA,0.022,0.012,0.022,0.04,0.05,0.042,0.042,0.036,0.052,0.038,0.028,0.028,0.026,0.026,0.536
153,685.998239052189,710.714570222151,754.484480804408,744.43895534162,NA,0,0,0,0,NA,0,17.9445776939392,993.155010223389,0.385836466153463,0.39079464673996,NA,0.334,NA,0.024,0.008,0.028,0.024,0.054,0.034,0.04,0.024,0.038,0.036,0.034,0.03,0.032,0.03,0.564
154,699.107904528881,723.213029849488,763.678061258155,751.044900381514,NA,0,0,0,0,NA,0,25.6282103061676,946.397711861134,0.377775275707245,0.367788283030192,NA,0.33,NA,0.012,0.022,0.014,0.038,0.028,0.044,0.058,0.044,0.028,0.04,0.028,0.034,0.044,0.032,0.534
155,692.990129454651,722.98284215428,748.814138616891,752.146871821416,NA,0,0,0,0,NA,0,24.8748512268066,913.877151723703,0.277365545431773,0.269189528624217,NA,0.324,NA,0.014,0.014,0.016,0.032,0.038,0.048,0.04,0.03,0.038,0.038,0.032,0.034,0.036,0.022,0.568
156,687.605733749658,709.785565745019,761.544665107734,752.434987022981,NA,0,0,0,0,NA,0,24.0022876262665,899.157412850857,0.259141981601715,0.245263989766439,NA,0.308,NA,0.03,0.01,0.014,0.024,0.046,0.032,0.044,0.032,0.046,0.036,0.04,0.042,0.024,0.024,0.556
157,689.793337646523,742.243432077957,749.820954531413,745.684861487058,NA,0,0,0,0,NA,0,23.2425682544708,841.793898928165,0.397222642103831,0.38087246020635,NA,0.32,NA,0.012,0.024,0.022,0.038,0.03,0.044,0.048,0.042,0.036,0.026,0.038,0.026,0.04,0.044,0.53
158,686.862326550484,723.25347988559,757.961949195119,752.644199281938,NA,0,0,0,0,NA,0,26.3505716323853,991.281838305791,0.381037620703379,0.365318282445272,NA,0.312,NA,0.008,0.012,0.024,0.02,0.04,0.03,0.036,0.048,0.022,0.048,0.054,0.024,0.03,0.052,0.552
159,676.846773566057,743.677011643914,746.270509031101,753.759475697947,NA,0,0,0,0,NA,0,24.8659284114838,627.291392421722,0.277168393135071,0.275197263558706,NA,0.364,NA,0.02,0.008,0.016,0.022,0.044,0.042,0.05,0.04,0.034,0.044,0.036,0.03,0.038,0.022,0.554
160,695.561469287728,733.276553920663,758.35150478298,752.666565604851,NA,0,0,0,0,NA,0,16.9016933441162,877.662096563975,0.374810274442037,0.362387748559316,NA,0.324,NA,0.018,0.018,0.018,0.032,0.038,0.03,0.03,0.036,0.054,0.024,0.02,0.028,0.02,0.036,0.598
161,690.020807553453,731.264096255997,765.188082016206,745.981814798192,NA,0,0,0,0,NA,0,16.0166249275208,678.070545752843,0.356331638495127,0.350168430805206,NA,0.312,NA,0.026,0.028,0.026,0.042,0.03,0.044,0.038,0.036,0.034,0.042,0.03,0.04,0.04,0.022,0.522
162,690.061726045777,716.823986347357,755.186209479568,752.351362629191,NA,0,0,0,0,NA,0,24.9251210689545,764.128042256832,0.358495076497396,0.349232145150503,NA,0.332,NA,0.032,0.014,0.02,0.042,0.034,0.04,0.03,0.044,0.036,0.046,0.052,0.026,0.024,0.032,0.528
163,692.243875354402,718.166580251014,750.242429049532,755.653332730264,NA,0,0,0,0,NA,0,23.6149497032166,654.486344182491,0.376364827156067,0.373482513427734,NA,0.334,NA,0.014,0.016,0.018,0.034,0.038,0.042,0.032,0.044,0.036,0.038,0.038,0.03,0.038,0.032,0.55
164,695.130641044947,684.165289712768,756.03702140523,760.306936043215,NA,0,0,0,0,NA,0,17.6031441688538,619.292948158582,0.389219872156779,0.387522761027018,NA,0.35,NA,0.014,0.018,0.02,0.028,0.032,0.052,0.056,0.05,0.034,0.042,0.03,0.026,0.034,0.03,0.534
165,690.686625589458,722.14698014143,760.225623551895,756.617222289409,NA,0,0,0,0,NA,0,24.9404761791229,823.048603820801,0.356460769971212,0.355404468377431,NA,0.346,NA,0.012,0.01,0.018,0.03,0.05,0.034,0.042,0.032,0.04,0.036,0.032,0.036,0.03,0.034,0.564
166,687.278663427664,753.949874634041,759.03856603919,750.79388950712,NA,0,0,0,0,NA,0,23.2081201076508,786.977945574125,0.376709151268005,0.357989970842997,NA,0.318,NA,0.008,0.026,0.032,0.028,0.022,0.058,0.034,0.038,0.032,0.026,0.03,0.048,0.032,0.018,0.568
167,695.037877129062,684.409477832777,750.686134079276,748.736191191782,NA,0,0,0,0,NA,0,22.9031376838684,587.545995148023,0.244444437821706,0.2454003850619,NA,0.34,NA,0.02,0.012,0.016,0.042,0.048,0.044,0.03,0.028,0.042,0.04,0.04,0.036,0.046,0.032,0.524
168,687.643401293334,706.90285462203,772.895089800452,753.240882018431,NA,0,0,0,0,NA,0,24.0446579456329,682.436186230183,0.249922994772593,0.249470329284668,NA,0.322,NA,0.016,0.012,0.018,0.03,0.046,0.028,0.042,0.034,0.044,0.034,0.034,0.044,0.026,0.036,0.556
169,693.127826643445,704.99106575309,749.363011884049,750.452265403388,NA,0,0,0,0,NA,0,24.5613856315613,698.219452909629,0.380804069836934,0.377281558513641,NA,0.316,NA,0.022,0.022,0.024,0.028,0.052,0.044,0.034,0.034,0.032,0.022,0.04,0.024,0.04,0.034,0.548
170,683.742277001304,748.972705809296,749.500776297555,751.197461955271,NA,0,0,0,0,NA,0,23.5795242786407,713.322869964441,0.359217445055644,0.362295885880788,NA,0.308,NA,0.018,0.014,0.02,0.044,0.046,0.044,0.03,0.024,0.046,0.032,0.026,0.032,0.03,0.036,0.558
171,702.15806368463,740.173624705374,754.954965302313,745.945582787098,NA,0,0,0,0,NA,0,23.3994796276093,688.997972345352,0.332753380139669,0.327312382062276,NA,0.324,NA,0.032,0.012,0.03,0.034,0.042,0.04,0.034,0.044,0.032,0.048,0.044,0.044,0.026,0.03,0.508
172,705.436562938169,702.265377132994,751.761707383826,761.011952228951,NA,0,0,0,0,NA,0,16.4976098537445,704.620008707047,0.347072919209798,0.342676214377085,NA,0.342,NA,0.006,0.016,0.024,0.02,0.032,0.048,0.038,0.042,0.024,0.032,0.042,0.054,0.026,0.05,0.546
173,695.480769175008,742.293226231468,753.279873333395,748.433586469902,NA,0,0,0,0,NA,0,16.8563692569733,658.269673399131,0.306997346878052,0.298605620861053,NA,0.348,NA,0.016,0.02,0.012,0.03,0.038,0.052,0.04,0.034,0.036,0.03,0.032,0.062,0.024,0.028,0.546
174,690.677655975441,689.662375608079,752.401695772847,748.186205706583,NA,0,0,0,0,NA,0,23.8049547672272,757.8237301747,0.252476104100545,0.262304600079854,NA,0.292,NA,0.008,0.01,0.028,0.022,0.044,0.032,0.044,0.034,0.036,0.032,0.046,0.046,0.024,0.032,0.562
175,691.651580199694,741.75242172541,744.567025273824,760.012430116895,NA,0,0,0,0,NA,0,23.8117184638977,772.695966581504,0.326891620953878,0.328496332963308,NA,0.302,NA,0.012,0.02,0.008,0.034,0.056,0.028,0.034,0.03,0.044,0.032,0.038,0.024,0.03,0.04,0.57
