"no","observed","IHsurvrf","trt1","trt0","trueopt","avg.prop.match.opt.obs","avg.prop.match.opt.IHsurvrf","avg.prop.match.opt.trt1","avg.prop.match.opt.trt0","avg.prop.match.opt.trueopt","change.integral","time.obs","time.IHsurvrf","time.trt1","time.trt0","time.trueopt","proportion.censor","num.convergence.it","n_1","n_2","n_3","n_4","n_5","n_6","n_7","n_8","n_9","n_10","n_11","n_12","n_13","n_14","n_15"
51,1018.36961104654,1036.38527624282,1068.91306426086,1066.80785931296,NA,0,0,0,0,NA,0,23.3529708385468,1079.01815513372,0.362501347064972,0.356088169415792,NA,0.482,NA,0.01,0.01,0.012,0.006,0.028,0.042,0.034,0.038,0.048,0.032,0.034,0.022,0.02,0.02,0.644
52,1015.31371482559,1025.4725613034,1063.06664648889,1064.71563985095,NA,0,0,0,0,NA,0,23.4827179908752,1164.69228459994,0.361947965621948,0.352849821249644,NA,0.446,NA,0.004,0.012,0.002,0.018,0.024,0.034,0.034,0.036,0.046,0.032,0.014,0.036,0.022,0.02,0.666
53,1018.13808823688,1055.56383392308,1075.04366568792,1057.03458712387,NA,0,0,0,0,NA,0,23.4618546962738,1153.11115165551,0.36776244242986,0.358071859677633,NA,0.486,NA,0.006,0.002,0.01,0.028,0.026,0.042,0.028,0.038,0.02,0.028,0.03,0.032,0.024,0.024,0.662
54,1020.26581554654,1008.43578807614,1068.79833523668,1053.60719447126,NA,0,0,0,0,NA,0,23.2968091964722,1258.89941126108,0.358213130633036,0.361093298594157,NA,0.49,NA,0.01,0.002,0.004,0.022,0.022,0.036,0.04,0.028,0.04,0.03,0.022,0.022,0.036,0.03,0.656
55,1008.74798987856,982.710544927098,1075.33819086528,1059.38163000222,NA,0,0,0,0,NA,0,23.3413960933685,1169.14365410805,0.372022585074107,0.363319456577301,NA,0.512,NA,0.006,0.002,0.008,0.024,0.032,0.044,0.046,0.028,0.03,0.034,0.022,0.024,0.014,0.028,0.658
56,1016.23523143535,1039.45591200816,1072.62651702304,1055.58530026796,NA,0,0,0,0,NA,0,23.1130630970001,1192.5935672005,0.383691871166229,0.373819267749786,NA,0.472,NA,0.01,0.004,0.006,0.02,0.032,0.034,0.032,0.048,0.042,0.03,0.03,0.038,0.026,0.032,0.616
57,1006.42606603888,1048.51756711959,1065.06365406832,1055.67117689541,NA,0,0,0,0,NA,0,23.2944197654724,1160.3825574557,0.391467837492625,0.375248563289642,NA,0.482,NA,0.006,0.01,0.01,0.008,0.02,0.04,0.038,0.04,0.038,0.036,0.026,0.024,0.024,0.036,0.644
58,998.84994914014,1026.09235352415,1069.73689207037,1064.2004815727,NA,0,0,0,0,NA,0,23.6171996593475,999.486133825779,0.366373328367869,0.352280163764954,NA,0.5,NA,0.006,0.008,0.006,0.024,0.018,0.032,0.046,0.062,0.02,0.046,0.042,0.03,0.03,0.018,0.612
59,1014.29919389621,1052.49983396433,1079.78654293697,1066.89506970059,NA,0,0,0,0,NA,0,23.4098553657532,1021.56612943014,0.384040264288584,0.374308832486471,NA,0.476,NA,0.006,0.01,0.008,0.024,0.024,0.046,0.04,0.03,0.024,0.03,0.028,0.032,0.022,0.026,0.65
60,1012.61345143978,1049.3794082285,1072.19735322091,1070.30282864892,NA,0,0,0,0,NA,0,23.4134492874146,1028.31178160508,0.36013437906901,0.363988439242045,NA,0.478,NA,0.012,0.014,0.016,0.016,0.022,0.048,0.036,0.02,0.022,0.028,0.026,0.02,0.038,0.026,0.656
61,998.407481309741,1003.81179857339,1060.86775541455,1063.18343127064,NA,0,0,0,0,NA,0,24.8999855518341,1178.64034992456,0.401983873049418,0.374458165963491,NA,0.45,NA,0.002,0.008,0.016,0.014,0.036,0.042,0.052,0.03,0.024,0.024,0.026,0.028,0.036,0.022,0.64
62,999.279564504349,1029.70712609711,1078.15890426378,1057.79897861566,NA,0,0,0,0,NA,0,24.7648906707764,1062.39352669716,0.385034068425496,0.385187979539235,NA,0.526,NA,0.006,0.012,0.006,0.018,0.024,0.018,0.034,0.036,0.042,0.042,0.024,0.024,0.026,0.03,0.658
63,1000.38796886598,1048.05751073464,1068.29503504653,1057.52844693728,NA,0,0,0,0,NA,0,23.5760807991028,1178.84125223955,0.386250793933868,0.380147763093313,NA,0.488,NA,0.002,0.006,0.006,0.01,0.02,0.03,0.028,0.038,0.032,0.038,0.038,0.028,0.028,0.03,0.666
64,1003.44455797028,1053.58450519885,1064.16203020884,1048.26639921203,NA,0,0,0,0,NA,0,24.5902667045593,1003.88525299231,0.379193178812663,0.386414941151937,NA,0.5,NA,0.014,0.006,0.004,0.022,0.03,0.048,0.026,0.03,0.026,0.038,0.036,0.04,0.024,0.024,0.632
65,1011.98320431702,1025.08716486425,1069.26776092554,1058.36545302059,NA,0,0,0,0,NA,0,23.5644853115082,1051.8960304141,0.401298256715139,0.381872844696045,NA,0.48,NA,0.004,0.004,0.014,0.02,0.028,0.038,0.03,0.028,0.032,0.05,0.046,0.024,0.026,0.016,0.64
66,1002.8483099035,1065.30915225994,1063.57089422362,1065.86790958607,NA,0,0,0,0,NA,0,25.5322427749634,1450.67757077217,0.368720555305481,0.362080319722493,NA,0.502,NA,0.014,0.004,0.008,0.012,0.028,0.034,0.05,0.028,0.036,0.024,0.03,0.032,0.048,0.036,0.616
67,1003.62292162238,1013.60143844432,1076.82266302534,1069.81219621046,NA,0,0,0,0,NA,0,25.434442281723,1335.15209522247,0.477737124760946,0.391766758759816,NA,0.496,NA,0.012,0.006,0.004,0.012,0.024,0.03,0.022,0.032,0.04,0.032,0.034,0.028,0.026,0.04,0.658
68,1012.9087066852,1025.30613806445,1072.3102318288,1055.6906035218,NA,0,0,0,0,NA,0,25.0479071140289,1255.91002484957,0.496211568514506,0.48733408053716,NA,0.508,NA,0.004,0.006,0.012,0.02,0.034,0.028,0.02,0.034,0.054,0.044,0.03,0.034,0.028,0.042,0.61
69,998.027694200142,1035.0380672775,1066.35995372931,1050.9390593573,NA,0,0,0,0,NA,0,25.6714251041412,1293.77906730175,0.40440122683843,0.358333726723989,NA,0.512,NA,0.002,0.012,0.008,0.022,0.03,0.034,0.038,0.03,0.034,0.032,0.028,0.022,0.024,0.036,0.648
70,1007.02128983581,1043.28698667907,1062.1051302428,1061.53332903442,NA,0,0,0,0,NA,0,24.8589646816254,1392.13158729871,0.388876891136169,0.361182220776876,NA,0.5,NA,0.006,0.004,0.004,0.018,0.028,0.02,0.026,0.034,0.022,0.032,0.018,0.028,0.032,0.046,0.682
71,1003.56444905724,1013.22289597404,1060.51104620035,1065.00412083081,NA,0,0,0,0,NA,0,23.5728328227997,1154.25783183575,0.354121589660645,0.351270218690236,NA,0.524,NA,0.006,0.004,0.002,0.02,0.022,0.036,0.044,0.032,0.04,0.036,0.03,0.028,0.024,0.032,0.644
72,1009.53249201435,1030.01585182324,1078.32933289919,1067.5531759892,NA,0,0,0,0,NA,0,32.5416460037231,1223.88416282336,0.366987653573354,0.361338543891907,NA,0.458,NA,0.002,0.006,0.018,0.01,0.022,0.038,0.034,0.034,0.026,0.03,0.024,0.04,0.024,0.026,0.666
73,1015.90654647174,1021.63674878338,1061.1053799999,1050.1429408882,NA,0,0,0,0,NA,0,31.6726236343384,1191.09356006781,0.401412272453308,0.392809621493022,NA,0.498,NA,0.012,0.008,0.012,0.024,0.024,0.038,0.03,0.036,0.034,0.028,0.036,0.04,0.02,0.032,0.626
74,1022.97632929717,1052.98877718097,1075.50096093058,1064.96749857157,NA,0,0,0,0,NA,0,29.2347564697266,1200.47912774881,0.405661650498708,0.400328795115153,NA,0.544,NA,0.004,0.002,0.006,0.02,0.046,0.04,0.032,0.042,0.032,0.044,0.042,0.026,0.024,0.028,0.612
75,1010.26046969384,1050.83972471685,1069.93469511612,1071.9671330862,NA,0,0,0,0,NA,0,26.8769445419312,1148.21692260901,0.386517822742462,0.366352450847626,NA,0.494,NA,0.012,0.008,0.018,0.016,0.016,0.032,0.032,0.03,0.034,0.038,0.026,0.034,0.028,0.022,0.654
