"no","observed","IHsurvrf","trt1","trt0","trueopt","avg.prop.match.opt.obs","avg.prop.match.opt.IHsurvrf","avg.prop.match.opt.trt1","avg.prop.match.opt.trt0","avg.prop.match.opt.trueopt","change.integral","time.obs","time.IHsurvrf","time.trt1","time.trt0","time.trueopt","proportion.censor","num.convergence.it","n_1","n_2","n_3","n_4","n_5","n_6","n_7","n_8","n_9","n_10","n_11","n_12","n_13","n_14","n_15"
101,1010.58850623331,985.487299116213,1065.14930137251,1051.12142551876,NA,0,0,0,0,NA,0,26.5826725959778,933.131494212151,0.40347013870875,0.405568468570709,NA,0.528,NA,0.008,0.004,0.02,0.024,0.038,0.026,0.038,0.02,0.036,0.046,0.026,0.024,0.024,0.02,0.646
102,1008.02315326414,1016.41586221382,1073.95025599363,1048.41232350685,NA,0,0,0,0,NA,0,27.4167950153351,797.139360058308,0.407105747858683,0.409479880332947,NA,0.524,NA,0.006,0.006,0.01,0.02,0.044,0.046,0.026,0.028,0.032,0.04,0.036,0.024,0.03,0.03,0.622
103,1009.92339236679,1059.47675723738,1072.29061144028,1065.86186115947,NA,0,0,0,0,NA,0,26.2968356609344,909.771365149816,0.380979379018148,0.387308518091838,NA,0.494,NA,0.008,0.006,0.022,0.02,0.032,0.018,0.032,0.034,0.042,0.022,0.024,0.024,0.03,0.028,0.658
104,1014.08989041276,993.960473955295,1063.35692358892,1058.6753417753,NA,0,0,0,0,NA,0,27.3225629329681,953.361803976695,0.416994225978851,0.418867981433868,NA,0.484,NA,0.004,0.02,0.004,0.01,0.01,0.032,0.032,0.022,0.038,0.042,0.026,0.028,0.034,0.026,0.672
105,1006.83335618802,1035.80716072918,1068.59286381455,1057.5923666042,NA,0,0,0,0,NA,0,28.0871500968933,939.387248472373,0.419609916210175,0.414787038167318,NA,0.504,NA,0.004,0.004,0.008,0.022,0.02,0.032,0.034,0.032,0.032,0.038,0.03,0.032,0.036,0.04,0.636
106,1004.12711179568,1042.31389522302,1065.89280379209,1061.8345717996,NA,0,0,0,0,NA,0,27.4679398536682,891.045224360625,0.375378326574961,0.361577228705088,NA,0.544,NA,0.002,0.01,0.008,0.024,0.034,0.044,0.034,0.026,0.036,0.04,0.024,0.03,0.024,0.014,0.65
107,996.293110338993,1058.30289359314,1066.71379560861,1062.13250369298,NA,0,0,0,0,NA,0,27.315292596817,888.377392260234,0.389208829402924,0.386422069867452,NA,0.502,NA,0,0.006,0.008,0.028,0.028,0.036,0.028,0.042,0.03,0.024,0.036,0.038,0.038,0.028,0.63
108,1017.96983290825,1012.6322668945,1061.64328986405,1056.1757000104,NA,0,0,0,0,NA,0,25.5930063724518,831.928098007043,0.414235186576843,0.403642272949219,NA,0.506,NA,0.014,0.006,0.012,0.012,0.038,0.024,0.026,0.04,0.026,0.032,0.02,0.046,0.026,0.036,0.642
109,1015.00169220124,1020.29388006159,1063.39404162321,1058.31659208212,NA,0,0,0,0,NA,0,28.4227867126465,801.715948045254,0.352743383248647,0.347241385777791,NA,0.496,NA,0.004,0.002,0.012,0.008,0.038,0.04,0.034,0.04,0.042,0.04,0.038,0.028,0.02,0.034,0.62
110,1014.0400065764,1034.1305369897,1062.37816532874,1063.48187268963,NA,0,0,0,0,NA,0,27.84153008461,849.93120251894,0.363799448808034,0.354393517971039,NA,0.522,NA,0.006,0.008,0.008,0.024,0.026,0.042,0.03,0.05,0.028,0.046,0.024,0.032,0.032,0.026,0.618
111,1012.08487497658,1051.15554912955,1075.70235547847,1070.83288741125,NA,0,0,0,0,NA,0,24.6510064601898,839.651013767719,0.384336809317271,0.389779512087504,NA,0.532,NA,0.006,0.006,0.016,0.016,0.022,0.04,0.032,0.036,0.024,0.032,0.026,0.04,0.038,0.026,0.64
112,1019.4571130567,1035.48299289742,1073.02108063313,1065.05792759476,NA,0,0,0,0,NA,0,25.9759516716003,914.706540119648,0.427566317717234,0.400501453876495,NA,0.564,NA,0.006,0.006,0.002,0.016,0.042,0.04,0.032,0.04,0.042,0.034,0.04,0.034,0.03,0.03,0.606
113,1001.22367396477,1041.79295031255,1057.46279867755,1052.82786012453,NA,0,0,0,0,NA,0,26.4688053131104,906.755082873503,0.394961786270142,0.374153478940328,NA,0.49,NA,0.01,0.012,0.01,0.016,0.036,0.028,0.028,0.038,0.026,0.046,0.034,0.04,0.014,0.028,0.634
114,1009.43750692867,1021.94231664837,1069.02279802783,1062.2594290521,NA,0,0,0,0,NA,0,23.6528117656708,873.989688412348,0.34838326772054,0.350165287653605,NA,0.51,NA,0.01,0.004,0.008,0.012,0.028,0.04,0.042,0.054,0.04,0.034,0.03,0.028,0.032,0.034,0.604
115,1008.60145665462,1047.51824398055,1067.28426855996,1069.70114310011,NA,0,0,0,0,NA,0,23.3985893726349,828.86823451519,0.405184610684713,0.403330826759338,NA,0.496,NA,0.008,0.006,0.01,0.028,0.03,0.04,0.044,0.03,0.04,0.016,0.032,0.024,0.034,0.022,0.636
116,1007.95579729602,1028.83244441064,1066.86369325392,1068.23372089401,NA,0,0,0,0,NA,0,26.3227581977844,721.596118231614,0.374202930927277,0.368028950691223,NA,0.506,NA,0.01,0.01,0.012,0.024,0.028,0.034,0.018,0.04,0.036,0.038,0.04,0.034,0.022,0.028,0.626
117,1007.88241583452,996.971511231086,1071.23453401343,1064.705036861,NA,0,0,0,0,NA,0,26.9610743522644,890.956894040108,0.39854983886083,0.39658704996109,NA,0.51,NA,0.002,0.006,0.01,0.02,0.026,0.02,0.056,0.026,0.02,0.034,0.048,0.026,0.038,0.028,0.64
118,1010.48679875379,1042.95532760032,1063.68805664756,1059.90072746185,NA,0,0,0,0,NA,0,24.849072933197,866.316221300761,0.44281435807546,0.424658421675364,NA,0.518,NA,0.004,0.01,0.008,0.016,0.046,0.02,0.034,0.052,0.03,0.032,0.02,0.03,0.024,0.02,0.654
119,1008.20386547274,1043.30596265498,1057.27635689835,1067.9081956289,NA,0,0,0,0,NA,0,23.6274507045746,850.784197103977,0.387649158636729,0.375631801287333,NA,0.506,NA,0.004,0.006,0.008,0.016,0.032,0.018,0.034,0.034,0.028,0.028,0.032,0.042,0.036,0.022,0.66
120,1009.42258344163,1039.84983625365,1072.8544491771,1064.75463783654,NA,0,0,0,0,NA,0,27.1492698192596,987.76092414856,0.463044106960297,0.439612674713135,NA,0.46,NA,0.01,0.008,0.014,0.014,0.03,0.028,0.046,0.03,0.026,0.04,0.024,0.028,0.028,0.03,0.644
121,1010.69297934623,1059.11706001439,1073.96891763969,1060.93817305901,NA,0,0,0,0,NA,0,24.6152398586273,731.45808904171,0.399538056055705,0.384993127981822,NA,0.526,NA,0.006,0.014,0.012,0.018,0.032,0.05,0.04,0.028,0.034,0.04,0.032,0.024,0.024,0.026,0.62
122,1004.49577026921,1021.39006732329,1070.3442826218,1057.90025261467,NA,0,0,0,0,NA,0,25.5393135547638,876.0317664663,0.398953644434611,0.390888384977976,NA,0.496,NA,0.002,0.008,0.006,0.008,0.036,0.032,0.026,0.046,0.04,0.042,0.02,0.026,0.022,0.026,0.66
123,998.70794814967,1031.52585305841,1073.6710913218,1062.46752965425,NA,0,0,0,0,NA,0,26.5318064689636,869.976912442843,0.392637979984283,0.381653006871541,NA,0.488,NA,0.006,0.022,0.006,0.016,0.026,0.044,0.03,0.028,0.042,0.036,0.026,0.024,0.022,0.032,0.64
124,1008.07996120358,1055.80601612526,1074.29644308657,1069.11896789768,NA,0,0,0,0,NA,0,25.6448290348053,909.428045225143,0.359706354141235,0.358410533269246,NA,0.474,NA,0.004,0.012,0.006,0.016,0.024,0.02,0.05,0.04,0.03,0.026,0.024,0.022,0.024,0.024,0.678
125,1006.20132683865,1030.08686125932,1071.53724542315,1068.56798936906,NA,0,0,0,0,NA,0,28.6345655918121,845.713147759438,0.368080671628316,0.3519322514534,NA,0.508,NA,0.006,0.006,0,0.018,0.032,0.034,0.042,0.034,0.036,0.038,0.024,0.034,0.038,0.044,0.614
