"no","observed","IHsurvrf","trt1","trt0","trueopt","avg.prop.match.opt.obs","avg.prop.match.opt.IHsurvrf","avg.prop.match.opt.trt1","avg.prop.match.opt.trt0","avg.prop.match.opt.trueopt","change.integral","time.obs","time.IHsurvrf","time.trt1","time.trt0","time.trueopt","proportion.censor","num.convergence.it","n_1","n_2","n_3","n_4","n_5","n_6","n_7","n_8","n_9","n_10","n_11","n_12","n_13","n_14","n_15"
26,1007.94038449813,1058.14088081562,1065.0406106725,1058.70063074619,NA,0,0,0,0,NA,0,24.0731785297394,1272.46294008891,0.362493022282918,0.35166007677714,NA,0.496,NA,0.006,0.014,0.006,0.02,0.034,0.022,0.036,0.03,0.046,0.032,0.03,0.028,0.03,0.032,0.634
27,1008.8636271627,1027.38488028458,1070.61061227013,1064.12571344035,NA,0,0,0,0,NA,0,24.2054948806763,1171.91887068351,0.368602403004964,0.368604640165965,NA,0.49,NA,0.012,0.006,0.014,0.02,0.03,0.028,0.042,0.026,0.022,0.038,0.024,0.034,0.038,0.028,0.638
28,1009.95147074625,1032.20602972357,1071.12718054697,1066.53362113066,NA,0,0,0,0,NA,0,24.1428163051605,1231.3861959815,0.358387883504232,0.353766516844432,NA,0.526,NA,0.008,0.01,0.01,0.036,0.026,0.028,0.054,0.048,0.036,0.026,0.038,0.032,0.046,0.02,0.582
29,1004.63058047177,1048.47037250961,1069.65306777318,1064.83367210786,NA,0,0,0,0,NA,0,24.0162682533264,1315.27457708915,0.364596112569173,0.358538599809011,NA,0.522,NA,0.004,0.012,0.012,0.018,0.036,0.044,0.036,0.024,0.028,0.028,0.028,0.026,0.05,0.038,0.616
30,1001.01978989549,1017.94576559956,1068.36319671309,1063.29073103808,NA,0,0,0,0,NA,0,24.1828851699829,1251.3004181544,0.366245237986247,0.358237938086192,NA,0.488,NA,0.004,0.008,0.012,0.014,0.036,0.016,0.016,0.028,0.036,0.036,0.024,0.028,0.04,0.032,0.67
31,999.984150210866,1043.19698334355,1062.28457422791,1064.13603711375,NA,0,0,0,0,NA,0,22.91579246521,1218.34859209855,0.371619669596354,0.358016264438629,NA,0.494,NA,0.01,0.01,0.008,0.014,0.034,0.04,0.026,0.032,0.03,0.03,0.046,0.026,0.034,0.036,0.624
32,1000.26932607177,1042.43201660982,1075.68459392892,1066.97919458467,NA,0,0,0,0,NA,0,24.3740589618683,1336.23113077482,0.389548937479655,0.371732981999715,NA,0.522,NA,0.002,0.006,0.002,0.018,0.026,0.036,0.024,0.03,0.042,0.034,0.036,0.032,0.03,0.028,0.654
33,1010.21581762816,1029.87404185573,1072.19245092423,1067.04082162439,NA,0,0,0,0,NA,0,23.3739817142487,1230.23760634263,0.38454711039861,0.366777920722961,NA,0.502,NA,0.012,0.014,0.012,0.018,0.04,0.038,0.02,0.044,0.038,0.028,0.028,0.02,0.028,0.032,0.628
34,1010.23642539141,1045.36561397081,1080.38268030872,1071.40129382435,NA,0,0,0,0,NA,0,23.2221684455872,1382.69177634716,0.371898726622264,0.374573071797689,NA,0.498,NA,0.006,0,0.01,0.008,0.022,0.02,0.04,0.034,0.034,0.038,0.028,0.032,0.032,0.036,0.66
35,1000.37028145096,1007.92804690675,1059.09553941342,1053.21593963359,NA,0,0,0,0,NA,0,23.459342956543,1145.15303244591,0.391982996463776,0.376238663991292,NA,0.502,NA,0.008,0.006,0.008,0.018,0.016,0.032,0.036,0.03,0.048,0.034,0.03,0.036,0.032,0.012,0.654
36,1004.23538798506,1008.55107122266,1076.65153359016,1060.47116407819,NA,0,0,0,0,NA,0,23.9293365478516,1081.47588590384,0.420177845160166,0.409245773156484,NA,0.508,NA,0.004,0.002,0.006,0.028,0.042,0.036,0.032,0.022,0.038,0.022,0.042,0.024,0.028,0.022,0.652
37,1004.70956358952,1030.1023670532,1067.81075974485,1062.56365869652,NA,0,0,0,0,NA,0,24.0894575119019,1111.39421236118,0.415462664763133,0.39832589228948,NA,0.496,NA,0.008,0.004,0.006,0.01,0.036,0.032,0.038,0.044,0.032,0.014,0.034,0.016,0.028,0.026,0.672
38,1011.31268527214,1022.77485263127,1073.10662122476,1064.91573486903,NA,0,0,0,0,NA,0,24.181530714035,1123.24458062649,0.432585648695628,0.395387828350067,NA,0.462,NA,0.006,0.012,0.008,0.02,0.038,0.028,0.026,0.04,0.032,0.03,0.02,0.034,0.018,0.03,0.658
39,1003.60029418608,1003.34122864566,1055.32695001816,1063.07717530224,NA,0,0,0,0,NA,0,24.4031081199646,1090.63622705936,0.432823125521342,0.415664935112,NA,0.534,NA,0.002,0.006,0.014,0.028,0.022,0.022,0.054,0.038,0.046,0.032,0.042,0.012,0.032,0.016,0.634
40,1003.56377049838,1037.85145032531,1078.92185859244,1064.14822212029,NA,0,0,0,0,NA,0,24.7962746620178,1077.85724730094,0.425256955623627,0.431502020359039,NA,0.562,NA,0.008,0.016,0.016,0.02,0.026,0.032,0.044,0.034,0.046,0.042,0.04,0.022,0.02,0.048,0.586
41,1005.6386558579,1052.06705933776,1059.23971696327,1063.88463016666,NA,0,0,0,0,NA,0,27.7927560806274,1073.74075576067,0.412655548254649,0.420251599947611,NA,0.518,NA,0.004,0.014,0.01,0.016,0.022,0.034,0.028,0.052,0.04,0.036,0.03,0.028,0.034,0.026,0.626
42,1012.75216888953,1033.64336428757,1071.23443561122,1055.91232967598,NA,0,0,0,0,NA,0,26.7040183544159,1196.88769035339,0.46299475034078,0.414284344514211,NA,0.496,NA,0.008,0,0.02,0.018,0.034,0.024,0.046,0.044,0.028,0.026,0.026,0.036,0.026,0.03,0.634
43,1003.25191966215,1025.02073040894,1069.27092851957,1060.16528204215,NA,0,0,0,0,NA,0,26.9162147045135,1234.46652667125,0.440618161360423,0.426650500297546,NA,0.502,NA,0.014,0.008,0.01,0.014,0.046,0.048,0.028,0.03,0.04,0.026,0.026,0.034,0.026,0.026,0.624
44,1008.23077245113,1041.57541395269,1079.58742188414,1066.63913389222,NA,0,0,0,0,NA,0,27.3815233707428,1235.52425476313,0.410839752356211,0.409675943851471,NA,0.464,NA,0.002,0.004,0.01,0.02,0.024,0.044,0.044,0.02,0.052,0.034,0.034,0.022,0.032,0.026,0.632
45,1010.68100644291,1035.70880486132,1070.39767811481,1059.24915860517,NA,0,0,0,0,NA,0,29.4738004207611,1111.1125000755,0.43177893559138,0.41941176255544,NA,0.506,NA,0.01,0.004,0.008,0.022,0.024,0.04,0.04,0.044,0.02,0.036,0.03,0.032,0.028,0.026,0.636
46,1013.98671940265,1032.57658164432,1073.39248260473,1067.6477052975,NA,0,0,0,0,NA,0,26.8067910671234,1144.15853841305,0.412795921166738,0.389493783315023,NA,0.498,NA,0.006,0.004,0.006,0.026,0.026,0.05,0.04,0.02,0.028,0.026,0.038,0.02,0.018,0.034,0.658
47,1009.70505795975,1056.12865760401,1064.91702585746,1056.66576289392,NA,0,0,0,0,NA,0,28.041145324707,1154.45853288174,0.392518011728923,0.384777136643728,NA,0.488,NA,0,0.002,0.012,0.02,0.032,0.026,0.048,0.04,0.042,0.034,0.034,0.028,0.03,0.02,0.632
48,1002.87996261082,1042.5817966789,1068.67706059218,1064.11517176313,NA,0,0,0,0,NA,0,27.4507083892822,1187.7597239693,0.377128350734711,0.374207230408986,NA,0.458,NA,0.008,0.006,0.008,0.02,0.032,0.036,0.028,0.038,0.028,0.026,0.028,0.022,0.028,0.028,0.664
49,1002.23754163673,1060.37994093323,1073.72561338482,1061.63194847362,NA,0,0,0,0,NA,0,28.0358097553253,1029.05135650635,0.362364331881205,0.364135531584422,NA,0.524,NA,0.004,0.006,0.012,0.03,0.03,0.03,0.04,0.036,0.034,0.026,0.032,0.038,0.04,0.038,0.604
50,1011.0582853404,1063.1574449546,1077.9964115789,1065.85749541317,NA,0,0,0,0,NA,0,26.8935272693634,1171.64505736033,0.424282769362132,0.435377013683319,NA,0.444,NA,0.004,0.004,0.012,0.01,0.028,0.034,0.044,0.028,0.042,0.03,0.032,0.022,0.032,0.024,0.654
