"no","observed","IHsurvrf","trt1","trt0","trueopt","avg.prop.match.opt.obs","avg.prop.match.opt.IHsurvrf","avg.prop.match.opt.trt1","avg.prop.match.opt.trt0","avg.prop.match.opt.trueopt","change.integral","time.obs","time.IHsurvrf","time.trt1","time.trt0","time.trueopt","proportion.censor","num.convergence.it","n_1","n_2","n_3","n_4","n_5","n_6","n_7","n_8","n_9","n_10","n_11","n_12","n_13","n_14","n_15"
101,691.742249755628,707.077829921929,742.6779142158,752.154149080159,NA,0,0,0,0,NA,0,25.2890019416809,882.761111076673,0.374622293313344,0.367995059490204,NA,0.302,NA,0.014,0.016,0.034,0.04,0.05,0.03,0.036,0.026,0.038,0.034,0.028,0.042,0.03,0.026,0.556
102,688.96002479501,725.97767352571,757.470918414163,757.047881918133,NA,0,0,0,0,NA,0,25.0348734855652,882.105821613471,0.46500065724055,0.444278808434804,NA,0.352,NA,0.018,0.016,0.016,0.034,0.044,0.054,0.03,0.042,0.03,0.032,0.038,0.028,0.038,0.04,0.54
103,686.043087971766,732.792118999974,749.297248837913,755.355138690429,NA,0,0,0,0,NA,0,16.6946134567261,815.476702952385,0.279553385575612,0.288053603967031,NA,0.302,NA,0.014,0.01,0.022,0.03,0.052,0.036,0.066,0.036,0.036,0.03,0.024,0.026,0.03,0.02,0.568
104,686.410724689871,748.011653195823,746.619949223247,750.442473102207,NA,0,0,0,0,NA,0,25.1011469364166,890.087187890212,0.387518175443014,0.399224094549815,NA,0.318,NA,0.02,0.03,0.008,0.016,0.032,0.038,0.018,0.04,0.054,0.038,0.038,0.032,0.032,0.036,0.568
105,691.035193008815,710.184145516249,748.709380165221,748.725378657596,NA,0,0,0,0,NA,0,22.3695545196533,607.008684110642,0.254608881473541,0.26027018626531,NA,0.332,NA,0.016,0.012,0.024,0.02,0.04,0.046,0.048,0.058,0.046,0.02,0.024,0.028,0.032,0.044,0.542
106,697.77565663215,759.574866570102,765.723572087259,750.46025982369,NA,0,0,0,0,NA,0,24.9284272193909,923.999240255356,0.378354994455973,0.37311935822169,NA,0.298,NA,0.01,0.014,0.022,0.02,0.038,0.046,0.044,0.03,0.036,0.038,0.034,0.022,0.036,0.034,0.576
107,688.173382081446,723.53298135589,753.291608796889,747.120085291885,NA,0,0,0,0,NA,0,27.5497486591339,835.614942657947,0.429459551970164,0.397102959950765,NA,0.32,NA,0.014,0.022,0.02,0.036,0.038,0.052,0.048,0.052,0.036,0.062,0.028,0.026,0.044,0.022,0.5
108,693.524672600657,729.260857645107,760.428957907603,747.464450859954,NA,0,0,0,0,NA,0,17.4283044338226,599.391739579042,0.280736295382182,0.268540946642558,NA,0.312,NA,0.03,0.026,0.012,0.032,0.038,0.052,0.03,0.022,0.03,0.02,0.034,0.022,0.034,0.036,0.582
109,703.449088985699,729.61763905675,750.979855625721,748.305067946662,NA,0,0,0,0,NA,0,26.2443490028381,838.329751237233,0.390700523058573,0.383592092990875,NA,0.324,NA,0.016,0.016,0.024,0.026,0.052,0.048,0.044,0.042,0.042,0.046,0.034,0.024,0.018,0.028,0.54
110,691.62953134291,703.203652459446,747.633349822576,760.988248535708,NA,0,0,0,0,NA,0,17.3395495414734,796.556286430359,0.399375355243683,0.368479295571645,NA,0.334,NA,0.022,0.028,0.012,0.028,0.032,0.036,0.062,0.038,0.03,0.044,0.05,0.03,0.038,0.032,0.518
111,693.685074286086,746.264822803747,758.675976482144,750.411187264271,NA,0,0,0,0,NA,0,25.095333814621,872.319936343034,0.380002288023631,0.370133856932322,NA,0.336,NA,0.016,0.016,0.024,0.024,0.026,0.048,0.036,0.036,0.038,0.046,0.028,0.044,0.03,0.018,0.57
112,695.319073277436,707.538422736554,763.961517252962,769.977631072063,NA,0,0,0,0,NA,0,26.8883602619171,874.781424033642,0.396790933609009,0.387660078207652,NA,0.318,NA,0.02,0.024,0.018,0.022,0.034,0.054,0.028,0.038,0.038,0.026,0.054,0.024,0.018,0.032,0.57
113,689.055491125573,740.402425350111,750.906926818272,752.32054757405,NA,0,0,0,0,NA,0,17.1516461372375,546.068102836609,0.278524486223857,0.261581321557363,NA,0.338,NA,0.018,0.018,0.016,0.038,0.032,0.048,0.038,0.052,0.046,0.034,0.038,0.05,0.03,0.032,0.51
114,682.885602699909,694.364486419479,757.697924415887,758.868386574154,NA,0,0,0,0,NA,0,25.5022647380829,834.032694105307,0.436561175187429,0.413962328433991,NA,0.306,NA,0.022,0.026,0.024,0.012,0.044,0.022,0.048,0.044,0.034,0.044,0.028,0.024,0.044,0.026,0.558
115,692.77669775269,709.091519878714,752.623354649675,754.735437357105,NA,0,0,0,0,NA,0,24.1355319023132,811.166815630595,0.359996298948924,0.357440904776255,NA,0.312,NA,0.034,0.016,0.02,0.022,0.03,0.03,0.064,0.04,0.036,0.034,0.036,0.03,0.028,0.024,0.556
116,697.834356414995,740.268387441144,758.840990519601,753.202078988281,NA,0,0,0,0,NA,0,23.4507398605347,884.846631840865,0.354012819131215,0.349009561538696,NA,0.316,NA,0.024,0.024,0.02,0.032,0.04,0.028,0.04,0.042,0.048,0.036,0.036,0.016,0.024,0.034,0.556
117,691.48062280008,718.622585946,761.779593775675,753.082101902841,NA,0,0,0,0,NA,0,26.0519742965698,765.626155805588,0.280370752016703,0.280685790379842,NA,0.32,NA,0.022,0.012,0.016,0.018,0.04,0.038,0.034,0.03,0.042,0.038,0.036,0.02,0.032,0.03,0.592
118,696.345758828316,767.518671135793,755.917366762998,767.701111794099,NA,0,0,0,0,NA,0,17.5985789299011,518.266221956412,0.267501966158549,0.271873970826467,NA,0.334,NA,0.016,0.024,0.022,0.042,0.052,0.02,0.054,0.054,0.032,0.046,0.04,0.026,0.044,0.022,0.506
119,697.512162913116,728.537103542109,757.303127372273,754.962469059247,NA,0,0,0,0,NA,0,26.8549683094025,764.882440304756,0.268033619721731,0.276359069347382,NA,0.296,NA,0.014,0.012,0.032,0.02,0.022,0.028,0.05,0.042,0.036,0.04,0.032,0.03,0.032,0.028,0.582
120,698.127466183095,684.341759688272,757.331999106594,753.458492321592,NA,0,0,0,0,NA,0,23.8589820861816,816.028229061763,0.381951292355855,0.368897239367167,NA,0.302,NA,0.026,0.014,0.028,0.038,0.038,0.034,0.058,0.03,0.032,0.032,0.024,0.038,0.028,0.038,0.542
121,693.302077353021,700.075268949798,757.55548186161,743.916432502472,NA,0,0,0,0,NA,0,23.1797270774841,549.14617040952,0.237131786346436,0.242119161287944,NA,0.292,NA,0.024,0.026,0.018,0.02,0.048,0.04,0.03,0.04,0.046,0.038,0.024,0.034,0.034,0.026,0.552
122,691.944374638648,724.866843187621,756.11137680639,749.849931561216,NA,0,0,0,0,NA,0,18.364381313324,546.321515802542,0.240611000855764,0.244679832458496,NA,0.31,NA,0.018,0.014,0.02,0.014,0.032,0.046,0.042,0.028,0.044,0.03,0.046,0.03,0.022,0.036,0.578
123,687.4215270767,738.959433648364,746.31836543521,753.035180960617,NA,0,0,0,0,NA,0,17.8711168766022,548.238374908765,0.398252324263255,0.386921469370524,NA,0.324,NA,0.024,0.028,0.018,0.024,0.04,0.048,0.046,0.032,0.044,0.038,0.024,0.028,0.032,0.022,0.552
124,695.884698691736,697.702946183004,755.911978824993,753.126589807006,NA,0,0,0,0,NA,0,18.4252490997314,527.566369732221,0.260057020187378,0.246325429280599,NA,0.32,NA,0.014,0.028,0.018,0.024,0.038,0.04,0.028,0.036,0.026,0.042,0.05,0.03,0.024,0.024,0.578
125,691.330063514033,755.819167846886,754.841100381112,749.21878421689,NA,0,0,0,0,NA,0,24.9260847568512,792.044357689222,0.364682320753733,0.367286094029744,NA,0.322,NA,0.026,0.028,0.01,0.044,0.052,0.032,0.05,0.04,0.052,0.032,0.036,0.026,0.026,0.028,0.518
