"no","observed","IHsurvrf","trt1","trt0","trueopt","avg.prop.match.opt.obs","avg.prop.match.opt.IHsurvrf","avg.prop.match.opt.trt1","avg.prop.match.opt.trt0","avg.prop.match.opt.trueopt","change.integral","time.obs","time.IHsurvrf","time.trt1","time.trt0","time.trueopt","proportion.censor","num.convergence.it","n_1","n_2","n_3","n_4","n_5","n_6","n_7","n_8","n_9","n_10"
151,544.343965098193,561.319555615016,555.405239255071,579.518575580615,NA,0,0,0,0,NA,0,20.0826165676117,271.779728766282,0.316025276978811,0.293366360664368,NA,0.448,NA,0.018,0.026,0.028,0.034,0.05,0.056,0.038,0.038,0.034,0.678
152,537.73565477224,563.514245691057,553.830138461266,586.218263908682,NA,0,0,0,0,NA,0,20.1479496955872,282.255728141467,0.2913436571757,0.287295258045197,NA,0.422,NA,0.03,0.032,0.016,0.032,0.042,0.048,0.038,0.054,0.034,0.674
153,542.615628599377,565.207617096779,545.815074233249,570.729813417166,NA,0,0,0,0,NA,0,20.0921223163605,294.808582524459,0.275653433799744,0.299923491477966,NA,0.414,NA,0.018,0.018,0.026,0.028,0.044,0.048,0.038,0.03,0.048,0.702
154,544.373330997836,568.049951886868,555.788202706563,570.685033403426,NA,0,0,0,0,NA,0,14.0216488838196,264.703695551554,0.385256779193878,0.374898811181386,NA,0.468,NA,0.026,0.028,0.024,0.044,0.042,0.038,0.034,0.044,0.05,0.67
155,542.398875319552,547.399496898287,553.285523214765,570.719685003053,NA,0,0,0,0,NA,0,20.0829935073853,292.44604678154,0.407698678970337,0.366902045408885,NA,0.46,NA,0.022,0.018,0.022,0.042,0.038,0.038,0.044,0.034,0.028,0.714
156,549.973065545055,561.857378976941,554.180023824964,574.192813340649,NA,0,0,0,0,NA,0,20.1225636005402,296.836100717386,0.297508541742961,0.292407766977946,NA,0.442,NA,0.032,0.012,0.014,0.014,0.042,0.034,0.052,0.05,0.022,0.728
157,539.663627065735,558.872831737568,548.445938610858,567.693823655888,NA,0,0,0,0,NA,0,20.0584015846252,194.013701121012,0.197252953052521,0.205701911449432,NA,0.434,NA,0.014,0.034,0.016,0.03,0.038,0.034,0.032,0.05,0.034,0.718
158,541.686453702636,567.685401010289,550.218975894947,574.019707261213,NA,0,0,0,0,NA,0,19.194272518158,316.278239413102,0.257540408770243,0.262889822324117,NA,0.432,NA,0.012,0.016,0.028,0.04,0.044,0.028,0.038,0.04,0.036,0.718
159,539.466663181652,548.8176020908,549.403848990699,569.130581345104,NA,0,0,0,0,NA,0,18.7059843540192,323.505125284195,0.29353068669637,0.289883732795715,NA,0.446,NA,0.026,0.016,0.018,0.028,0.034,0.046,0.044,0.052,0.034,0.702
160,541.039424867548,546.061671183041,545.212340205359,571.024974976791,NA,0,0,0,0,NA,0,19.3400883674622,271.754241967201,0.188030433654785,0.186090727647146,NA,0.438,NA,0.044,0.018,0.024,0.03,0.04,0.036,0.03,0.038,0.042,0.698
161,544.157103228065,547.97732940227,548.379121625594,561.943709519081,NA,0,0,0,0,NA,0,25.0260808467865,305.389715905984,0.284317398071289,0.286800130208333,NA,0.434,NA,0.03,0.022,0.024,0.052,0.048,0.056,0.04,0.054,0.026,0.648
162,538.665103314035,584.521750110442,551.037842898061,573.481426827434,NA,0,0,0,0,NA,0,22.0982146263123,323.720162065824,0.264924355347951,0.269187080860138,NA,0.404,NA,0.026,0.016,0.026,0.038,0.046,0.032,0.042,0.036,0.042,0.696
163,544.700041850296,545.32579014836,551.794943506437,573.477579210703,NA,0,0,0,0,NA,0,19.6996240615845,327.912877722581,0.29817924896876,0.299891626834869,NA,0.43,NA,0.03,0.008,0.024,0.036,0.04,0.032,0.028,0.048,0.048,0.706
164,544.157891367442,557.978979584831,553.977884224359,573.321208836855,NA,0,0,0,0,NA,0,14.2812294960022,202.59577845335,0.209492882092794,0.217736796538035,NA,0.454,NA,0.016,0.022,0.02,0.022,0.064,0.042,0.052,0.052,0.03,0.68
165,539.503397544054,566.96443413101,550.330671426223,566.561950791152,NA,0,0,0,0,NA,0,17.4775705337524,261.648657246431,0.321755886077881,0.317622482776642,NA,0.436,NA,0.024,0.026,0.014,0.042,0.032,0.054,0.044,0.036,0.038,0.69
166,544.060198368417,567.628563194936,548.655268797866,571.030966049489,NA,0,0,0,0,NA,0,19.4913892745972,261.402235579491,0.261226983865102,0.252801616986593,NA,0.434,NA,0.024,0.032,0.028,0.044,0.028,0.03,0.034,0.046,0.056,0.678
167,548.153840762811,544.588891634612,544.731379433177,572.439551368475,NA,0,0,0,0,NA,0,11.9005012512207,173.108301130931,0.195913561185201,0.195316795508067,NA,0.424,NA,0.042,0.016,0.024,0.044,0.038,0.044,0.042,0.038,0.036,0.676
168,538.476779114642,555.30440532748,550.635529713467,572.329322455443,NA,0,0,0,0,NA,0,18.9024469852448,260.539321784178,0.253631722927094,0.263179024060567,NA,0.41,NA,0.014,0.014,0.022,0.044,0.038,0.046,0.034,0.03,0.046,0.712
169,546.227897336598,539.873442373684,550.157663881109,571.802360567533,NA,0,0,0,0,NA,0,17.8366365432739,264.126939058304,0.25264714161555,0.255001326402028,NA,0.394,NA,0.032,0.026,0.018,0.032,0.036,0.046,0.038,0.034,0.05,0.688
170,539.453311508302,564.812799887995,552.628733858886,565.444006956384,NA,0,0,0,0,NA,0,19.9334418773651,263.46858175993,0.321325834592183,0.322412323951721,NA,0.46,NA,0.022,0.024,0.022,0.03,0.052,0.058,0.042,0.05,0.032,0.668
171,543.347624782787,533.132661724188,554.276644804776,573.228421077648,NA,0,0,0,0,NA,0,14.4975702762604,272.614585276445,0.264238063494364,0.259312609831492,NA,0.46,NA,0.024,0.016,0.022,0.038,0.038,0.03,0.058,0.044,0.046,0.684
172,545.808924812328,564.968840997462,550.665045628819,574.7722052385,NA,0,0,0,0,NA,0,21.8034203052521,265.586467476686,0.254887747764587,0.252668341000875,NA,0.416,NA,0.006,0.012,0.026,0.03,0.032,0.044,0.034,0.052,0.028,0.736
173,543.944319513656,540.259464696984,552.211410395091,566.957900564788,NA,0,0,0,0,NA,0,16.4189231395721,270.163144091765,0.271841589609782,0.270509111881256,NA,0.476,NA,0.012,0.024,0.028,0.04,0.024,0.04,0.046,0.048,0.044,0.694
174,550.937321782906,550.524705318945,552.812020612815,571.210732501091,NA,0,0,0,0,NA,0,11.5973160266876,175.239074122906,0.181239227453868,0.190003136793772,NA,0.448,NA,0.022,0.006,0.034,0.032,0.038,0.036,0.062,0.048,0.054,0.668
175,544.995943211555,575.388345942914,553.1393278386,576.02823281595,NA,0,0,0,0,NA,0,17.3741500377655,258.179532603423,0.252190562089284,0.250929586092631,NA,0.426,NA,0.022,0.02,0.02,0.048,0.04,0.042,0.05,0.028,0.04,0.69
176,546.559658980669,553.340043065132,558.127380364271,577.475985348698,NA,0,0,0,0,NA,0,16.7235188484192,276.170218058427,0.269858566919963,0.288264087835948,NA,0.41,NA,0.02,0.018,0.014,0.026,0.038,0.046,0.046,0.03,0.026,0.736
177,538.15039540475,544.521343567383,550.010712857927,565.895154367844,NA,0,0,0,0,NA,0,19.8078219890594,276.107009462516,0.266652810573578,0.277326667308807,NA,0.428,NA,0.01,0.024,0.02,0.032,0.044,0.034,0.05,0.048,0.036,0.702
178,548.381513426182,558.506972098166,554.247595782988,576.560964910473,NA,0,0,0,0,NA,0,16.5363848209381,264.003036765257,0.265143879254659,0.258777046203613,NA,0.398,NA,0.036,0.016,0.032,0.038,0.038,0.032,0.046,0.036,0.046,0.68
179,544.131721160653,569.961844966723,557.66957222007,579.325795169884,NA,0,0,0,0,NA,0,16.1925439834595,252.105593736966,0.250312515099843,0.246684193611145,NA,0.456,NA,0.014,0.02,0.026,0.044,0.04,0.056,0.032,0.042,0.042,0.684
180,539.708802613947,566.241647977845,554.533959720822,579.483822190741,NA,0,0,0,0,NA,0,17.4949893951416,269.148802379767,0.306289239724477,0.315206066767375,NA,0.428,NA,0.018,0.024,0.026,0.034,0.034,0.042,0.042,0.042,0.032,0.706
181,547.74898950137,563.870647895808,557.150157785246,578.777584156573,NA,0,0,0,0,NA,0,12.4855501651764,180.743781288465,0.187015255292257,0.201395889123281,NA,0.426,NA,0.024,0.018,0.014,0.024,0.028,0.056,0.052,0.048,0.044,0.692
182,546.018326941479,564.453572767412,552.868848941261,574.63848796547,NA,0,0,0,0,NA,0,16.8281874656677,254.92924909989,0.26001683473587,0.255169121424357,NA,0.468,NA,0.028,0.02,0.032,0.02,0.04,0.058,0.048,0.044,0.032,0.678
183,546.88891648887,582.082410009624,557.604776991854,573.109537128836,NA,0,0,0,0,NA,0,19.2439432144165,261.964296575387,0.251953256130219,0.261781164010366,NA,0.444,NA,0.03,0.024,0.028,0.024,0.032,0.05,0.036,0.036,0.046,0.694
184,544.842401211023,575.904645394808,555.767486501997,580.773765132595,NA,0,0,0,0,NA,0,17.5924627780914,272.120519129435,0.261281716823578,0.261413288116455,NA,0.45,NA,0.03,0.022,0.026,0.04,0.048,0.06,0.03,0.036,0.042,0.666
185,540.257646364158,571.022810152417,550.640357894621,574.006393457797,NA,0,0,0,0,NA,0,16.9385359287262,235.487376813094,0.177701532840729,0.185828876495361,NA,0.462,NA,0.012,0.02,0.026,0.032,0.03,0.034,0.044,0.038,0.058,0.706
186,549.52463999918,568.687707182344,551.940264096447,573.36983911148,NA,0,0,0,0,NA,0,15.9654502868652,253.337153156598,0.241622086366018,0.255240666866302,NA,0.442,NA,0.03,0.014,0.03,0.04,0.036,0.026,0.056,0.038,0.034,0.696
187,544.346398764018,549.078024177326,551.146494242562,574.931232901907,NA,0,0,0,0,NA,0,19.034259557724,214.04438598156,0.171534323692322,0.172699725627899,NA,0.446,NA,0.014,0.024,0.02,0.05,0.046,0.054,0.034,0.036,0.03,0.692
188,549.664203713039,561.566581978167,559.433998801461,571.745370742497,NA,0,0,0,0,NA,0,12.5532472133636,267.612781691551,0.272444458802541,0.266284692287445,NA,0.424,NA,0.03,0.022,0.022,0.04,0.042,0.032,0.036,0.036,0.032,0.708
189,545.168421040194,555.707421731469,552.793187927931,576.85651262075,NA,0,0,0,0,NA,0,16.4559061527252,261.638195212682,0.264423358440399,0.266009839375814,NA,0.442,NA,0.016,0.03,0.022,0.026,0.034,0.028,0.038,0.056,0.036,0.714
190,545.407800470078,557.86261380845,550.1200712391,576.60071957413,NA,0,0,0,0,NA,0,17.2118701934814,243.984079833825,0.180905199050903,0.177291886011759,NA,0.426,NA,0.018,0.02,0.03,0.034,0.038,0.04,0.036,0.05,0.04,0.694
191,545.567346995974,542.672957137769,545.301795115921,572.307437181352,NA,0,0,0,0,NA,0,17.2521724700928,203.907250595093,0.188044555981954,0.181442026297251,NA,0.422,NA,0.03,0.022,0.034,0.034,0.046,0.036,0.042,0.052,0.036,0.668
192,544.09222454246,575.208398336415,552.876971919168,572.914838983233,NA,0,0,0,0,NA,0,12.1251127719879,178.542089442412,0.190236588319143,0.181540218989054,NA,0.396,NA,0.028,0.018,0.028,0.026,0.042,0.032,0.032,0.022,0.042,0.73
193,544.926123142886,556.07391296843,553.605362158596,579.208902270521,NA,0,0,0,0,NA,0,17.3908305168152,212.578539590041,0.163858064015706,0.161485874652863,NA,0.458,NA,0.026,0.022,0.02,0.044,0.044,0.046,0.042,0.032,0.04,0.684
194,541.279828635753,554.766181469979,550.136619564406,576.867141045022,NA,0,0,0,0,NA,0,11.8069448471069,169.478994997342,0.180206195513407,0.176000626881917,NA,0.452,NA,0.02,0.034,0.008,0.044,0.032,0.06,0.048,0.042,0.03,0.682
195,534.960620654883,577.087191930831,555.71831485133,578.363541223587,NA,0,0,0,0,NA,0,16.7504196166992,256.924682176113,0.260134541988373,0.273686810334524,NA,0.468,NA,0.012,0.018,0.032,0.03,0.05,0.058,0.046,0.052,0.03,0.672
196,543.868699827966,579.280568503241,561.547227955303,584.162363912316,NA,0,0,0,0,NA,0,17.348623752594,221.6044293046,0.171601084868113,0.170121196905772,NA,0.456,NA,0.024,0.024,0.046,0.028,0.024,0.044,0.054,0.054,0.024,0.678
197,546.137194098515,555.987299142135,554.955254671405,574.591770207852,NA,0,0,0,0,NA,0,11.7423191070557,155.941841502984,0.185404181480408,0.180491884549459,NA,0.44,NA,0.028,0.024,0.042,0.046,0.04,0.046,0.03,0.038,0.036,0.67
198,540.669556166867,561.263247675263,556.316843846508,581.050277280648,NA,0,0,0,0,NA,0,11.4611866474152,165.892633295059,0.179251809914907,0.178002746899923,NA,0.414,NA,0.02,0.01,0.022,0.038,0.042,0.04,0.054,0.042,0.04,0.692
199,545.966156918109,561.014870947315,551.492297237172,573.227853256452,NA,0,0,0,0,NA,0,11.7854936122894,187.199489299456,0.189659480253855,0.183822421232859,NA,0.426,NA,0.016,0.014,0.014,0.024,0.042,0.036,0.038,0.04,0.04,0.736
200,536.471348295258,559.57445646857,550.911309626101,578.262043577481,NA,0,0,0,0,NA,0,10.4921824932098,124.238583827019,0.167199456691742,0.171342213948568,NA,0.408,NA,0.024,0.026,0.014,0.04,0.04,0.036,0.046,0.048,0.038,0.688
