"no","observed","IHsurvrf","trt1","trt0","trueopt","avg.prop.match.opt.obs","avg.prop.match.opt.IHsurvrf","avg.prop.match.opt.trt1","avg.prop.match.opt.trt0","avg.prop.match.opt.trueopt","change.integral","time.obs","time.IHsurvrf","time.trt1","time.trt0","time.trueopt","proportion.censor","num.convergence.it","n_1","n_2","n_3","n_4","n_5","n_6","n_7","n_8","n_9","n_10","n_11","n_12","n_13","n_14","n_15"
201,1007.87296014961,1005.69206073175,1076.455847278,1068.46548602269,NA,0,0,0,0,NA,0,28.3239006996155,870.646984481812,0.253353830178579,0.255374999841054,NA,0.504,NA,0.01,0.002,0.008,0.012,0.04,0.03,0.042,0.05,0.018,0.036,0.036,0.012,0.038,0.038,0.628
202,1005.26564444813,1039.36524376198,1069.64124574572,1075.64499668896,NA,0,0,0,0,NA,0,24.9888575077057,750.36023440361,0.278539089361827,0.285426048437754,NA,0.502,NA,0.006,0.01,0.018,0.018,0.024,0.056,0.04,0.028,0.042,0.038,0.026,0.032,0.024,0.036,0.602
203,1004.53445545474,1009.87275666984,1072.73337229403,1074.42389502172,NA,0,0,0,0,NA,0,28.0508782863617,735.942090276877,0.275171180566152,0.272392412026723,NA,0.48,NA,0.008,0.002,0.01,0.028,0.036,0.02,0.018,0.02,0.032,0.046,0.026,0.032,0.024,0.032,0.666
204,1009.68242503889,1053.66379870591,1072.94741544354,1066.91796800622,NA,0,0,0,0,NA,0,19.4762439727783,774.077102518082,0.625821467240651,0.604901266098022,NA,0.506,NA,0.006,0.01,0.01,0.024,0.03,0.022,0.034,0.026,0.042,0.036,0.026,0.026,0.04,0.032,0.636
205,1014.33180332252,1038.11945608294,1068.85611894548,1061.36248396582,NA,0,0,0,0,NA,0,27.9018595218658,668.431441430251,0.377066425482432,0.363585229714712,NA,0.558,NA,0.004,0.006,0.008,0.026,0.028,0.034,0.038,0.036,0.048,0.032,0.032,0.038,0.03,0.024,0.616
206,1008.67182308673,1002.3388391955,1068.79398481976,1059.41265133961,NA,0,0,0,0,NA,0,17.3299889564514,733.932366100947,0.271601982911428,0.277467242876689,NA,0.458,NA,0.008,0.006,0.006,0.018,0.028,0.034,0.024,0.036,0.044,0.036,0.026,0.018,0.028,0.016,0.672
207,1002.14948152232,1049.73848940613,1069.0758209573,1072.54983123833,NA,0,0,0,0,NA,0,18.6485598087311,877.646314402421,0.274255649248759,0.262431677182515,NA,0.518,NA,0.01,0.01,0.014,0.014,0.04,0.032,0.032,0.026,0.032,0.034,0.038,0.026,0.024,0.042,0.626
208,1011.39616840974,1034.69081797032,1081.79038203212,1063.9118299893,NA,0,0,0,0,NA,0,18.2595200538635,796.970360759894,0.369158613681793,0.363602105776469,NA,0.474,NA,0.01,0.008,0.006,0.02,0.028,0.022,0.028,0.026,0.03,0.024,0.028,0.046,0.024,0.028,0.672
209,994.662399433629,1036.12172962836,1060.78723994492,1061.225904686,NA,0,0,0,0,NA,0,40.0909032821655,776.159426987171,0.259756616751353,0.261299347877502,NA,0.53,NA,0.008,0.008,0.006,0.028,0.028,0.04,0.04,0.054,0.044,0.04,0.028,0.042,0.026,0.022,0.586
210,1009.91168390517,1038.66985485198,1071.8297227288,1058.6429145763,NA,0,0,0,0,NA,0,24.0299873352051,807.254432149728,0.378882606824239,0.359518881638845,NA,0.53,NA,0.008,0.006,0.01,0.01,0.036,0.036,0.028,0.054,0.024,0.04,0.036,0.028,0.032,0.03,0.622
