"no","observed","IHsurvrf","trt1","trt0","trueopt","avg.prop.match.opt.obs","avg.prop.match.opt.IHsurvrf","avg.prop.match.opt.trt1","avg.prop.match.opt.trt0","avg.prop.match.opt.trueopt","change.integral","time.obs","time.IHsurvrf","time.trt1","time.trt0","time.trueopt","proportion.censor","num.convergence.it","n_1","n_2","n_3","n_4","n_5","n_6","n_7","n_8","n_9","n_10","n_11","n_12","n_13","n_14","n_15"
176,679.989086623722,700.267397794797,755.907023293388,755.564713317381,NA,0,0,0,0,NA,0,42.2634465694427,1599.5148791949,0.592887345949809,0.586110691229502,NA,0.314,NA,0.018,0.018,0.016,0.03,0.042,0.046,0.05,0.034,0.036,0.032,0.034,0.048,0.024,0.042,0.53
177,688.827883938766,721.596470389402,746.640171079881,754.34139011349,NA,0,0,0,0,NA,0,42.2914936542511,1492.89190218449,0.724589455127716,0.724266572793325,NA,0.296,NA,0.008,0.02,0.02,0.028,0.046,0.048,0.064,0.036,0.034,0.032,0.032,0.032,0.034,0.04,0.526
178,689.264756330414,744.861906927723,770.858768995545,761.582225881177,NA,0,0,0,0,NA,0,25.094578742981,1079.46785318454,0.369734994570414,0.358326800664266,NA,0.324,NA,0.032,0.018,0.032,0.036,0.036,0.036,0.062,0.032,0.036,0.024,0.03,0.026,0.034,0.03,0.536
179,688.369073861518,711.382975161899,763.833498735545,768.572007219457,NA,0,0,0,0,NA,0,42.4790513515472,1553.68425338268,0.597647913297017,0.58586554924647,NA,0.34,NA,0.008,0.016,0.032,0.022,0.034,0.042,0.038,0.04,0.046,0.042,0.042,0.03,0.03,0.028,0.55
180,690.094638152323,724.864229730524,750.345911162979,750.039772510602,NA,0,0,0,0,NA,0,42.3007378578186,1711.14183461666,0.594658573468526,0.584890135129293,NA,0.324,NA,0.006,0.018,0.024,0.026,0.032,0.046,0.034,0.036,0.026,0.034,0.036,0.032,0.044,0.024,0.582
181,697.310841609526,739.090166804272,758.700135782728,759.09517298358,NA,0,0,0,0,NA,0,38.0820865631104,1655.49114505053,0.605475012461344,0.585573601722717,NA,0.292,NA,0.014,0.022,0.024,0.02,0.036,0.048,0.042,0.042,0.038,0.04,0.032,0.014,0.044,0.032,0.552
182,682.542179543263,686.05947863319,763.631323382032,763.254578442195,NA,0,0,0,0,NA,0,47.6820719242096,1697.21326651176,0.597070801258087,0.60108482837677,NA,0.326,NA,0.016,0.022,0.016,0.01,0.026,0.044,0.04,0.034,0.034,0.044,0.032,0.044,0.036,0.022,0.58
183,696.085689932297,736.096348183387,757.59553835697,757.757970133885,NA,0,0,0,0,NA,0,23.0736870765686,1126.37468124231,0.368682909011841,0.356412049134572,NA,0.33,NA,0.018,0.02,0.022,0.032,0.042,0.034,0.022,0.048,0.042,0.048,0.062,0.03,0.026,0.026,0.528
184,691.793559861978,714.952632862969,755.867859678788,753.699995115012,NA,0,0,0,0,NA,0,38.4727721214294,1427.01139610608,0.599074637889862,0.600626389185588,NA,0.326,NA,0.03,0.024,0.026,0.042,0.03,0.032,0.044,0.036,0.042,0.038,0.02,0.04,0.026,0.034,0.536
185,679.299761871369,723.302089678099,755.668323701302,752.204500854267,NA,0,0,0,0,NA,0,39.1965253353119,1480.24412784179,0.733708091576894,0.7355544368426,NA,0.352,NA,0.01,0.016,0.02,0.026,0.038,0.036,0.022,0.046,0.044,0.06,0.04,0.046,0.03,0.04,0.526
186,698.670519264248,750.387098000541,755.281058432102,753.60775587476,NA,0,0,0,0,NA,0,39.2647767066956,1637.37565706571,0.62729293902715,0.667022800445557,NA,0.326,NA,0.02,0.016,0.016,0.024,0.02,0.046,0.03,0.046,0.048,0.054,0.032,0.034,0.014,0.032,0.568
187,696.055995595614,742.237967278028,752.036505529886,759.746920492367,NA,0,0,0,0,NA,0,40.4551165103912,1416.75463948647,0.876896727085114,0.871909113725026,NA,0.326,NA,0.018,0.022,0.022,0.032,0.04,0.048,0.04,0.04,0.036,0.024,0.022,0.024,0.032,0.016,0.584
188,687.024619402463,731.930473006417,757.444249599709,760.52353987446,NA,0,0,0,0,NA,0,23.559707403183,1109.6004984498,0.388037923971812,0.388816734155019,NA,0.278,NA,0.022,0.02,0.018,0.038,0.022,0.026,0.032,0.04,0.036,0.036,0.044,0.024,0.02,0.036,0.586
189,700.241594867881,724.789708928093,754.938289405957,743.682127096704,NA,0,0,0,0,NA,0,40.0936918258667,1427.86711312135,0.639034759998321,0.633051017920176,NA,0.324,NA,0.026,0.012,0.024,0.018,0.036,0.048,0.046,0.048,0.052,0.04,0.034,0.03,0.036,0.03,0.52
190,701.757772902471,720.782732807755,756.973275451817,757.73428060469,NA,0,0,0,0,NA,0,49.2738132476807,1496.77291578054,0.731398948033651,0.715425793329875,NA,0.38,NA,0.018,0.014,0.014,0.032,0.048,0.048,0.032,0.052,0.042,0.034,0.038,0.014,0.046,0.038,0.53
191,694.192575132763,701.727329879876,746.905712612989,750.81584523651,NA,0,0,0,0,NA,0,42.324289560318,1434.11988341014,0.432198353608449,0.424846649169922,NA,0.312,NA,0.03,0.028,0.028,0.03,0.028,0.038,0.056,0.044,0.042,0.036,0.03,0.04,0.02,0.022,0.528
192,687.907005078361,686.253632891576,766.608272308159,757.848264867652,NA,0,0,0,0,NA,0,59.2240869998932,1616.27890736659,0.440183917681376,0.441926733652751,NA,0.33,NA,0.022,0.016,0.026,0.02,0.034,0.022,0.048,0.024,0.038,0.044,0.03,0.05,0.032,0.038,0.556
193,685.341069943751,707.418134017701,754.07769183361,759.514855811232,NA,0,0,0,0,NA,0,25.8754320144653,1012.52158939441,0.381376882394155,0.374880735079447,NA,0.338,NA,0.016,0.016,0.02,0.044,0.04,0.054,0.034,0.036,0.038,0.032,0.034,0.034,0.03,0.03,0.542
194,682.133601630823,753.798604540757,753.344453349089,759.879426693701,NA,0,0,0,0,NA,0,42.0462467670441,1049.79738265673,0.394904128710429,0.394992709159851,NA,0.274,NA,0.02,0.028,0.014,0.028,0.046,0.036,0.036,0.028,0.038,0.024,0.03,0.026,0.038,0.03,0.578
195,693.745500801556,729.94598163951,765.355697151938,755.632383467346,NA,0,0,0,0,NA,0,43.969441652298,1561.2741936326,0.815417909622192,0.831740991274516,NA,0.32,NA,0.012,0.02,0.028,0.022,0.052,0.042,0.032,0.042,0.028,0.042,0.03,0.022,0.022,0.028,0.578
196,692.466881598059,746.213065581905,767.511136029198,769.489192536396,NA,0,0,0,0,NA,0,27.464026927948,1039.82881333431,0.36808694601059,0.349759562810262,NA,0.322,NA,0.016,0.018,0.024,0.02,0.032,0.044,0.048,0.04,0.03,0.03,0.036,0.032,0.032,0.034,0.564
197,694.972404468484,709.480122173126,752.8311656141,750.843395159874,NA,0,0,0,0,NA,0,28.30513048172,1004.068107903,0.364372650782267,0.35959544579188,NA,0.302,NA,0.018,0.02,0.042,0.026,0.034,0.036,0.036,0.02,0.05,0.034,0.032,0.034,0.02,0.028,0.57
198,698.2015171233,683.728034738927,758.527810475131,763.114600425941,NA,0,0,0,0,NA,0,23.7254846096039,1696.06584841013,0.466976046562195,0.462709351380666,NA,0.306,NA,0.024,0.012,0.014,0.04,0.038,0.03,0.038,0.036,0.04,0.034,0.046,0.038,0.028,0.02,0.562
199,697.631524971895,719.454527548309,757.511628463545,764.363601650806,NA,0,0,0,0,NA,0,26.1737020015717,1125.90382359028,0.375329391161601,0.362591314315796,NA,0.346,NA,0.022,0.01,0.016,0.022,0.04,0.048,0.032,0.036,0.032,0.044,0.036,0.042,0.06,0.03,0.53
200,690.719091872677,698.925058699674,754.318272636782,747.157693145273,NA,0,0,0,0,NA,0,54.1796581745148,1067.08400762081,0.354283392429352,0.358319000403086,NA,0.304,NA,0.022,0.022,0.012,0.04,0.054,0.042,0.04,0.038,0.03,0.016,0.03,0.028,0.032,0.032,0.562
