"no","observed","IHsurvrf","trt1","trt0","trueopt","avg.prop.match.opt.obs","avg.prop.match.opt.IHsurvrf","avg.prop.match.opt.trt1","avg.prop.match.opt.trt0","avg.prop.match.opt.trueopt","change.integral","time.obs","time.IHsurvrf","time.trt1","time.trt0","time.trueopt","proportion.censor","num.convergence.it","n_1","n_2","n_3","n_4","n_5","n_6","n_7","n_8","n_9","n_10","n_11","n_12","n_13","n_14","n_15"
52,1015.31371482559,1054.32732486935,1063.06664648889,1064.71563985095,NA,0,0,0,0,NA,0,25.4565575122833,992.220044143995,0.389548508326213,0.396257785956065,NA,0.446,NA,0.004,0.012,0.002,0.018,0.024,0.034,0.034,0.036,0.046,0.032,0.014,0.036,0.022,0.02,0.666
53,1018.13808823688,1042.25244894574,1075.04366568792,1057.03458712387,NA,0,0,0,0,NA,0,16.7345418930054,1025.9078492562,0.366725703080495,0.365228033065796,NA,0.486,NA,0.006,0.002,0.01,0.028,0.026,0.042,0.028,0.038,0.02,0.028,0.03,0.032,0.024,0.024,0.662
54,1020.26581554654,1002.19955160285,1068.79833523668,1053.60719447126,NA,0,0,0,0,NA,0,25.1467483043671,1033.15852832397,0.436593198776245,0.438133529822032,NA,0.49,NA,0.01,0.002,0.004,0.022,0.022,0.036,0.04,0.028,0.04,0.03,0.022,0.022,0.036,0.03,0.656
55,1008.74798987856,999.861025852732,1075.33819086528,1059.38163000222,NA,0,0,0,0,NA,0,25.0096426010132,707.973075775305,0.25258721113205,0.261463669935862,NA,0.512,NA,0.006,0.002,0.008,0.024,0.032,0.044,0.046,0.028,0.03,0.034,0.022,0.024,0.014,0.028,0.658
57,1006.42606603888,1039.96848218226,1065.06365406832,1055.67117689541,NA,0,0,0,0,NA,0,25.3766989707947,1014.94593725602,0.38434149424235,0.377465220292409,NA,0.482,NA,0.006,0.01,0.01,0.008,0.02,0.04,0.038,0.04,0.038,0.036,0.026,0.024,0.024,0.036,0.644
58,998.84994914014,1053.61006268096,1069.73689207037,1064.2004815727,NA,0,0,0,0,NA,0,24.3393108844757,972.855893278122,0.432947679360708,0.414244492848714,NA,0.5,NA,0.006,0.008,0.006,0.024,0.018,0.032,0.046,0.062,0.02,0.046,0.042,0.03,0.03,0.018,0.612
59,1014.29919389621,1060.75150849764,1079.78654293697,1066.89506970059,NA,0,0,0,0,NA,0,27.5790681838989,1039.47522947391,0.373381499449412,0.372319320837657,NA,0.476,NA,0.006,0.01,0.008,0.024,0.024,0.046,0.04,0.03,0.024,0.03,0.028,0.032,0.022,0.026,0.65
60,1012.61345143978,1037.46303449848,1072.19735322091,1070.30282864892,NA,0,0,0,0,NA,0,16.7266418933868,609.195308029652,0.267181964715322,0.265028587977091,NA,0.478,NA,0.012,0.014,0.016,0.016,0.022,0.048,0.036,0.02,0.022,0.028,0.026,0.02,0.038,0.026,0.656
62,999.279564504349,1036.31892797297,1078.15890426378,1057.79897861566,NA,0,0,0,0,NA,0,24.3068315982819,894.446842348576,0.399674741427104,0.379500281810761,NA,0.526,NA,0.006,0.012,0.006,0.018,0.024,0.018,0.034,0.036,0.042,0.042,0.024,0.024,0.026,0.03,0.658
63,1000.38796886598,1030.28932079109,1068.29503504653,1057.52844693728,NA,0,0,0,0,NA,0,29.3026487827301,860.757176919778,0.515046640237172,0.532334983348846,NA,0.488,NA,0.002,0.006,0.006,0.01,0.02,0.03,0.028,0.038,0.032,0.038,0.038,0.028,0.028,0.03,0.666
64,1003.44455797028,1041.09722002257,1064.16203020884,1048.26639921203,NA,0,0,0,0,NA,0,25.2286438941956,836.736629037062,0.285877613226573,0.285869975884755,NA,0.5,NA,0.014,0.006,0.004,0.022,0.03,0.048,0.026,0.03,0.026,0.038,0.036,0.04,0.024,0.024,0.632
65,1011.98320431702,1029.39181750779,1069.26776092554,1058.36545302059,NA,0,0,0,0,NA,0,16.4558048248291,615.413152094682,0.268633715311686,0.266846557458242,NA,0.48,NA,0.004,0.004,0.014,0.02,0.028,0.038,0.03,0.028,0.032,0.05,0.046,0.024,0.026,0.016,0.64
67,1003.62292162238,1058.91744433982,1076.82266302534,1069.81219621046,NA,0,0,0,0,NA,0,26.0206537246704,967.268780465921,0.257033769289652,0.259498743216197,NA,0.496,NA,0.012,0.006,0.004,0.012,0.024,0.03,0.022,0.032,0.04,0.032,0.034,0.028,0.026,0.04,0.658
68,1012.9087066852,1063.60224600078,1072.3102318288,1055.6906035218,NA,0,0,0,0,NA,0,34.0011496543884,792.491410052776,0.273560321331024,0.271462265650431,NA,0.508,NA,0.004,0.006,0.012,0.02,0.034,0.028,0.02,0.034,0.054,0.044,0.03,0.034,0.028,0.042,0.61
69,998.027694200142,1062.80814988527,1066.35995372931,1050.9390593573,NA,0,0,0,0,NA,0,19.5593719482422,831.338572621346,0.280108805497487,0.279968790213267,NA,0.512,NA,0.002,0.012,0.008,0.022,0.03,0.034,0.038,0.03,0.034,0.032,0.028,0.022,0.024,0.036,0.648
70,1007.02128983581,1053.09760139475,1062.1051302428,1061.53332903442,NA,0,0,0,0,NA,0,18.3541765213013,815.283116177718,0.397145680586497,0.37509347597758,NA,0.5,NA,0.006,0.004,0.004,0.018,0.028,0.02,0.026,0.034,0.022,0.032,0.018,0.028,0.032,0.046,0.682
72,1009.53249201435,1048.79761501434,1078.32933289919,1067.5531759892,NA,0,0,0,0,NA,0,16.9764640331268,603.016221745809,0.249073572953542,0.253655008474986,NA,0.458,NA,0.002,0.006,0.018,0.01,0.022,0.038,0.034,0.034,0.026,0.03,0.024,0.04,0.024,0.026,0.666
73,1015.90654647174,1034.76629785952,1061.1053799999,1050.1429408882,NA,0,0,0,0,NA,0,17.4604525566101,645.704526205858,0.271291585763295,0.25896004041036,NA,0.498,NA,0.012,0.008,0.012,0.024,0.024,0.038,0.03,0.036,0.034,0.028,0.036,0.04,0.02,0.032,0.626
74,1022.97632929717,1025.3172083508,1075.50096093058,1064.96749857157,NA,0,0,0,0,NA,0,18.3677666187286,610.132655461629,0.254032937685649,0.254692804813385,NA,0.544,NA,0.004,0.002,0.006,0.02,0.046,0.04,0.032,0.042,0.032,0.044,0.042,0.026,0.024,0.028,0.612
75,1010.26046969384,1047.01267427093,1069.93469511612,1071.9671330862,NA,0,0,0,0,NA,0,24.691730260849,975.291060566902,0.278586979707082,0.275696245829264,NA,0.494,NA,0.012,0.008,0.018,0.016,0.016,0.032,0.032,0.03,0.034,0.038,0.026,0.034,0.028,0.022,0.654
