"no","observed","IHsurvrf","trt1","trt0","trueopt","avg.prop.match.opt.obs","avg.prop.match.opt.IHsurvrf","avg.prop.match.opt.trt1","avg.prop.match.opt.trt0","avg.prop.match.opt.trueopt","change.integral","time.obs","time.IHsurvrf","time.trt1","time.trt0","time.trueopt","proportion.censor","num.convergence.it","n_1","n_2","n_3","n_4","n_5","n_6","n_7","n_8","n_9","n_10"
51,480.492738853526,501.675969586516,486.069991124102,511.64779166156,NA,0,0,0,0,NA,0,19.0805056095123,166.183567635218,0.294547855854034,0.303167382876078,NA,0.32,NA,0.0133333333333333,0.0166666666666667,0.0166666666666667,0.01,0.0666666666666667,0.0466666666666667,0.03,0.0566666666666667,0.0266666666666667,0.716666666666667
52,479.115615473104,501.225135598901,486.638254376487,513.862419525377,NA,0,0,0,0,NA,0,12.5735733509064,162.784371920427,0.449871389071147,0.490885376930237,NA,0.273333333333333,NA,0.0133333333333333,0.02,0.0233333333333333,0.0333333333333333,0.02,0.04,0.05,0.0366666666666667,0.06,0.703333333333333
53,478.763055377743,480.17142054302,491.409891623204,518.221265084666,NA,0,0,0,0,NA,0,18.9709355831146,166.689300127824,0.211861145496368,0.21220854918162,NA,0.3,NA,0.0166666666666667,0.0233333333333333,0.0166666666666667,0.02,0.02,0.0466666666666667,0.0333333333333333,0.05,0.0433333333333333,0.73
54,481.832329436841,491.903259240281,488.689356881015,510.083194668634,NA,0,0,0,0,NA,0,19.0883867740631,160.89276967446,0.32114489475886,0.319548122088114,NA,0.266666666666667,NA,0.0133333333333333,0.0233333333333333,0.0233333333333333,0.04,0.0233333333333333,0.0433333333333333,0.02,0.0433333333333333,0.04,0.73
55,480.717896605985,486.680131450128,490.917811851834,507.933867506182,NA,0,0,0,0,NA,0,19.1110699176788,156.970070501169,0.31220262447993,0.311962962150574,NA,0.303333333333333,NA,0.00666666666666667,0.0366666666666667,0.0233333333333333,0.0333333333333333,0.04,0.05,0.0566666666666667,0.03,0.03,0.693333333333333
56,475.346914774169,495.809898430829,492.586695165402,509.300607656731,NA,0,0,0,0,NA,0,19.017795085907,162.584858226776,0.301012663046519,0.31091429789861,NA,0.26,NA,0.01,0.0166666666666667,0.0233333333333333,0.0166666666666667,0.0233333333333333,0.04,0.0466666666666667,0.0533333333333333,0.02,0.75
57,477.196339300218,506.906080273932,486.040072790943,507.701821911082,NA,0,0,0,0,NA,0,19.1584033966064,108.373747642835,0.221751137574514,0.215578564008077,NA,0.246666666666667,NA,0.01,0.0166666666666667,0.02,0.0233333333333333,0.02,0.02,0.0533333333333333,0.0466666666666667,0.0366666666666667,0.753333333333333
58,478.000253573629,483.416967917147,488.823015688935,511.901440561053,NA,0,0,0,0,NA,0,20.7164702415466,156.969718980789,0.304290497303009,0.294956167538961,NA,0.25,NA,0.0266666666666667,0.0266666666666667,0.00666666666666667,0.0133333333333333,0.0333333333333333,0.0233333333333333,0.0333333333333333,0.0266666666666667,0.03,0.78
59,476.159520965763,503.052809018958,494.11846265551,512.971456458483,NA,0,0,0,0,NA,0,26.876980304718,155.02826128006,0.290190617243449,0.28836145401001,NA,0.253333333333333,NA,0.03,0.02,0.03,0.02,0.0466666666666667,0.04,0.0533333333333333,0.0266666666666667,0.0533333333333333,0.68
60,479.223887814958,497.889408263428,489.628608779781,505.019992643357,NA,0,0,0,0,NA,0,13.6483240127563,104.793275968234,0.213678963979085,0.214671051502228,NA,0.256666666666667,NA,0.02,0.0233333333333333,0.03,0.0233333333333333,0.0433333333333333,0.0233333333333333,0.03,0.0466666666666667,0.0533333333333333,0.706666666666667
61,464.768514800375,480.142154880407,489.181657794771,512.510529878404,NA,0,0,0,0,NA,0,19.7120895385742,155.301554576556,0.207956584294637,0.211314213275909,NA,0.236666666666667,NA,0.0266666666666667,0.01,0.0166666666666667,0.0233333333333333,0.0433333333333333,0.0266666666666667,0.0266666666666667,0.04,0.0333333333333333,0.753333333333333
62,478.17364416251,495.308679127854,491.435508792511,507.308591770894,NA,0,0,0,0,NA,0,20.6834003925323,157.442948722839,0.318926604588826,0.323088951905568,NA,0.283333333333333,NA,0.00333333333333333,0.0233333333333333,0.0266666666666667,0.02,0.03,0.05,0.0466666666666667,0.05,0.0466666666666667,0.703333333333333
63,475.761873021039,517.061401038193,485.328100728821,508.747224183168,NA,0,0,0,0,NA,0,20.9567143917084,156.648967635632,0.310336009661357,0.299937534332275,NA,0.303333333333333,NA,0.0233333333333333,0.0166666666666667,0.0133333333333333,0.0466666666666667,0.04,0.04,0.0266666666666667,0.04,0.0566666666666667,0.696666666666667
64,472.388096426302,494.277955110322,489.07908636614,511.183571965913,NA,0,0,0,0,NA,0,13.6711537837982,157.367538817724,0.338100584348043,0.322102459271749,NA,0.286666666666667,NA,0.01,0.03,0.0166666666666667,0.0433333333333333,0.0366666666666667,0.03,0.0233333333333333,0.0166666666666667,0.0466666666666667,0.746666666666667
65,471.661600913373,495.852898082662,491.869061544307,514.255828416349,NA,0,0,0,0,NA,0,19.2163548469543,149.197686600685,0.28622483809789,0.288120186328888,NA,0.293333333333333,NA,0.01,0.02,0.0166666666666667,0.0166666666666667,0.0466666666666667,0.0233333333333333,0.04,0.05,0.04,0.736666666666667
66,472.79207095343,496.922188185625,488.957711689008,507.969243055047,NA,0,0,0,0,NA,0,18.9930241107941,146.818971514702,0.330096443494161,0.330156664053599,NA,0.296666666666667,NA,0.02,0.0133333333333333,0.0133333333333333,0.0433333333333333,0.0366666666666667,0.0466666666666667,0.04,0.0466666666666667,0.0333333333333333,0.706666666666667
67,469.175521351833,495.827954592741,483.959865698024,514.99837101107,NA,0,0,0,0,NA,0,12.627828836441,142.330768712362,0.329658985137939,0.326970183849335,NA,0.343333333333333,NA,0.01,0.02,0.0233333333333333,0.0433333333333333,0.0366666666666667,0.0366666666666667,0.03,0.05,0.04,0.71
68,478.577812335721,505.348153368361,484.220723979554,506.061132161775,NA,0,0,0,0,NA,0,13.8648805618286,102.424575444063,0.203378756841024,0.205876159667969,NA,0.22,NA,0.02,0.02,0.02,0.0333333333333333,0.0333333333333333,0.0433333333333333,0.0433333333333333,0.03,0.0433333333333333,0.713333333333333
69,477.105685819018,494.239334962056,491.859847632902,508.812830769756,NA,0,0,0,0,NA,0,23.1233627796173,143.416619217396,0.307695031166077,0.298214026292165,NA,0.293333333333333,NA,0.0233333333333333,0.0166666666666667,0.0266666666666667,0.0333333333333333,0.0366666666666667,0.03,0.05,0.0766666666666667,0.04,0.666666666666667
70,469.456002666527,513.030326446489,487.175337621738,511.147760138809,NA,0,0,0,0,NA,0,19.7748382091522,149.178650891781,0.301366794109344,0.307069150606791,NA,0.246666666666667,NA,0.01,0.0233333333333333,0.0133333333333333,0.0333333333333333,0.03,0.0533333333333333,0.0466666666666667,0.0366666666666667,0.0233333333333333,0.73
71,476.283145850756,480.366681494675,490.651328038637,511.212606516934,NA,0,0,0,0,NA,0,20.41246509552,152.10543175141,0.326628005504608,0.321903514862061,NA,0.253333333333333,NA,0.0166666666666667,0.0166666666666667,0.0133333333333333,0.0166666666666667,0.05,0.0466666666666667,0.0333333333333333,0.0566666666666667,0.0266666666666667,0.723333333333333
72,482.038339501841,477.339259395684,488.757989135583,505.164647725331,NA,0,0,0,0,NA,0,18.701518535614,141.046020563444,0.281785507996877,0.28238441546758,NA,0.29,NA,0.0266666666666667,0.0166666666666667,0.0166666666666667,0.0266666666666667,0.0433333333333333,0.04,0.0266666666666667,0.0466666666666667,0.0266666666666667,0.73
73,475.953508797236,507.119975588109,485.474620469741,507.964711421145,NA,0,0,0,0,NA,0,21.0124261379242,146.475135465463,0.313268597920736,0.299569725990295,NA,0.343333333333333,NA,0.00666666666666667,0.0133333333333333,0.0166666666666667,0.0233333333333333,0.05,0.0466666666666667,0.0566666666666667,0.0433333333333333,0.0533333333333333,0.69
74,473.811888074844,514.465304346315,487.916863604788,508.183013882132,NA,0,0,0,0,NA,0,19.3734469413757,152.098102378845,0.299828330675761,0.290450115998586,NA,0.27,NA,0.0133333333333333,0.01,0.0266666666666667,0.0233333333333333,0.0533333333333333,0.0433333333333333,0.0366666666666667,0.0433333333333333,0.03,0.72
75,472.50061825703,503.38493785649,488.943965251009,506.639623219648,NA,0,0,0,0,NA,0,13.9745347499847,95.735173479716,0.209425743420919,0.20029737552007,NA,0.25,NA,0.0233333333333333,0.0233333333333333,0.0266666666666667,0.0433333333333333,0.04,0.0433333333333333,0.0366666666666667,0.0333333333333333,0.02,0.71
76,476.74682912238,477.735954341985,481.347234960976,502.505631221317,NA,0,0,0,0,NA,0,19.1169557571411,151.168549883366,0.313098871707916,0.308419505755107,NA,0.253333333333333,NA,0.0366666666666667,0.0233333333333333,0.0133333333333333,0.03,0.03,0.0466666666666667,0.04,0.0133333333333333,0.04,0.726666666666667
77,468.157093603938,484.045301434651,492.468620172644,507.85340419809,NA,0,0,0,0,NA,0,19.6074690818787,149.66293570598,0.284341772397359,0.286652990182241,NA,0.246666666666667,NA,0.0133333333333333,0.00666666666666667,0.0166666666666667,0.0266666666666667,0.04,0.04,0.0366666666666667,0.0266666666666667,0.0333333333333333,0.76
78,482.873593733595,498.093800366852,484.728610624293,503.618897325071,NA,0,0,0,0,NA,0,19.2855706214905,145.693894708157,0.35397804180781,0.360352492332458,NA,0.3,NA,0.0266666666666667,0.02,0.0166666666666667,0.0366666666666667,0.05,0.04,0.0433333333333333,0.0166666666666667,0.0433333333333333,0.706666666666667
79,477.873932326044,486.3859780041,484.985268695558,509.60365729197,NA,0,0,0,0,NA,0,17.5800776481628,133.459476466974,0.18877869049708,0.186485107739766,NA,0.286666666666667,NA,0.00666666666666667,0.0133333333333333,0.0133333333333333,0.0333333333333333,0.0466666666666667,0.0366666666666667,0.03,0.05,0.0433333333333333,0.726666666666667
80,475.699067762951,493.182903492363,486.630963269356,507.062983056207,NA,0,0,0,0,NA,0,19.378134727478,133.415251644452,0.281285611788432,0.282085887591044,NA,0.256666666666667,NA,0.0133333333333333,0.0133333333333333,0.02,0.0166666666666667,0.0333333333333333,0.04,0.0166666666666667,0.03,0.0366666666666667,0.78
81,468.128384140736,504.332448982215,489.811839871667,512.507201322092,NA,0,0,0,0,NA,0,18.5823769569397,143.587166178226,0.266306539376577,0.263692208131154,NA,0.263333333333333,NA,0.02,0.0133333333333333,0.0166666666666667,0.0333333333333333,0.0166666666666667,0.05,0.0366666666666667,0.0433333333333333,0.0333333333333333,0.736666666666667
82,471.401206995359,479.03363691948,490.528563784592,510.954956616588,NA,0,0,0,0,NA,0,12.73459815979,97.2244229237238,0.200623381137848,0.197002470493317,NA,0.233333333333333,NA,0.02,0.0166666666666667,0.0266666666666667,0.03,0.0333333333333333,0.0433333333333333,0.0466666666666667,0.04,0.03,0.713333333333333
83,473.633773958293,496.05884131734,487.201136030868,505.390125929348,NA,0,0,0,0,NA,0,19.6338746547699,143.158754837513,0.331492714087168,0.32183696826299,NA,0.25,NA,0.0266666666666667,0.01,0.00666666666666667,0.03,0.0633333333333333,0.0366666666666667,0.0333333333333333,0.0333333333333333,0.0233333333333333,0.736666666666667
84,481.123690724973,508.204610838915,490.271046481653,510.608084140853,NA,0,0,0,0,NA,0,18.1151201725006,143.111731135845,0.271358295281728,0.271880567073822,NA,0.29,NA,0.0166666666666667,0.02,0.0233333333333333,0.02,0.0433333333333333,0.06,0.0366666666666667,0.0433333333333333,0.05,0.686666666666667
85,476.755385870648,488.290021251935,488.496524195534,504.822774661761,NA,0,0,0,0,NA,0,22.5764534473419,143.866248893738,0.293375492095947,0.297560735543569,NA,0.273333333333333,NA,0.0133333333333333,0.0266666666666667,0.0266666666666667,0.0233333333333333,0.0433333333333333,0.0266666666666667,0.04,0.0633333333333333,0.0566666666666667,0.68
86,471.307205697981,480.335825249414,481.611622557948,507.879301838975,NA,0,0,0,0,NA,0,11.8414206504822,104.049502464135,0.267649964491526,0.265230778853099,NA,0.263333333333333,NA,0.0266666666666667,0.0133333333333333,0.03,0.03,0.0333333333333333,0.0433333333333333,0.0466666666666667,0.0466666666666667,0.03,0.7
87,479.697609413498,503.848432702199,487.785168979922,509.018341591956,NA,0,0,0,0,NA,0,18.1638491153717,123.619902122021,0.178140246868134,0.173141932487488,NA,0.256666666666667,NA,0.0133333333333333,0.0233333333333333,0.03,0.0266666666666667,0.0433333333333333,0.0333333333333333,0.0266666666666667,0.04,0.0333333333333333,0.73
88,470.21289308322,510.9289084845,487.473534292648,516.006901351275,NA,0,0,0,0,NA,0,17.2950463294983,146.495577526093,0.25810668071111,0.25849339167277,NA,0.266666666666667,NA,0.02,0.0233333333333333,0.0266666666666667,0.03,0.04,0.04,0.0433333333333333,0.05,0.0366666666666667,0.69
89,480.098687995913,490.322784770762,488.462011909919,509.795933091894,NA,0,0,0,0,NA,0,12.8385629653931,96.1481761932373,0.205906128883362,0.210728820164998,NA,0.246666666666667,NA,0,0.0133333333333333,0.01,0.03,0.0333333333333333,0.04,0.0433333333333333,0.0433333333333333,0.0466666666666667,0.74
90,476.602406562529,502.943551493812,488.74337122945,518.953029290118,NA,0,0,0,0,NA,0,20.2183523178101,115.472904201349,0.176425421237946,0.173120800654093,NA,0.233333333333333,NA,0.00666666666666667,0.02,0.0366666666666667,0.03,0.0366666666666667,0.0333333333333333,0.0466666666666667,0.0166666666666667,0.05,0.723333333333333
91,473.679186848888,497.052093706252,484.596593754944,508.927931235584,NA,0,0,0,0,NA,0,17.9418935775757,133.124506684144,0.277508588631948,0.25647242863973,NA,0.263333333333333,NA,0.00333333333333333,0.01,0.0133333333333333,0.0366666666666667,0.0266666666666667,0.0266666666666667,0.0466666666666667,0.0266666666666667,0.05,0.76
92,475.032951470532,488.437388740378,482.731968686274,511.182671606241,NA,0,0,0,0,NA,0,19.5892071723938,152.786804819107,0.272393465042114,0.271099098523458,NA,0.283333333333333,NA,0.03,0.00666666666666667,0.01,0.0233333333333333,0.06,0.0266666666666667,0.0366666666666667,0.0466666666666667,0.0433333333333333,0.716666666666667
93,476.739350933219,486.981639786918,484.191161085824,510.144555574817,NA,0,0,0,0,NA,0,17.8608751296997,88.6226231813431,0.183272234598796,0.178731870651245,NA,0.253333333333333,NA,0.0233333333333333,0.02,0.0333333333333333,0.0333333333333333,0.0333333333333333,0.04,0.0333333333333333,0.0533333333333333,0.03,0.7
94,479.326519027462,483.851001010223,482.237649522851,506.742822701995,NA,0,0,0,0,NA,0,11.2195429801941,119.999647239844,0.180443978309631,0.180848570664724,NA,0.29,NA,0.03,0.01,0.02,0.0166666666666667,0.05,0.0466666666666667,0.06,0.0266666666666667,0.04,0.7
95,475.380776226648,488.786060638941,483.23385905215,501.702596774443,NA,0,0,0,0,NA,0,17.0328288078308,85.4321114222209,0.178341086705526,0.173903179168701,NA,0.263333333333333,NA,0.0166666666666667,0.02,0.0233333333333333,0.0333333333333333,0.0466666666666667,0.0333333333333333,0.0433333333333333,0.0366666666666667,0.0266666666666667,0.72
96,470.153351803357,508.307905770423,482.487677313314,507.066390996745,NA,0,0,0,0,NA,0,12.3119871616364,139.959269873301,0.285630031426748,0.28187822898229,NA,0.306666666666667,NA,0.02,0.00666666666666667,0.0133333333333333,0.0166666666666667,0.04,0.05,0.0233333333333333,0.0333333333333333,0.05,0.746666666666667
97,477.514101714857,497.376861142182,485.703624337924,511.380887917088,NA,0,0,0,0,NA,0,11.6982109546661,118.101665838559,0.282284466425578,0.284448047478994,NA,0.306666666666667,NA,0.0266666666666667,0.02,0.0366666666666667,0.0333333333333333,0.05,0.0466666666666667,0.0366666666666667,0.0433333333333333,0.0566666666666667,0.65
98,474.90300461336,486.059810786383,482.806503270202,506.177411419205,NA,0,0,0,0,NA,0,16.6370735168457,116.581956458092,0.171942210197449,0.173706352710724,NA,0.273333333333333,NA,0.02,0.0266666666666667,0.0266666666666667,0.0266666666666667,0.0333333333333333,0.03,0.0366666666666667,0.0533333333333333,0.0333333333333333,0.713333333333333
99,472.223658269908,484.989948097319,487.165424492588,510.743448669972,NA,0,0,0,0,NA,0,16.5903685092926,129.344492967923,0.284523165225983,0.285071408748627,NA,0.29,NA,0.02,0.0233333333333333,0.0166666666666667,0.0333333333333333,0.0366666666666667,0.0366666666666667,0.0333333333333333,0.0366666666666667,0.05,0.713333333333333
100,475.127098470055,490.243422280847,482.581191348906,513.376153420494,NA,0,0,0,0,NA,0,11.1542532444,73.7497685829798,0.170920662085215,0.170849212010701,NA,0.32,NA,0.0166666666666667,0.00666666666666667,0.0366666666666667,0.0233333333333333,0.05,0.0366666666666667,0.04,0.0366666666666667,0.0533333333333333,0.7
