"no","observed","IHsurvrf","trt1","trt0","trueopt","avg.prop.match.opt.obs","avg.prop.match.opt.IHsurvrf","avg.prop.match.opt.trt1","avg.prop.match.opt.trt0","avg.prop.match.opt.trueopt","change.integral","time.obs","time.IHsurvrf","time.trt1","time.trt0","time.trueopt","proportion.censor","num.convergence.it","n_1","n_2","n_3","n_4","n_5","n_6","n_7","n_8","n_9","n_10"
51,544.321097496349,554.083021204399,549.054416794713,574.692769941557,NA,0,0,0,0,NA,0,29.5566000938416,272.955700111389,0.648355297247569,0.644701516628265,NA,0.483333333333333,NA,0.0266666666666667,0.0166666666666667,0.00666666666666667,0.0266666666666667,0.0366666666666667,0.07,0.0233333333333333,0.04,0.0433333333333333,0.71
52,541.631536208231,576.074160704295,551.268979568449,576.796634324527,NA,0,0,0,0,NA,0,28.8350696563721,268.383410521348,0.664087192217509,0.669749041398366,NA,0.446666666666667,NA,0.0166666666666667,0.0266666666666667,0.0166666666666667,0.0433333333333333,0.04,0.05,0.0433333333333333,0.0333333333333333,0.0366666666666667,0.693333333333333
53,540.28617022415,556.306340206423,564.175910365631,577.326856165689,NA,0,0,0,0,NA,0,28.9609432220459,274.413418372472,0.547182027498881,0.516818459828695,NA,0.466666666666667,NA,0.0133333333333333,0.03,0.0133333333333333,0.0266666666666667,0.03,0.04,0.0466666666666667,0.0466666666666667,0.0266666666666667,0.726666666666667
54,551.151124585003,548.464100859257,547.701326942754,572.429552012449,NA,0,0,0,0,NA,0,16.7216398715973,167.468452926477,0.270766317844391,0.272215477625529,NA,0.43,NA,0.0133333333333333,0.0166666666666667,0.0233333333333333,0.04,0.02,0.04,0.0533333333333333,0.05,0.0333333333333333,0.71
55,550.524586742127,548.391505057311,553.086663266183,570.772365081599,NA,0,0,0,0,NA,0,28.9128165245056,268.486803813775,0.673710366090139,0.673333911101023,NA,0.47,NA,0.01,0.02,0.0333333333333333,0.03,0.0533333333333333,0.0433333333333333,0.04,0.0433333333333333,0.0366666666666667,0.69
56,542.847472120507,547.9664934785,554.228575548254,570.973681439826,NA,0,0,0,0,NA,0,28.896632194519,281.545787998041,0.475412511825562,0.485656718413035,NA,0.39,NA,0.0166666666666667,0.00666666666666667,0.02,0.0166666666666667,0.0366666666666667,0.0633333333333333,0.0433333333333333,0.0233333333333333,0.02,0.753333333333333
57,542.923711743662,546.974271827096,553.576751407133,568.738556095477,NA,0,0,0,0,NA,0,29.6752858161926,278.242963532607,0.52351375023524,0.510313749313354,NA,0.373333333333333,NA,0.01,0.00666666666666667,0.02,0.0433333333333333,0.0366666666666667,0.03,0.0333333333333333,0.0366666666666667,0.0233333333333333,0.76
58,544.025755408964,558.80432793315,555.302884204115,577.755990526107,NA,0,0,0,0,NA,0,42.2048649787903,270.918645823002,0.604619789123535,0.599565505981445,NA,0.436666666666667,NA,0.0233333333333333,0.0233333333333333,0.00333333333333333,0.04,0.04,0.03,0.0366666666666667,0.05,0.0333333333333333,0.72
59,543.891587373744,552.487318472546,557.379269847748,576.290156324231,NA,0,0,0,0,NA,0,41.8967096805573,265.967704105377,0.550051395098368,0.537658874193827,NA,0.403333333333333,NA,0.0133333333333333,0.0266666666666667,0.04,0.0333333333333333,0.0566666666666667,0.0233333333333333,0.06,0.0333333333333333,0.04,0.673333333333333
60,547.827809124371,567.697881308904,557.001800657651,572.22698214648,NA,0,0,0,0,NA,0,31.8466923236847,270.848457006613,0.500065116087596,0.480761090914408,NA,0.416666666666667,NA,0.0233333333333333,0.0166666666666667,0.0333333333333333,0.0266666666666667,0.0533333333333333,0.03,0.02,0.0433333333333333,0.0466666666666667,0.706666666666667
61,538.05498697271,568.837701630323,551.128039082726,571.843335655542,NA,0,0,0,0,NA,0,16.5179047584534,178.029005006949,0.273674456278483,0.27889355023702,NA,0.386666666666667,NA,0.02,0.0266666666666667,0.02,0.02,0.02,0.0333333333333333,0.0366666666666667,0.0433333333333333,0.04,0.74
62,552.70784541918,575.92297277693,554.340629982354,572.310083851367,NA,0,0,0,0,NA,0,41.6234641075134,272.095462958018,0.536535036563873,0.568260625998179,NA,0.423333333333333,NA,0.00666666666666667,0.0233333333333333,0.02,0.02,0.04,0.0566666666666667,0.0533333333333333,0.0366666666666667,0.0266666666666667,0.716666666666667
63,538.893770157437,564.313550703276,553.370130811151,572.891863120665,NA,0,0,0,0,NA,0,32.3468930721283,267.496672523022,0.454698940118154,0.458284831047058,NA,0.423333333333333,NA,0.03,0.0233333333333333,0.02,0.02,0.0333333333333333,0.0766666666666667,0.0366666666666667,0.0433333333333333,0.05,0.666666666666667
64,535.746881979646,543.784910282092,554.056494308349,573.603149377219,NA,0,0,0,0,NA,0,32.96133685112,272.464033977191,0.512135712305705,0.492302827040354,NA,0.45,NA,0.0166666666666667,0.03,0.02,0.0266666666666667,0.0366666666666667,0.0366666666666667,0.0433333333333333,0.03,0.0433333333333333,0.716666666666667
65,542.863488566905,548.219471402266,551.690113736998,569.721909098421,NA,0,0,0,0,NA,0,40.1294195652008,249.399576922258,0.540132602055868,0.552399011452993,NA,0.466666666666667,NA,0.01,0.0266666666666667,0.0333333333333333,0.0233333333333333,0.04,0.03,0.03,0.06,0.0533333333333333,0.693333333333333
66,542.899366099423,540.606813772519,554.115155524896,573.799621928523,NA,0,0,0,0,NA,0,34.5629525184631,244.456370874246,0.539438756306966,0.544414448738098,NA,0.456666666666667,NA,0.01,0.0333333333333333,0.0166666666666667,0.06,0.0333333333333333,0.0266666666666667,0.0633333333333333,0.0366666666666667,0.0233333333333333,0.696666666666667
67,540.673185702592,546.633391763383,553.776931033241,572.032496009614,NA,0,0,0,0,NA,0,29.9538779258728,250.430674294631,0.439151998360952,0.449553040663401,NA,0.466666666666667,NA,0.0233333333333333,0.0333333333333333,0.0166666666666667,0.0333333333333333,0.0233333333333333,0.0533333333333333,0.0266666666666667,0.0366666666666667,0.05,0.703333333333333
68,547.244026762747,576.840858920023,541.703611825503,572.271207504418,NA,0,0,0,0,NA,0,18.0288591384888,165.761336755753,0.271498787403107,0.26828388373057,NA,0.423333333333333,NA,0.02,0.0233333333333333,0.0166666666666667,0.0466666666666667,0.0266666666666667,0.04,0.06,0.0266666666666667,0.05,0.69
69,545.575042016853,555.386995479122,552.900119681245,580.668881972172,NA,0,0,0,0,NA,0,38.2258148193359,250.131133619944,0.529043292999268,0.532647895812988,NA,0.38,NA,0.02,0.0133333333333333,0.03,0.02,0.0366666666666667,0.0433333333333333,0.0466666666666667,0.0666666666666667,0.0333333333333333,0.69
70,539.154661775575,557.072088192242,549.544477167235,579.352616744735,NA,0,0,0,0,NA,0,30.1486117839813,258.418861897786,0.426016036669413,0.427208014329275,NA,0.406666666666667,NA,0.0166666666666667,0.0233333333333333,0.00666666666666667,0.0433333333333333,0.0466666666666667,0.0433333333333333,0.03,0.0333333333333333,0.05,0.706666666666667
71,542.047311211972,548.896859046168,550.125966779382,573.17266929635,NA,0,0,0,0,NA,0,32.1505794525146,248.865147825082,0.454167552789052,0.453609697024027,NA,0.44,NA,0.02,0.0166666666666667,0.02,0.04,0.0466666666666667,0.0433333333333333,0.02,0.0533333333333333,0.0366666666666667,0.703333333333333
72,550.712424553213,536.181570737375,551.588794794625,566.832998553304,NA,0,0,0,0,NA,0,35.6366143226624,237.432769437631,0.554265960057576,0.55385760863622,NA,0.366666666666667,NA,0.0266666666666667,0.0266666666666667,0.0266666666666667,0.03,0.0466666666666667,0.0433333333333333,0.0266666666666667,0.06,0.0133333333333333,0.7
73,543.813768379057,548.57297657132,548.57297657132,569.358836745243,NA,0,0,0,0,NA,0,34.4676911830902,234.923064025243,0.46430250008901,0.47703549861908,NA,0.5,NA,0.0133333333333333,0.0133333333333333,0.0133333333333333,0.04,0.05,0.0566666666666667,0.06,0.0533333333333333,0.0366666666666667,0.663333333333333
74,551.467811591959,575.395275348335,549.781427562019,568.579352026449,NA,0,0,0,0,NA,0,29.0625748634338,244.309391903877,0.442900037765503,0.447955564657847,NA,0.456666666666667,NA,0.0133333333333333,0.0166666666666667,0.0166666666666667,0.0266666666666667,0.05,0.04,0.0366666666666667,0.0333333333333333,0.0233333333333333,0.743333333333333
75,539.390760884555,546.99397022152,556.018816044099,575.500224946101,NA,0,0,0,0,NA,0,17.5625274181366,153.426283669472,0.272791341940562,0.269244623184204,NA,0.436666666666667,NA,0.03,0.0333333333333333,0.0266666666666667,0.0366666666666667,0.05,0.04,0.0466666666666667,0.04,0.0333333333333333,0.663333333333333
76,543.275175812944,557.791252261763,543.577440517617,568.690212516858,NA,0,0,0,0,NA,0,34.5471098423004,234.138604183992,0.530074282487233,0.525320462385813,NA,0.406666666666667,NA,0.0366666666666667,0.0233333333333333,0.02,0.02,0.04,0.0566666666666667,0.04,0.0133333333333333,0.0133333333333333,0.736666666666667
77,537.870276056796,584.075297841393,550.702472554429,580.97251645548,NA,0,0,0,0,NA,0,27.8005030155182,237.17731017669,0.425768955548604,0.429327793916067,NA,0.406666666666667,NA,0.0266666666666667,0.0133333333333333,0.0266666666666667,0.0333333333333333,0.04,0.0266666666666667,0.0466666666666667,0.0633333333333333,0.03,0.693333333333333
78,546.950094711243,555.667373119929,552.069576388113,574.354027948034,NA,0,0,0,0,NA,0,29.7894742488861,236.287003151576,0.475667786598206,0.477936812241872,NA,0.46,NA,0.03,0.0166666666666667,0.03,0.04,0.04,0.04,0.0366666666666667,0.0466666666666667,0.0466666666666667,0.673333333333333
79,539.643285008839,552.511466031566,552.269480638172,570.476390655841,NA,0,0,0,0,NA,0,35.476936340332,184.499999117851,0.252342275778453,0.251048239072164,NA,0.45,NA,0.01,0.03,0.02,0.04,0.0466666666666667,0.03,0.0433333333333333,0.0366666666666667,0.05,0.693333333333333
80,541.416695340234,549.512218744428,549.866552162447,574.082608506655,NA,0,0,0,0,NA,0,34.2785441875458,244.48353411754,0.5308988849322,0.523216108481089,NA,0.4,NA,0.0166666666666667,0.0233333333333333,0.0166666666666667,0.02,0.0133333333333333,0.04,0.0366666666666667,0.0466666666666667,0.0566666666666667,0.73
81,537.157233343972,557.963392088914,546.19535332899,575.912133412159,NA,0,0,0,0,NA,0,27.5723960399628,244.863176735242,0.422081919511159,0.415061072508494,NA,0.416666666666667,NA,0.02,0.02,0.0233333333333333,0.03,0.0266666666666667,0.0433333333333333,0.0233333333333333,0.0233333333333333,0.0533333333333333,0.736666666666667
82,534.882250754954,534.835964253115,548.489656340403,570.918237333168,NA,0,0,0,0,NA,0,17.4249691963196,152.655964887142,0.262165041764577,0.255435907840729,NA,0.44,NA,0.0133333333333333,0.02,0.0233333333333333,0.0233333333333333,0.0466666666666667,0.04,0.05,0.0633333333333333,0.0333333333333333,0.686666666666667
83,538.079085634857,560.602996666639,545.111048800776,572.362060263377,NA,0,0,0,0,NA,0,33.6508712768555,236.745709268252,0.523980430761973,0.506181486447652,NA,0.426666666666667,NA,0.02,0.02,0.01,0.04,0.05,0.0433333333333333,0.03,0.0533333333333333,0.04,0.693333333333333
84,545.371828299865,543.050567984936,552.11158584165,572.849160714348,NA,0,0,0,0,NA,0,28.215740442276,240.392971551418,0.440901056925456,0.436878315607707,NA,0.406666666666667,NA,0.0133333333333333,0.0233333333333333,0.0233333333333333,0.04,0.05,0.05,0.0433333333333333,0.0366666666666667,0.0333333333333333,0.686666666666667
85,544.716380309438,565.045456636391,552.447524662659,577.150132386721,NA,0,0,0,0,NA,0,29.4823498725891,177.414435664813,0.257327361901601,0.260727326075236,NA,0.476666666666667,NA,0.02,0.0366666666666667,0.0333333333333333,0.0266666666666667,0.0433333333333333,0.06,0.0466666666666667,0.04,0.0333333333333333,0.66
86,532.88181400116,556.9388893885,548.851904928894,574.433987481756,NA,0,0,0,0,NA,0,16.278195142746,148.535237153371,0.257685017585754,0.255845332145691,NA,0.426666666666667,NA,0.0333333333333333,0.0333333333333333,0.0133333333333333,0.0233333333333333,0.0433333333333333,0.03,0.04,0.05,0.0366666666666667,0.696666666666667
87,544.172562081504,559.544108383927,555.064462918221,578.363952340321,NA,0,0,0,0,NA,0,35.1932647228241,244.141298377514,0.601414672533671,0.589210120836894,NA,0.426666666666667,NA,0.00666666666666667,0.0266666666666667,0.0466666666666667,0.0266666666666667,0.0266666666666667,0.0233333333333333,0.03,0.0366666666666667,0.03,0.746666666666667
88,542.983186336986,556.112803897361,560.231961795785,578.814771391993,NA,0,0,0,0,NA,0,26.8880813121796,243.15123792092,0.46990749835968,0.461709388097127,NA,0.426666666666667,NA,0.0166666666666667,0.02,0.0366666666666667,0.0333333333333333,0.04,0.05,0.04,0.0333333333333333,0.0566666666666667,0.673333333333333
89,550.962896695713,545.99219328636,546.456149018829,576.606885468059,NA,0,0,0,0,NA,0,15.7947950363159,161.031240121524,0.251574663321177,0.255453360080719,NA,0.41,NA,0.00333333333333333,0.02,0.0233333333333333,0.0366666666666667,0.0333333333333333,0.04,0.04,0.0533333333333333,0.0233333333333333,0.726666666666667
90,543.086902708112,552.310992008299,562.269820790596,577.623201157033,NA,0,0,0,0,NA,0,33.3751759529114,238.529689613978,0.579641302426656,0.583518342177073,NA,0.436666666666667,NA,0.01,0.02,0.0466666666666667,0.03,0.04,0.0466666666666667,0.0466666666666667,0.0333333333333333,0.0466666666666667,0.68
91,543.051584412293,564.128614580619,555.633765014963,574.096567308905,NA,0,0,0,0,NA,0,27.4991252422333,235.122993818919,0.283292774359385,0.277022715409597,NA,0.446666666666667,NA,0.01,0.02,0.0266666666666667,0.0466666666666667,0.0266666666666667,0.0366666666666667,0.05,0.0266666666666667,0.0333333333333333,0.723333333333333
92,539.865598464698,561.265268529043,549.474125634815,572.371585170333,NA,0,0,0,0,NA,0,16.9938373565674,152.911056220531,0.257193795839945,0.253875037034353,NA,0.426666666666667,NA,0.0266666666666667,0.00666666666666667,0.01,0.0366666666666667,0.0466666666666667,0.0366666666666667,0.04,0.05,0.0433333333333333,0.703333333333333
93,548.792058256796,558.018668298164,547.517804238426,573.758223936776,NA,0,0,0,0,NA,0,16.1922900676727,158.260733783245,0.276024456818899,0.272692616780599,NA,0.44,NA,0.0266666666666667,0.0233333333333333,0.0366666666666667,0.04,0.03,0.0433333333333333,0.0533333333333333,0.0533333333333333,0.03,0.663333333333333
94,538.308423736008,555.636547061913,549.139243617183,570.998104000316,NA,0,0,0,0,NA,0,37.2740252017975,172.112393371264,0.571838621298472,0.564188206195831,NA,0.45,NA,0.0366666666666667,0.02,0.0166666666666667,0.02,0.0433333333333333,0.0366666666666667,0.0533333333333333,0.03,0.05,0.693333333333333
95,551.021500613275,560.124826452697,550.510365285556,569.910589417446,NA,0,0,0,0,NA,0,29.2910771369934,159.559700806936,0.257625118891398,0.260013576348623,NA,0.516666666666667,NA,0.02,0.0433333333333333,0.0266666666666667,0.0266666666666667,0.05,0.04,0.0433333333333333,0.0333333333333333,0.05,0.666666666666667
96,540.348290853208,569.901530758336,555.578351667494,573.140531933698,NA,0,0,0,0,NA,0,16.7817258834839,146.02905882597,0.259349910418193,0.251982915401459,NA,0.45,NA,0.0333333333333333,0.0133333333333333,0.0233333333333333,0.0233333333333333,0.06,0.0233333333333333,0.06,0.0366666666666667,0.0266666666666667,0.7
97,539.073577038541,548.716341114294,552.109985250249,573.784117392958,NA,0,0,0,0,NA,0,37.7782609462738,212.195112256209,0.246153076489766,0.252555894851685,NA,0.44,NA,0.04,0.0333333333333333,0.0233333333333333,0.0366666666666667,0.0333333333333333,0.02,0.0366666666666667,0.0566666666666667,0.0533333333333333,0.666666666666667
98,532.197388811689,553.943613748155,545.504761817748,571.25225963201,NA,0,0,0,0,NA,0,17.3815703392029,192.278233158588,0.250366707642873,0.254095180829366,NA,0.433333333333333,NA,0.0233333333333333,0.0366666666666667,0.02,0.03,0.0433333333333333,0.0533333333333333,0.06,0.0233333333333333,0.0466666666666667,0.663333333333333
99,546.730074294225,555.874093493107,553.926136510182,576.784661722056,NA,0,0,0,0,NA,0,16.2775385379791,151.402049326897,0.290349968274434,0.287748070557912,NA,0.443333333333333,NA,0.03,0.0133333333333333,0.0266666666666667,0.0366666666666667,0.0433333333333333,0.0333333333333333,0.0333333333333333,0.0333333333333333,0.05,0.7
100,543.49302424817,558.38790090485,545.965042880388,570.114563423033,NA,0,0,0,0,NA,0,17.5608313083649,154.766327524185,0.279513418674469,0.271486707528432,NA,0.433333333333333,NA,0.02,0.0133333333333333,0.05,0.0333333333333333,0.0333333333333333,0.05,0.04,0.0466666666666667,0.0366666666666667,0.676666666666667
