"no","observed","IHsurvrf","trt1","trt0","trueopt","avg.prop.match.opt.obs","avg.prop.match.opt.IHsurvrf","avg.prop.match.opt.trt1","avg.prop.match.opt.trt0","avg.prop.match.opt.trueopt","change.integral","time.obs","time.IHsurvrf","time.trt1","time.trt0","time.trueopt","proportion.censor","num.convergence.it","n_1","n_2","n_3","n_4","n_5","n_6","n_7","n_8","n_9","n_10"
151,476.023216996839,496.982886285072,490.169348736155,513.316439380084,NA,0,0,0,0,NA,0,28.1321148872375,490.641901644071,0.473978547255198,0.470640909671783,NA,0.282,NA,0.02,0.02,0.02,0.04,0.046,0.04,0.054,0.04,0.048,0.672
153,479.177444015926,500.737927881787,485.776260987273,504.5748079622,NA,0,0,0,0,NA,0,28.1736783981323,464.789458155632,0.266931279500326,0.267127998669942,NA,0.274,NA,0.024,0.008,0.028,0.026,0.05,0.042,0.028,0.034,0.038,0.722
154,474.5234453779,490.578583435588,487.991266501373,508.183156573074,NA,0,0,0,0,NA,0,15.665843963623,423.02132336696,0.269212253888448,0.269902642567952,NA,0.298,NA,0.012,0.022,0.014,0.04,0.028,0.046,0.064,0.036,0.032,0.706
156,477.43566307952,484.228630744434,488.768632318977,508.335530290221,NA,0,0,0,0,NA,0,28.4742708206177,488.011412537098,0.279971222082774,0.276998913288116,NA,0.286,NA,0.03,0.01,0.014,0.026,0.042,0.026,0.046,0.036,0.038,0.732
157,471.676256538582,482.743381289699,488.774130435721,507.272592855348,NA,0,0,0,0,NA,0,28.5263788700104,502.550994539261,0.473830882708232,0.477263410886129,NA,0.288,NA,0.012,0.024,0.022,0.038,0.036,0.042,0.042,0.044,0.036,0.704
158,473.543416104628,507.273342706374,485.559070108887,511.827530972415,NA,0,0,0,0,NA,0,29.928022146225,445.251942690214,0.269185145696004,0.259486782550812,NA,0.26,NA,0.008,0.012,0.024,0.024,0.034,0.036,0.04,0.04,0.038,0.744
160,473.837891473882,509.315874496971,491.174473295813,509.226524287428,NA,0,0,0,0,NA,0,18.0088932514191,375.541577045123,0.470495649178823,0.468087418874105,NA,0.3,NA,0.018,0.018,0.018,0.032,0.038,0.034,0.028,0.04,0.03,0.744
161,478.655363749877,500.823358768774,488.319866091822,513.304215364598,NA,0,0,0,0,NA,0,17.7652277946472,471.903166373571,0.484014964103699,0.465020942687988,NA,0.272,NA,0.026,0.028,0.024,0.04,0.04,0.044,0.038,0.032,0.032,0.696
163,481.320089699894,492.928841588596,487.525572161424,514.200087303616,NA,0,0,0,0,NA,0,18.8783268928528,477.378293649356,0.524043305714925,0.506994104385376,NA,0.292,NA,0.012,0.016,0.022,0.032,0.044,0.03,0.05,0.056,0.04,0.698
164,483.888478148603,519.846971943503,492.319717431189,517.038721789296,NA,0,0,0,0,NA,0,32.7329168319702,448.955632424355,0.282833075523376,0.27278440395991,NA,0.29,NA,0.014,0.018,0.02,0.03,0.038,0.052,0.048,0.05,0.036,0.694
165,475.378646717452,497.502227226836,487.208652558182,510.779902656451,NA,0,0,0,0,NA,0,17.0112764835358,337.998997016748,0.267417518297831,0.258674387137095,NA,0.244,NA,0.012,0.01,0.018,0.032,0.048,0.042,0.038,0.024,0.038,0.738
167,477.847555964459,480.448803434002,482.807711721691,506.879759698376,NA,0,0,0,0,NA,0,31.299907207489,388.40627733469,0.462390995025635,0.454811878999074,NA,0.288,NA,0.02,0.012,0.02,0.042,0.046,0.034,0.046,0.034,0.034,0.712
168,476.380822453866,496.529667593231,482.626075752817,509.985099668384,NA,0,0,0,0,NA,0,30.7508540153503,399.858232955138,0.462989044189453,0.47427640358607,NA,0.244,NA,0.016,0.012,0.018,0.03,0.048,0.03,0.044,0.046,0.036,0.72
170,473.70990233199,506.390046754113,482.452761981038,508.067733316578,NA,0,0,0,0,NA,0,33.1047813892365,391.1032214125,0.279202616214752,0.277020716667175,NA,0.276,NA,0.018,0.014,0.02,0.044,0.046,0.054,0.02,0.028,0.044,0.712
171,482.530166809658,490.974845047523,490.974845047523,507.297469856145,NA,0,0,0,0,NA,0,17.8839750289917,367.06040285031,0.28135389884313,0.273486455281576,NA,0.268,NA,0.032,0.012,0.03,0.036,0.042,0.036,0.042,0.04,0.026,0.704
172,478.539298270195,513.287796965176,487.994883925738,511.13319688681,NA,0,0,0,0,NA,0,17.2560496330261,293.87543160518,0.235565745830536,0.237381986776988,NA,0.25,NA,0.006,0.016,0.024,0.02,0.04,0.042,0.034,0.048,0.03,0.74
174,473.605839698722,495.324959364695,488.194541325605,509.36876340089,NA,0,0,0,0,NA,0,29.4089820384979,488.959061280886,0.417024676005046,0.406555740038554,NA,0.274,NA,0.008,0.01,0.028,0.022,0.046,0.034,0.05,0.048,0.052,0.702
175,482.137343048647,485.109936556901,484.722205162333,512.114188643622,NA,0,0,0,0,NA,0,32.0149505138397,465.840909540653,0.414518622557322,0.402081588904063,NA,0.266,NA,0.012,0.02,0.01,0.04,0.054,0.026,0.04,0.04,0.024,0.734
177,472.80512113641,498.484096639157,484.564914900592,506.16119427069,NA,0,0,0,0,NA,0,17.4312376976013,302.833573683103,0.243896957238515,0.239282075564067,NA,0.296,NA,0.008,0.02,0.02,0.028,0.05,0.044,0.054,0.056,0.038,0.682
178,479.623861857933,508.27365740316,493.925462116085,511.77808097995,NA,0,0,0,0,NA,0,18.0749280452728,300.952189513048,0.246737595399221,0.242418154080709,NA,0.272,NA,0.032,0.018,0.034,0.034,0.042,0.036,0.05,0.042,0.042,0.67
179,474.177886268563,493.287863233155,488.428274335031,512.584324187107,NA,0,0,0,0,NA,0,15.6495270729065,284.835221842925,0.231224632263184,0.231090084711711,NA,0.276,NA,0.008,0.016,0.034,0.02,0.034,0.058,0.038,0.04,0.042,0.71
181,482.531212148845,498.343456159325,493.536119114276,505.333445068805,NA,0,0,0,0,NA,0,25.8413090705872,464.607752974828,0.409555232524872,0.405962717533112,NA,0.264,NA,0.014,0.022,0.024,0.022,0.04,0.048,0.05,0.042,0.032,0.706
182,472.349419235602,495.664793108579,493.873458517174,515.673826656138,NA,0,0,0,0,NA,0,26.8429093360901,475.99570286274,0.425807694594065,0.43128943045934,NA,0.278,NA,0.016,0.022,0.016,0.01,0.026,0.054,0.03,0.038,0.038,0.75
184,475.604362210833,505.395532173382,491.573414410476,519.905640586093,NA,0,0,0,0,NA,0,15.5469515323639,292.777065710227,0.246308406194051,0.238948583602905,NA,0.29,NA,0.03,0.024,0.026,0.042,0.032,0.034,0.022,0.04,0.044,0.706
185,470.595458488724,514.404759571157,491.359680265458,519.292389242295,NA,0,0,0,0,NA,0,15.2548108100891,306.006990814209,0.23858228524526,0.246523896853129,NA,0.318,NA,0.01,0.016,0.022,0.024,0.044,0.036,0.05,0.024,0.048,0.726
186,474.782197635014,493.400593999162,480.492750983412,508.658840764165,NA,0,0,0,0,NA,0,15.1429674625397,290.447174704075,0.233551915486654,0.237313954035441,NA,0.29,NA,0.02,0.016,0.016,0.024,0.022,0.042,0.038,0.06,0.042,0.72
188,475.865033766729,489.030682355915,489.748153175741,506.336025055446,NA,0,0,0,0,NA,0,26.1906514167786,425.437946848075,0.23735738992691,0.228640778859456,NA,0.268,NA,0.02,0.02,0.016,0.026,0.018,0.036,0.04,0.046,0.042,0.736
189,479.569398780062,507.483781855266,485.485078105185,504.895229118496,NA,0,0,0,0,NA,0,27.7416455745697,394.416503834724,0.231794687112172,0.227464509010315,NA,0.284,NA,0.026,0.012,0.024,0.018,0.036,0.048,0.052,0.052,0.038,0.694
191,476.973924085128,510.885427196419,489.063021544022,513.08502006092,NA,0,0,0,0,NA,0,15.1494293212891,288.719101973375,0.246155699094137,0.244986760616302,NA,0.282,NA,0.03,0.028,0.028,0.032,0.03,0.04,0.054,0.046,0.048,0.664
192,472.841399088068,476.427571737922,490.40904036136,513.32998151402,NA,0,0,0,0,NA,0,15.9903628826141,311.244335412979,0.251250767707825,0.248805344104767,NA,0.274,NA,0.022,0.016,0.026,0.02,0.036,0.028,0.038,0.022,0.04,0.752
193,475.380096477828,478.742082147518,487.825367244807,514.503497508678,NA,0,0,0,0,NA,0,15.7160193920135,277.471551601092,0.234984079996745,0.242547492186228,NA,0.298,NA,0.016,0.016,0.02,0.044,0.042,0.052,0.03,0.04,0.048,0.692
195,474.799858001056,490.1081551837,487.553244781468,514.085284225056,NA,0,0,0,0,NA,0,14.7810282707214,270.064697802067,0.230243213971456,0.225057168801626,NA,0.32,NA,0.012,0.02,0.028,0.022,0.054,0.042,0.038,0.034,0.034,0.716
196,473.500795096545,497.949559591161,491.064480562459,519.690337563936,NA,0,0,0,0,NA,0,14.9451944828033,275.062766087055,0.226973863442739,0.239578934510549,NA,0.282,NA,0.016,0.018,0.026,0.026,0.028,0.032,0.04,0.034,0.03,0.75
198,478.267620555713,513.398709411819,494.036906652527,522.595022309514,NA,0,0,0,0,NA,0,15.3918130397797,308.871918419997,0.249338273207347,0.23864453236262,NA,0.248,NA,0.024,0.012,0.014,0.04,0.04,0.034,0.038,0.034,0.044,0.72
199,476.5807738827,499.832689305536,491.518963996776,516.001688030958,NA,0,0,0,0,NA,0,15.6594960689545,312.49979899327,0.240674142042796,0.25178390343984,NA,0.244,NA,0.022,0.01,0.016,0.024,0.044,0.032,0.03,0.046,0.028,0.748
200,473.613428897566,497.671807208715,488.268599853938,508.631026828756,NA,0,0,0,0,NA,0,16.1473224163055,273.203902316093,0.228148412704468,0.234439929326375,NA,0.278,NA,0.022,0.022,0.012,0.042,0.048,0.034,0.044,0.054,0.046,0.676
