"no","observed","IHsurvrf","trt1","trt0","trueopt","avg.prop.match.opt.obs","avg.prop.match.opt.IHsurvrf","avg.prop.match.opt.trt1","avg.prop.match.opt.trt0","avg.prop.match.opt.trueopt","change.integral","time.obs","time.IHsurvrf","time.trt1","time.trt0","time.trueopt","proportion.censor","num.convergence.it","n_1","n_2","n_3","n_4","n_5","n_6","n_7","n_8","n_9","n_10"
52,477.944469072035,489.890173758651,487.481710006275,508.62753852332,NA,0,0,0,0,NA,0,28.5703573226929,450.743096268177,0.565077237288157,0.556176392237345,NA,0.27,NA,0.01,0.018,0.01,0.036,0.052,0.038,0.038,0.056,0.036,0.706
53,478.442341759674,500.819501590371,488.792073509036,510.376241874099,NA,0,0,0,0,NA,0,28.6957180500031,515.841836078962,0.552099140485128,0.542441852887471,NA,0.256,NA,0.014,0.004,0.018,0.036,0.03,0.042,0.036,0.056,0.034,0.73
54,482.248999036191,499.531840787741,485.81989222274,508.639160974853,NA,0,0,0,0,NA,0,16.2765176296234,427.985431603591,0.463771116733551,0.452409176031748,NA,0.266,NA,0.018,0.012,0.014,0.028,0.052,0.05,0.05,0.028,0.032,0.716
55,481.513369920882,475.75633271671,486.324926929022,510.648313614423,NA,0,0,0,0,NA,0,28.6038422584534,485.480304308732,0.510627047220866,0.501483233769735,NA,0.26,NA,0.016,0.014,0.022,0.03,0.042,0.032,0.038,0.042,0.038,0.726
56,477.651942195731,508.172620389571,485.21410981371,509.062273039457,NA,0,0,0,0,NA,0,28.6636869907379,517.592780594031,0.494981038570404,0.477243479092916,NA,0.3,NA,0.018,0.012,0.02,0.022,0.04,0.04,0.044,0.04,0.038,0.726
57,478.222108200138,492.673548370843,488.683403158102,511.062313739509,NA,0,0,0,0,NA,0,28.6531310081482,506.385487965743,0.532486406962077,0.534399163722992,NA,0.282,NA,0.012,0.016,0.018,0.022,0.038,0.04,0.026,0.066,0.036,0.726
59,475.456952578024,494.900772145518,486.681276343869,519.301620427972,NA,0,0,0,0,NA,0,35.5255687236786,523.681462570031,0.542025438944499,0.543319118022919,NA,0.25,NA,0.022,0.018,0.024,0.046,0.022,0.032,0.03,0.044,0.046,0.716
60,480.87217086335,490.420245888175,490.312503151466,510.429136589375,NA,0,0,0,0,NA,0,35.1221129894257,395.626113716761,0.267445055643717,0.269665352503459,NA,0.256,NA,0.024,0.03,0.026,0.038,0.024,0.056,0.044,0.042,0.026,0.69
61,466.698889980599,500.519067231512,489.92105251701,515.725171826879,NA,0,0,0,0,NA,0,29.7495400905609,420.098053042094,0.264905067284902,0.269397151470184,NA,0.254,NA,0.018,0.02,0.026,0.022,0.024,0.042,0.042,0.04,0.03,0.736
62,478.280572357314,500.878632825246,488.936360321861,499.785301118494,NA,0,0,0,0,NA,0,33.0182545185089,525.869688137372,0.524720561504364,0.510346766312917,NA,0.302,NA,0.018,0.024,0.016,0.022,0.04,0.034,0.046,0.052,0.034,0.714
63,477.921859285882,501.009146775493,492.3032788824,513.165896127692,NA,0,0,0,0,NA,0,30.1076745986938,515.720487411817,0.49851299126943,0.489454166094462,NA,0.294,NA,0.016,0.014,0.014,0.03,0.036,0.046,0.038,0.044,0.036,0.726
64,470.504528453494,490.939307801887,496.17540282705,514.588198534895,NA,0,0,0,0,NA,0,30.5768802165985,458.118018158277,0.27036923567454,0.253622063000997,NA,0.34,NA,0.02,0.014,0.016,0.02,0.024,0.04,0.048,0.032,0.046,0.74
66,476.066375507949,490.221836517934,490.633420650031,507.223232598811,NA,0,0,0,0,NA,0,35.4663453102112,528.149269370238,0.589087363084157,0.566221205393473,NA,0.288,NA,0.022,0.014,0.022,0.032,0.038,0.034,0.046,0.05,0.048,0.694
67,470.927865138233,498.84011264743,490.855500227056,512.880057837642,NA,0,0,0,0,NA,0,16.909738779068,459.485894238949,0.490640536944071,0.484110613663991,NA,0.276,NA,0.016,0.018,0.016,0.014,0.03,0.046,0.032,0.028,0.038,0.762
68,480.849057044712,484.243720676303,484.035453430371,506.484815914455,NA,0,0,0,0,NA,0,16.7981667518616,372.273907196522,0.288750859101613,0.282932460308075,NA,0.28,NA,0.012,0.014,0.02,0.044,0.038,0.038,0.046,0.058,0.028,0.702
69,475.174789400549,493.202664923235,494.991733981301,510.380512162054,NA,0,0,0,0,NA,0,33.090226650238,527.541883730888,0.502768858273824,0.480056540171305,NA,0.292,NA,0.014,0.016,0.026,0.026,0.062,0.032,0.068,0.038,0.028,0.69
70,471.776202065186,497.667509182877,492.119891075763,510.87119802878,NA,0,0,0,0,NA,0,31.4036796092987,546.282268778483,0.476672271887461,0.471299127737681,NA,0.234,NA,0.022,0.01,0.018,0.032,0.032,0.02,0.024,0.036,0.038,0.768
71,476.799039809518,487.095512135284,484.846114133373,514.06569764143,NA,0,0,0,0,NA,0,16.9036047458649,323.521910727024,0.2723619500796,0.278986918926239,NA,0.308,NA,0.016,0.014,0.032,0.028,0.04,0.03,0.05,0.044,0.036,0.71
73,476.289200995498,498.769152709664,482.770675834013,510.728747033167,NA,0,0,0,0,NA,0,37.1658992767334,491.283217374484,0.483013562361399,0.473500033219655,NA,0.274,NA,0.032,0.018,0.028,0.026,0.048,0.036,0.038,0.042,0.022,0.71
74,476.820449550339,472.972641567738,481.868955675993,506.428255862393,NA,0,0,0,0,NA,0,31.6121816635132,489.958035929998,0.488050071398417,0.464459804693858,NA,0.292,NA,0.012,0.012,0.022,0.03,0.054,0.036,0.03,0.044,0.046,0.714
75,472.006044728963,504.973989986744,489.56017712632,511.308962107559,NA,0,0,0,0,NA,0,17.9121894836426,336.217151431243,0.270720418294271,0.266463760534922,NA,0.254,NA,0.024,0.018,0.024,0.03,0.016,0.018,0.028,0.068,0.046,0.728
76,474.939647573222,511.308449442037,482.172643788155,504.034824360396,NA,0,0,0,0,NA,0,29.2543241977692,521.208784377575,0.446790432929993,0.447453395525614,NA,0.224,NA,0.02,0.014,0.014,0.022,0.038,0.022,0.032,0.044,0.036,0.758
77,469.990779486271,471.748711438358,491.411342686626,513.281082484922,NA,0,0,0,0,NA,0,29.9669187068939,316.898217976093,0.280284909407298,0.276064217090607,NA,0.294,NA,0.022,0.018,0.02,0.026,0.042,0.05,0.042,0.04,0.03,0.71
78,479.868212873099,486.078910377423,489.709428100642,511.569966628331,NA,0,0,0,0,NA,0,17.9836759567261,334.681329607964,0.466835923989614,0.453607666492462,NA,0.29,NA,0.014,0.02,0.012,0.024,0.044,0.052,0.034,0.032,0.036,0.732
80,479.770212889639,498.793994916258,485.859147139279,504.192891894013,NA,0,0,0,0,NA,0,30.8747344017029,503.912421449025,0.514492762088776,0.502187196413676,NA,0.318,NA,0.018,0.026,0.014,0.022,0.038,0.048,0.034,0.032,0.046,0.722
81,472.303644620401,491.858140861941,490.453672737443,504.937809820436,NA,0,0,0,0,NA,0,29.6590487957001,499.07094596227,0.496563319365183,0.484774859746297,NA,0.26,NA,0.016,0.018,0.012,0.044,0.036,0.032,0.054,0.044,0.032,0.712
82,471.3955708285,490.44330610827,488.182576808752,508.255065735367,NA,0,0,0,0,NA,0,16.572808265686,327.95607924064,0.269319574038188,0.275125885009766,NA,0.272,NA,0.008,0.022,0.032,0.032,0.034,0.032,0.036,0.036,0.042,0.726
83,474.725707435683,499.672527889051,483.656391613249,501.471335928639,NA,0,0,0,0,NA,0,28.4359848499298,525.229110010465,0.470489907264709,0.479874833424886,NA,0.286,NA,0.014,0.02,0.03,0.028,0.022,0.048,0.028,0.03,0.036,0.744
84,482.491346951548,507.103570735224,489.674963429647,511.464536554859,NA,0,0,0,0,NA,0,17.8059689998627,315.465232988199,0.264673793315887,0.270590110619863,NA,0.282,NA,0.012,0.014,0.02,0.028,0.044,0.036,0.042,0.042,0.042,0.72
85,473.900162261466,501.812020510953,489.957693186908,505.545743129941,NA,0,0,0,0,NA,0,29.2367079257965,484.552366244793,0.48037836154302,0.465176590283712,NA,0.282,NA,0.022,0.024,0.014,0.036,0.036,0.036,0.052,0.032,0.034,0.714
87,478.949120145556,480.741076146727,487.766779608144,510.222456744635,NA,0,0,0,0,NA,0,33.5035820007324,523.757910656929,0.273215250174205,0.266109132766724,NA,0.286,NA,0.012,0.018,0.022,0.032,0.034,0.03,0.032,0.03,0.042,0.748
88,473.764340168161,483.674998641464,489.712899351438,515.247213629883,NA,0,0,0,0,NA,0,31.5910513401031,509.727128112316,0.293236955006917,0.285820678869883,NA,0.244,NA,0.01,0.016,0.022,0.03,0.028,0.04,0.046,0.034,0.034,0.74
89,482.979971434353,497.268983863618,490.964155392303,509.162974840701,NA,0,0,0,0,NA,0,17.4782793521881,308.99791620175,0.272395845254262,0.274120978514353,NA,0.286,NA,0.016,0.008,0.022,0.028,0.066,0.024,0.044,0.036,0.054,0.702
90,475.153248803045,507.876924169504,494.258357843389,514.987357533507,NA,0,0,0,0,NA,0,32.008736371994,475.481207402547,0.266498549779256,0.260300004482269,NA,0.32,NA,0.012,0.032,0.028,0.036,0.022,0.038,0.04,0.054,0.036,0.702
91,474.600036355364,484.515633593828,489.378247265824,505.159746462618,NA,0,0,0,0,NA,0,17.8089401721954,327.320293275515,0.285795263449351,0.27829487323761,NA,0.252,NA,0.02,0.02,0.02,0.028,0.034,0.03,0.032,0.042,0.042,0.732
92,474.254872202062,497.887963874039,494.265288760051,517.509825039414,NA,0,0,0,0,NA,0,33.4420926570892,355.885770233472,0.282599234580994,0.275534184773763,NA,0.296,NA,0.018,0.018,0.024,0.026,0.046,0.044,0.05,0.052,0.054,0.668
94,479.405625160614,492.211969986913,478.320257215494,500.903791656515,NA,0,0,0,0,NA,0,16.9639871120453,295.984117881457,0.243006006876628,0.243657147884369,NA,0.276,NA,0.014,0.022,0.028,0.036,0.032,0.04,0.038,0.044,0.04,0.706
95,474.253916958498,506.100577204685,479.983437886831,511.533666014026,NA,0,0,0,0,NA,0,18.5165901184082,323.757093397776,0.275855791568756,0.261914503574371,NA,0.28,NA,0.016,0.012,0.022,0.038,0.03,0.044,0.04,0.026,0.048,0.724
96,471.346597381947,497.125745142656,486.312015400478,505.770366237921,NA,0,0,0,0,NA,0,18.214111328125,514.891170255343,0.531091590722402,0.522198287645976,NA,0.274,NA,0.012,0.016,0.028,0.028,0.04,0.026,0.032,0.05,0.04,0.728
97,475.231120256611,493.4236712045,483.834800117853,509.0304547608,NA,0,0,0,0,NA,0,16.4714062213898,307.39269023339,0.24018542766571,0.246539711952209,NA,0.226,NA,0.02,0.022,0.014,0.024,0.038,0.04,0.042,0.034,0.024,0.742
98,471.161260135913,494.401696485689,487.624185184434,508.479811550534,NA,0,0,0,0,NA,0,17.8710498809814,380.567397737503,0.284292229016622,0.285986049969991,NA,0.282,NA,0.018,0.028,0.03,0.03,0.048,0.034,0.048,0.048,0.028,0.688
99,472.856442074587,500.570096630559,488.600094664651,512.574443459153,NA,0,0,0,0,NA,0,17.7040710449219,379.690313665072,0.276047424475352,0.288061765829722,NA,0.276,NA,0.014,0.022,0.014,0.032,0.036,0.054,0.04,0.04,0.038,0.71
