"no","observed","IHsurvrf","trt1","trt0","trueopt","avg.prop.match.opt.obs","avg.prop.match.opt.IHsurvrf","avg.prop.match.opt.trt1","avg.prop.match.opt.trt0","avg.prop.match.opt.trueopt","change.integral","time.obs","time.IHsurvrf","time.trt1","time.trt0","time.trueopt","proportion.censor","num.convergence.it","n_1","n_2","n_3","n_4","n_5","n_6","n_7","n_8","n_9","n_10"
151,477.032860816819,472.12175957603,489.912071568759,506.561420091612,NA,0,0,0,0,NA,0,17.4591889381409,224.54869393905,0.314916956424713,0.293125589688619,NA,0.313333333333333,NA,0.01,0.0133333333333333,0.02,0.03,0.0466666666666667,0.0433333333333333,0.0566666666666667,0.0633333333333333,0.02,0.696666666666667
152,478.405164164831,492.226692820396,488.767339700956,511.647518705611,NA,0,0,0,0,NA,0,17.5193336009979,223.675277793407,0.299594489733378,0.294523580869039,NA,0.293333333333333,NA,0.0166666666666667,0.0233333333333333,0.02,0.0333333333333333,0.0266666666666667,0.0266666666666667,0.0333333333333333,0.04,0.0433333333333333,0.736666666666667
153,474.08147882103,485.178545680548,481.536135365283,505.288247220708,NA,0,0,0,0,NA,0,17.2824282646179,223.656978178024,0.319266132513682,0.304403245449066,NA,0.316666666666667,NA,0.0133333333333333,0.0266666666666667,0.01,0.03,0.0366666666666667,0.06,0.0233333333333333,0.0733333333333333,0.0633333333333333,0.663333333333333
154,475.629283588622,478.886970445716,487.188547745207,512.179611997587,NA,0,0,0,0,NA,0,11.5837190151215,139.875441428026,0.222811627388,0.227203563849131,NA,0.276666666666667,NA,0.0166666666666667,0.0233333333333333,0.0266666666666667,0.0266666666666667,0.0533333333333333,0.0366666666666667,0.0466666666666667,0.0333333333333333,0.0366666666666667,0.7
155,478.036440768448,480.804568964087,482.98463780398,505.258045445592,NA,0,0,0,0,NA,0,17.4261195659637,224.489875868956,0.291346903642019,0.286540925502777,NA,0.293333333333333,NA,0.01,0.0133333333333333,0.0166666666666667,0.0266666666666667,0.0433333333333333,0.0333333333333333,0.05,0.0466666666666667,0.0466666666666667,0.713333333333333
156,477.075148887862,510.141153956519,487.400414208547,506.836205950388,NA,0,0,0,0,NA,0,17.3131449222565,223.731625854969,0.301390612125397,0.298185729980469,NA,0.23,NA,0.00666666666666667,0.0233333333333333,0.03,0.0233333333333333,0.0233333333333333,0.0333333333333333,0.0366666666666667,0.0333333333333333,0.0366666666666667,0.753333333333333
157,471.333258332475,480.313847056265,485.400671856969,500.897240669739,NA,0,0,0,0,NA,0,17.4062347412109,225.052056590716,0.283647620677948,0.290285670757294,NA,0.233333333333333,NA,0.0166666666666667,0.0166666666666667,0.0166666666666667,0.02,0.0433333333333333,0.0466666666666667,0.03,0.0533333333333333,0.03,0.726666666666667
158,475.239017362681,486.978047331906,488.729800029484,510.495647258836,NA,0,0,0,0,NA,0,17.5890350341797,181.979628733794,0.213981632391612,0.202454082171122,NA,0.283333333333333,NA,0.0166666666666667,0.01,0.0133333333333333,0.03,0.04,0.0433333333333333,0.03,0.0366666666666667,0.03,0.75
159,472.550010724139,510.443862886105,483.915647376997,505.072089570106,NA,0,0,0,0,NA,0,17.8293011188507,180.034467526277,0.353580184777578,0.343797862529755,NA,0.27,NA,0.03,0.0333333333333333,0.01,0.0233333333333333,0.0266666666666667,0.0633333333333333,0.0433333333333333,0.0366666666666667,0.04,0.693333333333333
160,473.376094706213,488.095861814964,486.667791018982,509.324155987557,NA,0,0,0,0,NA,0,17.7098162174225,187.159595644474,0.282726907730103,0.29471488793691,NA,0.286666666666667,NA,0.02,0.0266666666666667,0.00666666666666667,0.0366666666666667,0.0233333333333333,0.04,0.0433333333333333,0.05,0.0566666666666667,0.696666666666667
161,481.753096851101,491.301253260909,488.319866091822,511.599274930544,NA,0,0,0,0,NA,0,14.9119005203247,139.753800368309,0.213916103045146,0.206816498438517,NA,0.27,NA,0.0133333333333333,0.0166666666666667,0.0166666666666667,0.03,0.0366666666666667,0.0166666666666667,0.0433333333333333,0.02,0.0333333333333333,0.773333333333333
162,475.934735260025,492.983214956435,489.089819827163,505.603607803721,NA,0,0,0,0,NA,0,16.246729850769,182.439592047532,0.290646374225616,0.289701302846273,NA,0.196666666666667,NA,0.01,0.03,0.0333333333333333,0.00666666666666667,0.03,0.0566666666666667,0.0633333333333333,0.01,0.0166666666666667,0.743333333333333
163,476.823780750182,484.734731056684,485.413985684229,511.187742714006,NA,0,0,0,0,NA,0,18.2157237529755,181.337056573232,0.329809228579203,0.322880172729492,NA,0.293333333333333,NA,0.0166666666666667,0.01,0.0233333333333333,0.0366666666666667,0.0333333333333333,0.0433333333333333,0.0666666666666667,0.0566666666666667,0.04,0.673333333333333
164,480.003014549535,492.957840707022,487.928017344414,516.358838095545,NA,0,0,0,0,NA,0,17.0106105804443,182.248512081305,0.286274739106496,0.301245975494385,NA,0.283333333333333,NA,0.0233333333333333,0.0133333333333333,0.0133333333333333,0.0333333333333333,0.0366666666666667,0.0433333333333333,0.0466666666666667,0.04,0.0333333333333333,0.716666666666667
165,475.383894309852,488.55033469932,490.520301309276,514.204619582623,NA,0,0,0,0,NA,0,11.9611191749573,98.5076330025991,0.19608504374822,0.198306715488434,NA,0.32,NA,0.0266666666666667,0.0133333333333333,0.0166666666666667,0.0166666666666667,0.0333333333333333,0.0433333333333333,0.0666666666666667,0.06,0.0566666666666667,0.666666666666667
166,471.322496723197,491.897846806175,485.054837664943,518.899437606164,NA,0,0,0,0,NA,0,20.6430902481079,156.418069247405,0.304701602458954,0.300633696715037,NA,0.33,NA,0.02,0.0166666666666667,0.03,0.04,0.0466666666666667,0.0266666666666667,0.03,0.0466666666666667,0.0333333333333333,0.71
167,479.297970820171,478.738161070881,481.62625300689,507.367114262432,NA,0,0,0,0,NA,0,18.8743751049042,158.762219329675,0.271914724508921,0.28232182264328,NA,0.24,NA,0.0166666666666667,0.02,0.0233333333333333,0.0233333333333333,0.0266666666666667,0.04,0.0166666666666667,0.06,0.0466666666666667,0.726666666666667
168,471.736848347867,487.043926844562,492.71887247594,514.540476161821,NA,0,0,0,0,NA,0,13.1450905799866,118.610862382253,0.31510048309962,0.328500254948934,NA,0.3,NA,0.00666666666666667,0.01,0.0266666666666667,0.0533333333333333,0.0433333333333333,0.05,0.04,0.0266666666666667,0.06,0.683333333333333
169,472.731982017351,508.562749225224,484.685096256239,509.020604535361,NA,0,0,0,0,NA,0,17.7995970249176,156.1694242239,0.297291894753774,0.280371316274007,NA,0.296666666666667,NA,0.0166666666666667,0,0.0233333333333333,0.0233333333333333,0.04,0.0433333333333333,0.0433333333333333,0.0466666666666667,0.0333333333333333,0.73
170,475.578004756853,477.700376466079,482.704242876886,503.395805902266,NA,0,0,0,0,NA,0,20.0165326595306,155.099175584316,0.303360184033712,0.295211136341095,NA,0.293333333333333,NA,0.0166666666666667,0.0166666666666667,0.0166666666666667,0.0333333333333333,0.0433333333333333,0.03,0.0366666666666667,0.0566666666666667,0.06,0.69
171,482.268324942837,506.717846825832,483.427352281503,511.603276552393,NA,0,0,0,0,NA,0,18.9769895076752,160.45029951334,0.304470312595367,0.304848567644755,NA,0.26,NA,0.01,0.0133333333333333,0.02,0.0233333333333333,0.04,0.0233333333333333,0.04,0.04,0.04,0.75
172,477.757152044499,491.303576621888,487.680872739175,511.049515977253,NA,0,0,0,0,NA,0,12.946456193924,103.788482717673,0.198447275161743,0.198245406150818,NA,0.266666666666667,NA,0.0266666666666667,0.0166666666666667,0.02,0.03,0.0266666666666667,0.03,0.0333333333333333,0.0433333333333333,0.0466666666666667,0.726666666666667
173,479.11341060001,484.302523955712,488.731733505953,511.196760759426,NA,0,0,0,0,NA,0,18.4391028881073,164.665332261721,0.321919922033946,0.305282207330068,NA,0.27,NA,0.02,0.0166666666666667,0.0233333333333333,0.0233333333333333,0.0333333333333333,0.0433333333333333,0.03,0.0333333333333333,0.0166666666666667,0.76
174,473.964115979649,474.832607450939,483.38039439146,508.471850063868,NA,0,0,0,0,NA,0,18.9888603687286,156.067999998728,0.284018131097158,0.289906402428945,NA,0.27,NA,0.0433333333333333,0.0133333333333333,0.0166666666666667,0.05,0.0466666666666667,0.0533333333333333,0.0466666666666667,0.04,0.0633333333333333,0.626666666666667
175,477.927175446767,490.633375623737,487.179204212381,509.929781673323,NA,0,0,0,0,NA,0,21.6220831871033,158.578221885363,0.347179706891378,0.347757438818614,NA,0.286666666666667,NA,0.02,0.00666666666666667,0.04,0.02,0.0366666666666667,0.04,0.0333333333333333,0.0533333333333333,0.0166666666666667,0.733333333333333
176,470.717683757669,493.433647830397,492.198042150614,516.517695855257,NA,0,0,0,0,NA,0,17.7157688140869,162.402625870705,0.342501711845398,0.315734589099884,NA,0.27,NA,0.0133333333333333,0.02,0.0266666666666667,0.0266666666666667,0.03,0.04,0.0466666666666667,0.03,0.0366666666666667,0.73
177,471.675818715323,483.548721491013,483.521849558034,508.954642937297,NA,0,0,0,0,NA,0,18.778153181076,164.413048410416,0.35353227853775,0.29950741926829,NA,0.293333333333333,NA,0.02,0.00666666666666667,0.0166666666666667,0.0333333333333333,0.06,0.0266666666666667,0.05,0.0433333333333333,0.04,0.703333333333333
178,484.691515752188,515.924460210454,492.692375826405,515.386868798721,NA,0,0,0,0,NA,0,18.470885515213,156.530739637216,0.351392308870951,0.375199496746063,NA,0.333333333333333,NA,0.02,0.0166666666666667,0.0333333333333333,0.0266666666666667,0.08,0.0466666666666667,0.04,0.03,0.03,0.676666666666667
179,475.433794962219,496.896087913965,487.734657782053,517.783809578423,NA,0,0,0,0,NA,0,11.8972659111023,108.260350028674,0.209635996818542,0.210842963059743,NA,0.23,NA,0.0233333333333333,0.0266666666666667,0.0233333333333333,0.03,0.0433333333333333,0.0266666666666667,0.03,0.0433333333333333,0.02,0.733333333333333
180,470.023104466476,490.450671482001,493.073246048139,512.602146492479,NA,0,0,0,0,NA,0,18.2967579364777,158.846997050444,0.291215856870015,0.278592002391815,NA,0.303333333333333,NA,0.0166666666666667,0.02,0.0266666666666667,0.0233333333333333,0.0433333333333333,0.04,0.0366666666666667,0.0266666666666667,0.0366666666666667,0.73
181,481.903792580633,497.380805882331,487.723768018722,517.548297513124,NA,0,0,0,0,NA,0,18.470673084259,157.351217877865,0.313844966888428,0.313356455167135,NA,0.34,NA,0.0133333333333333,0.01,0.0166666666666667,0.02,0.0433333333333333,0.0666666666666667,0.05,0.06,0.0533333333333333,0.666666666666667
182,472.313006309169,486.465926028141,495.528836010111,512.130220441227,NA,0,0,0,0,NA,0,21.8223021030426,155.839777274926,0.29730441570282,0.3147332350413,NA,0.256666666666667,NA,0.0266666666666667,0.0266666666666667,0.0266666666666667,0.0266666666666667,0.0366666666666667,0.0633333333333333,0.0266666666666667,0.03,0.0466666666666667,0.69
183,473.114223161734,517.06484714973,491.953497485414,508.610821824706,NA,0,0,0,0,NA,0,18.9298737049103,156.099813342094,0.307419296105703,0.298667089144389,NA,0.306666666666667,NA,0.0166666666666667,0.00333333333333333,0.03,0.03,0.06,0.0533333333333333,0.03,0.0566666666666667,0.0466666666666667,0.673333333333333
184,475.903401369389,501.281489687883,492.108629940383,518.886368063799,NA,0,0,0,0,NA,0,18.7449812889099,159.055673523744,0.28021225531896,0.291233054796855,NA,0.263333333333333,NA,0.0133333333333333,0.0166666666666667,0.0233333333333333,0.0266666666666667,0.05,0.04,0.0366666666666667,0.0366666666666667,0.0433333333333333,0.713333333333333
185,473.202487330705,501.251462464656,486.648918286277,510.392800768395,NA,0,0,0,0,NA,0,20.9735436439514,161.252847890059,0.275752715269725,0.276769304275513,NA,0.243333333333333,NA,0.0166666666666667,0.0133333333333333,0.01,0.0266666666666667,0.0266666666666667,0.05,0.0433333333333333,0.03,0.0466666666666667,0.736666666666667
186,475.921093352944,500.281747710363,481.490477672717,505.791768973232,NA,0,0,0,0,NA,0,12.7926416397095,101.671224915981,0.203241781393687,0.19123633702596,NA,0.263333333333333,NA,0.01,0.03,0.03,0.02,0.0266666666666667,0.0433333333333333,0.0366666666666667,0.0633333333333333,0.04,0.7
187,475.815422607059,489.55112496516,485.312170840275,504.113341837392,NA,0,0,0,0,NA,0,17.3363299369812,147.820635914803,0.1974112311999,0.197869082291921,NA,0.316666666666667,NA,0.0166666666666667,0.00666666666666667,0.0266666666666667,0.0266666666666667,0.0333333333333333,0.05,0.0433333333333333,0.03,0.0433333333333333,0.723333333333333
188,476.284274344401,491.203505768437,487.644299044858,508.882326372334,NA,0,0,0,0,NA,0,19.940381526947,154.096348230044,0.274398756027222,0.278324842453003,NA,0.286666666666667,NA,0.0233333333333333,0.02,0.03,0.02,0.0266666666666667,0.0333333333333333,0.04,0.0533333333333333,0.0433333333333333,0.71
189,478.898676866239,493.679372888712,483.061972843952,509.077892357045,NA,0,0,0,0,NA,0,20.2659747600555,166.123195783297,0.385127317905426,0.378151063124339,NA,0.276666666666667,NA,0.0233333333333333,0.0166666666666667,0.0166666666666667,0.0166666666666667,0.03,0.03,0.0366666666666667,0.0466666666666667,0.0233333333333333,0.76
190,481.217690676469,486.643954031474,490.616579934696,512.149905449858,NA,0,0,0,0,NA,0,19.2272188663483,149.083911410968,0.353413319587707,0.35401965379715,NA,0.3,NA,0.04,0.02,0.0266666666666667,0.02,0.0466666666666667,0.0433333333333333,0.0433333333333333,0.0566666666666667,0.06,0.643333333333333
191,477.696384096577,480.30697801095,488.764345951322,504.07155697772,NA,0,0,0,0,NA,0,18.5677473545074,152.986880874634,0.180952632427216,0.179563518365224,NA,0.28,NA,0.0133333333333333,0.0166666666666667,0.02,0.01,0.04,0.0566666666666667,0.0333333333333333,0.03,0.05,0.73
192,477.204233066681,485.796067314204,496.359235742205,509.645104855678,NA,0,0,0,0,NA,0,17.4411752223969,157.252533578873,0.25033243894577,0.255078784624735,NA,0.263333333333333,NA,0.01,0.0233333333333333,0.0166666666666667,0.0233333333333333,0.0566666666666667,0.04,0.03,0.0566666666666667,0.03,0.713333333333333
193,474.577748264171,498.792063565661,492.134825672736,510.074824011935,NA,0,0,0,0,NA,0,12.0035624504089,104.727451717854,0.185197079181671,0.176194167137146,NA,0.253333333333333,NA,0.01,0.0166666666666667,0.0133333333333333,0.0233333333333333,0.0366666666666667,0.0466666666666667,0.0533333333333333,0.0266666666666667,0.0466666666666667,0.726666666666667
194,472.897869426337,490.043590873148,488.721556529796,514.217569791349,NA,0,0,0,0,NA,0,11.9762296676636,85.5516500194867,0.184011824925741,0.182935575644175,NA,0.296666666666667,NA,0.02,0.0266666666666667,0.02,0.03,0.03,0.03,0.03,0.0266666666666667,0.0366666666666667,0.75
195,475.64065060236,501.211405525416,488.905271723077,508.873828291089,NA,0,0,0,0,NA,0,18.5681059360504,116.417963373661,0.175636760393778,0.174425506591797,NA,0.28,NA,0.0233333333333333,0.00333333333333333,0.0166666666666667,0.03,0.06,0.0433333333333333,0.0166666666666667,0.0466666666666667,0.0366666666666667,0.723333333333333
196,477.575449931702,489.688276666198,487.062373545865,511.769004577735,NA,0,0,0,0,NA,0,22.4373300075531,156.170572841167,0.279479225476583,0.2843017578125,NA,0.283333333333333,NA,0.0166666666666667,0.0133333333333333,0.0166666666666667,0.0333333333333333,0.02,0.04,0.05,0.05,0.05,0.71
197,474.84986434633,470.048779407082,487.610441376111,503.343222958793,NA,0,0,0,0,NA,0,20.5479462146759,92.1811486442884,0.183661341667175,0.178894380728404,NA,0.26,NA,0.0133333333333333,0.0233333333333333,0.0333333333333333,0.0333333333333333,0.08,0.0266666666666667,0.0366666666666667,0.04,0.0266666666666667,0.686666666666667
198,478.768169593547,486.277058739019,486.995203681069,516.671784425269,NA,0,0,0,0,NA,0,11.453222990036,92.6363616704941,0.174951612949371,0.169535819689433,NA,0.286666666666667,NA,0.0266666666666667,0.0133333333333333,0.00333333333333333,0.0366666666666667,0.0166666666666667,0.0466666666666667,0.0466666666666667,0.0333333333333333,0.04,0.736666666666667
199,475.038154872345,496.654366944443,485.33614652382,511.93636898945,NA,0,0,0,0,NA,0,17.4693713188171,111.63418923219,0.165013480186462,0.164499406019847,NA,0.283333333333333,NA,0.0166666666666667,0.0233333333333333,0.0266666666666667,0.0366666666666667,0.0233333333333333,0.06,0.0366666666666667,0.0533333333333333,0.0366666666666667,0.686666666666667
200,475.619460046798,503.380069976365,482.989439192319,500.619805014012,NA,0,0,0,0,NA,0,11.1053740978241,97.9105807701747,0.1954350233078,0.201515487829844,NA,0.296666666666667,NA,0.0133333333333333,0.0166666666666667,0.0166666666666667,0.0466666666666667,0.04,0.0333333333333333,0.03,0.05,0.0266666666666667,0.726666666666667
