"no","observed","IHsurvrf","trt1","trt0","trueopt","avg.prop.match.opt.obs","avg.prop.match.opt.IHsurvrf","avg.prop.match.opt.trt1","avg.prop.match.opt.trt0","avg.prop.match.opt.trueopt","change.integral","time.obs","time.IHsurvrf","time.trt1","time.trt0","time.trueopt","proportion.censor","num.convergence.it","n_1","n_2","n_3","n_4","n_5","n_6","n_7","n_8","n_9","n_10","n_11","n_12","n_13","n_14","n_15"
26,695.779705261186,732.919733649563,755.103351178719,752.064073940885,NA,0,0,0,0,NA,0,22.2875843048096,926.094754874706,0.532683579126994,0.498847079277039,NA,0.31,NA,0.016,0.018,0.022,0.038,0.04,0.048,0.042,0.018,0.042,0.032,0.032,0.034,0.026,0.03,0.562
27,692.172940776357,733.86329191949,772.999625617444,759.635743978238,NA,0,0,0,0,NA,0,22.2350957393646,923.690078683694,0.534233490626017,0.508013451099396,NA,0.32,NA,0.018,0.018,0.024,0.024,0.034,0.048,0.04,0.032,0.05,0.034,0.024,0.03,0.03,0.044,0.55
28,687.381800717212,742.940434991227,757.337000332828,741.268142539968,NA,0,0,0,0,NA,0,14.6686334609985,539.451688373089,0.291824944814046,0.278867503007253,NA,0.328,NA,0.02,0.024,0.012,0.04,0.058,0.04,0.06,0.056,0.034,0.046,0.036,0.022,0.03,0.034,0.488
29,694.642390650945,707.519737488926,763.082712441562,753.559974231611,NA,0,0,0,0,NA,0,21.9264044761658,934.58488150835,0.479348675409953,0.48591061035792,NA,0.32,NA,0.014,0.018,0.016,0.026,0.032,0.038,0.04,0.036,0.044,0.034,0.042,0.03,0.046,0.032,0.552
30,689.856275401204,739.877912960625,749.942582875132,755.539020297709,NA,0,0,0,0,NA,0,22.0220785140991,938.482355729739,0.39961537917455,0.399912103017171,NA,0.336,NA,0.006,0.022,0.024,0.032,0.03,0.026,0.038,0.046,0.04,0.032,0.044,0.052,0.03,0.022,0.556
31,687.344788472589,720.687928771995,749.354649236671,754.698027111114,NA,0,0,0,0,NA,0,28.1512792110443,845.716081400712,0.288262808322907,0.286269545555115,NA,0.348,NA,0.022,0.014,0.022,0.014,0.024,0.036,0.038,0.062,0.03,0.04,0.036,0.052,0.032,0.03,0.548
32,689.049782229778,702.349758251502,756.129973472793,747.566339242841,NA,0,0,0,0,NA,0,33.1641440391541,968.896385951837,0.429004963239034,0.418602561950684,NA,0.332,NA,0.004,0.02,0.012,0.032,0.034,0.052,0.032,0.044,0.056,0.042,0.042,0.034,0.03,0.022,0.544
33,688.771411933093,721.295478021985,762.308723189693,751.744042049985,NA,0,0,0,0,NA,0,18.0082097053528,694.875790981452,0.280093355973562,0.267933324972788,NA,0.318,NA,0.024,0.024,0.022,0.04,0.036,0.034,0.022,0.028,0.03,0.048,0.04,0.038,0.04,0.022,0.552
34,693.660396062017,740.490514248288,759.708566580906,748.064396631864,NA,0,0,0,0,NA,0,32.6175410747528,957.479166388512,0.428292405605316,0.386787231763204,NA,0.31,NA,0.022,0.018,0.018,0.016,0.028,0.062,0.05,0.042,0.038,0.024,0.024,0.038,0.024,0.05,0.546
35,697.5908427842,728.899965945917,748.77354237017,740.350426861297,NA,0,0,0,0,NA,0,26.4065990447998,1118.98676885764,0.346579722563426,0.343092922369639,NA,0.294,NA,0.016,0.016,0.016,0.022,0.022,0.026,0.03,0.038,0.054,0.042,0.028,0.052,0.032,0.018,0.588
36,691.430756540969,736.042168157337,757.006186325067,747.464483305278,NA,0,0,0,0,NA,0,18.3984518051147,625.051203628381,0.244475221633911,0.245348568757375,NA,0.306,NA,0.014,0.014,0.01,0.028,0.042,0.036,0.038,0.044,0.038,0.024,0.024,0.046,0.026,0.028,0.588
37,681.771711383562,732.122442472512,755.174093569118,763.990995421364,NA,0,0,0,0,NA,0,31.3003344535828,880.432670998573,0.337325612703959,0.339779524008433,NA,0.332,NA,0.022,0.012,0.024,0.038,0.026,0.038,0.036,0.036,0.028,0.05,0.032,0.042,0.04,0.05,0.526
38,689.897946706697,717.677352206076,755.743960902111,755.129106663346,NA,0,0,0,0,NA,0,16.3631453514099,852.859211289883,0.38205334742864,0.362970582644145,NA,0.302,NA,0.016,0.028,0.016,0.024,0.036,0.036,0.05,0.05,0.034,0.028,0.038,0.032,0.022,0.038,0.552
39,693.003858105664,724.748627677887,769.359117882565,746.496768146363,NA,0,0,0,0,NA,0,25.0243504047394,885.532921254635,0.346288041273753,0.332315178712209,NA,0.392,NA,0.016,0.012,0.016,0.044,0.038,0.054,0.028,0.042,0.034,0.046,0.04,0.04,0.032,0.032,0.526
40,701.788056789116,706.59158606142,768.975971186576,752.630342423101,NA,0,0,0,0,NA,0,21.9922468662262,912.857506835461,0.384336650371552,0.362957056363424,NA,0.304,NA,0.02,0.026,0.02,0.034,0.03,0.032,0.04,0.03,0.038,0.032,0.024,0.05,0.022,0.036,0.566
41,697.007959862805,740.200593584348,748.591621983209,754.657986747327,NA,0,0,0,0,NA,0,16.4815378189087,550.494980013371,0.244639726479848,0.233432304859161,NA,0.338,NA,0.012,0.022,0.012,0.026,0.032,0.032,0.04,0.048,0.036,0.052,0.042,0.04,0.032,0.026,0.548
42,697.949931949938,731.896923693929,767.240830766612,754.46478001362,NA,0,0,0,0,NA,0,21.5761282444,859.831937650839,0.441936826705933,0.437076485157013,NA,0.33,NA,0.022,0.006,0.028,0.02,0.024,0.054,0.038,0.044,0.044,0.042,0.028,0.024,0.028,0.036,0.562
43,696.035082373075,710.599471475918,761.47055478622,762.002648371667,NA,0,0,0,0,NA,0,23.5475256443024,939.970376511415,0.322030305862427,0.318406263987223,NA,0.33,NA,0.02,0.02,0.014,0.026,0.032,0.062,0.024,0.046,0.04,0.026,0.024,0.032,0.04,0.03,0.564
44,690.212017685725,695.862413632132,755.929548900209,752.266879760697,NA,0,0,0,0,NA,0,21.0285351276398,810.22585931619,0.24025940100352,0.229189356168111,NA,0.348,NA,0.012,0.024,0.032,0.016,0.024,0.046,0.036,0.052,0.04,0.032,0.04,0.038,0.038,0.028,0.542
45,694.298210882111,689.710929385269,759.658185304069,760.383937178295,NA,0,0,0,0,NA,0,23.3433017730713,757.516095133622,0.233573313554128,0.237935094038645,NA,0.296,NA,0.032,0.026,0.022,0.028,0.028,0.032,0.036,0.02,0.044,0.048,0.022,0.038,0.036,0.024,0.564
46,702.125970615568,745.658966990077,758.775043600714,759.277863834855,NA,0,0,0,0,NA,0,15.2017805576324,554.724002126853,0.25373326142629,0.24620056549708,NA,0.314,NA,0.03,0.018,0.012,0.026,0.04,0.044,0.052,0.04,0.046,0.032,0.04,0.03,0.03,0.024,0.536
47,702.131338831358,716.591750316193,752.115252311879,757.357447410165,NA,0,0,0,0,NA,0,27.812671661377,615.405457019806,0.23109610080719,0.224827758471171,NA,0.334,NA,0.012,0.012,0.02,0.026,0.032,0.044,0.046,0.046,0.024,0.042,0.044,0.04,0.042,0.03,0.54
48,689.053823598961,728.390585611418,760.28882520321,757.363558732378,NA,0,0,0,0,NA,0,21.6881711483002,891.208374460538,0.325466597080231,0.32196391026179,NA,0.336,NA,0.02,0.02,0.014,0.022,0.032,0.056,0.044,0.044,0.034,0.026,0.036,0.04,0.038,0.036,0.538
49,693.412391582829,728.610216831742,762.521009508653,755.960813762826,NA,0,0,0,0,NA,0,14.7952239513397,520.360228645801,0.22820280790329,0.229666229089101,NA,0.31,NA,0.022,0.014,0.02,0.03,0.048,0.03,0.038,0.04,0.044,0.028,0.036,0.028,0.05,0.03,0.542
50,690.102447845575,717.839819691676,757.408432404078,747.498179379644,NA,0,0,0,0,NA,0,15.0844402313232,521.679193337758,0.226401325066884,0.217802627881368,NA,0.308,NA,0.02,0.018,0.032,0.022,0.028,0.036,0.032,0.034,0.036,0.034,0.038,0.02,0.036,0.032,0.582
