"no","observed","IHsurvrf","trt1","trt0","trueopt","avg.prop.match.opt.obs","avg.prop.match.opt.IHsurvrf","avg.prop.match.opt.trt1","avg.prop.match.opt.trt0","avg.prop.match.opt.trueopt","change.integral","time.obs","time.IHsurvrf","time.trt1","time.trt0","time.trueopt","proportion.censor","num.convergence.it","n_1","n_2","n_3","n_4","n_5","n_6","n_7","n_8","n_9","n_10"
101,541.428539971767,547.650155641985,550.789812368036,570.460819831075,NA,0,0,0,0,NA,0,19.1981587409973,131.682556144396,0.24741986989975,0.246020332972209,NA,0.433333333333333,NA,0.0266666666666667,0.03,0.0266666666666667,0.05,0.04,0.0233333333333333,0.0566666666666667,0.06,0.0466666666666667,0.64
102,544.562933146465,556.264682321061,556.303370266098,570.588237892274,NA,0,0,0,0,NA,0,15.9095277786255,143.683810981115,0.255034991105398,0.249876872698466,NA,0.48,NA,0.0233333333333333,0.0133333333333333,0.02,0.04,0.05,0.0466666666666667,0.0633333333333333,0.0633333333333333,0.0433333333333333,0.636666666666667
103,539.460212498408,549.531794271521,548.155433212484,576.398378991296,NA,0,0,0,0,NA,0,19.7446417808533,129.723944671949,0.186690902709961,0.220942850907644,NA,0.46,NA,0.02,0.02,0.0166666666666667,0.0566666666666667,0.0466666666666667,0.04,0.0533333333333333,0.0333333333333333,0.05,0.663333333333333
104,547.784721316857,553.64081051641,550.350150630732,570.976756130413,NA,0,0,0,0,NA,0,12.0195362567902,137.510781021913,0.277082161108653,0.278814848264058,NA,0.433333333333333,NA,0.04,0.0266666666666667,0.0133333333333333,0.0333333333333333,0.03,0.02,0.0233333333333333,0.0466666666666667,0.0433333333333333,0.723333333333333
105,546.361134330547,552.964465946382,552.227642949582,570.592975593654,NA,0,0,0,0,NA,0,19.5012862682343,145.273758343856,0.273884069919586,0.274009541670481,NA,0.376666666666667,NA,0.02,0.0166666666666667,0.0233333333333333,0.0433333333333333,0.0566666666666667,0.0333333333333333,0.0233333333333333,0.02,0.0466666666666667,0.716666666666667
106,553.666576236593,570.26275427296,557.153760279777,580.227075711147,NA,0,0,0,0,NA,0,19.5167620182037,88.0522287408511,0.26750396490097,0.272686755657196,NA,0.513333333333333,NA,0.0433333333333333,0.0266666666666667,0.00666666666666667,0.0466666666666667,0.04,0.0633333333333333,0.03,0.06,0.0433333333333333,0.64
107,537.707026515092,554.137713090108,548.243005880464,574.482873543399,NA,0,0,0,0,NA,0,15.767834186554,126.156757585208,0.270623588562012,0.258472998936971,NA,0.436666666666667,NA,0.02,0.03,0.0233333333333333,0.04,0.0366666666666667,0.0433333333333333,0.0433333333333333,0.0233333333333333,0.0566666666666667,0.683333333333333
108,548.428228266069,563.546014123191,553.506844549408,576.311330644886,NA,0,0,0,0,NA,0,16.0797460079193,142.741010014216,0.251965856552124,0.25185915629069,NA,0.443333333333333,NA,0.0133333333333333,0.0133333333333333,0.03,0.0333333333333333,0.04,0.0233333333333333,0.0366666666666667,0.03,0.04,0.74
109,539.078705090052,550.963253314856,549.431921144527,569.645643932216,NA,0,0,0,0,NA,0,15.9440586566925,138.398427291711,0.250339059034983,0.253072245915731,NA,0.43,NA,0.0333333333333333,0.03,0.0366666666666667,0.04,0.0333333333333333,0.03,0.05,0.0366666666666667,0.0433333333333333,0.666666666666667
110,544.265152434114,577.877359231475,550.450508009006,577.877359231475,NA,0,0,0,0,NA,0,11.3544888496399,147.048067347209,0.270964737733205,0.256335349877675,NA,0.456666666666667,NA,0.0266666666666667,0.0233333333333333,0.0333333333333333,0.0266666666666667,0.0233333333333333,0.03,0.0366666666666667,0.0533333333333333,0.0466666666666667,0.7
111,541.387282529982,552.875030449967,554.059381810982,578.69653505383,NA,0,0,0,0,NA,0,18.4178626537323,118.101622668902,0.271684753894806,0.258358772595723,NA,0.443333333333333,NA,0.0266666666666667,0.02,0.0133333333333333,0.0666666666666667,0.06,0.04,0.03,0.03,0.0166666666666667,0.696666666666667
112,545.977545509894,545.166322208987,554.85447386416,570.073021261603,NA,0,0,0,0,NA,0,16.5575907230377,146.013517459234,0.271645998954773,0.258692224820455,NA,0.46,NA,0.02,0.02,0.01,0.0466666666666667,0.0466666666666667,0.0433333333333333,0.0366666666666667,0.0266666666666667,0.0533333333333333,0.696666666666667
113,542.061214504027,560.40125222164,546.473641430005,567.764657141562,NA,0,0,0,0,NA,0,17.253429889679,100.88462010622,0.16967636346817,0.173066107432048,NA,0.486666666666667,NA,0.0333333333333333,0.0333333333333333,0.0233333333333333,0.0366666666666667,0.05,0.0566666666666667,0.0433333333333333,0.0433333333333333,0.04,0.64
114,542.622838788222,548.721771322099,552.281867148145,580.47701607299,NA,0,0,0,0,NA,0,16.3780207633972,124.738215033213,0.250382820765177,0.241596949100494,NA,0.403333333333333,NA,0.0166666666666667,0.0166666666666667,0.0166666666666667,0.0266666666666667,0.06,0.0266666666666667,0.04,0.0366666666666667,0.0366666666666667,0.723333333333333
115,541.051385885901,553.411493210487,547.527829893066,576.481708729968,NA,0,0,0,0,NA,0,16.6083126068115,141.672514879704,0.245375494162242,0.250355839729309,NA,0.43,NA,0.0266666666666667,0.00666666666666667,0.0266666666666667,0.0366666666666667,0.0366666666666667,0.03,0.05,0.04,0.0566666666666667,0.69
116,547.072491536811,553.658939524413,552.26788732688,571.012928277126,NA,0,0,0,0,NA,0,16.815913438797,124.492048152288,0.279102794329325,0.262126982212067,NA,0.416666666666667,NA,0.0166666666666667,0.0266666666666667,0.0166666666666667,0.0333333333333333,0.0266666666666667,0.03,0.0466666666666667,0.0266666666666667,0.0233333333333333,0.753333333333333
117,547.275436222798,542.161646460265,549.838179835159,576.894363392533,NA,0,0,0,0,NA,0,16.0812556743622,114.195829260349,0.260011180241903,0.259574596087138,NA,0.416666666666667,NA,0.0266666666666667,0.00666666666666667,0.02,0.04,0.0366666666666667,0.04,0.0366666666666667,0.0533333333333333,0.04,0.7
118,548.355469054261,572.083189558196,553.357084038262,580.144017852673,NA,0,0,0,0,NA,0,16.4519674777985,136.531629908085,0.25911332766215,0.270942314465841,NA,0.443333333333333,NA,0.0166666666666667,0.0233333333333333,0.02,0.0433333333333333,0.0633333333333333,0.0466666666666667,0.05,0.03,0.0366666666666667,0.67
119,554.435817559376,555.675273377564,549.628164216659,573.496815431254,NA,0,0,0,0,NA,0,16.5069601535797,114.182970086734,0.267509452501933,0.253368465105693,NA,0.426666666666667,NA,0.02,0.0233333333333333,0.02,0.0333333333333333,0.0466666666666667,0.0433333333333333,0.03,0.03,0.04,0.713333333333333
120,545.902896106363,549.843642897852,549.861442994027,572.918870188831,NA,0,0,0,0,NA,0,11.1564981937408,102.193104974429,0.250702691078186,0.259168807665507,NA,0.363333333333333,NA,0.0233333333333333,0.0233333333333333,0.0266666666666667,0.0266666666666667,0.03,0.05,0.0366666666666667,0.03,0.04,0.713333333333333
121,549.311602372964,545.316890932724,551.174100465993,571.57835337497,NA,0,0,0,0,NA,0,15.3335869312286,115.906363729636,0.253490928808848,0.246415988604228,NA,0.456666666666667,NA,0.02,0.0133333333333333,0.03,0.0166666666666667,0.04,0.0433333333333333,0.0433333333333333,0.05,0.04,0.703333333333333
122,550.605837151279,547.491924900676,551.654295129697,575.375928016164,NA,0,0,0,0,NA,0,16.4125330448151,113.075746254126,0.257594072818756,0.280478922526042,NA,0.463333333333333,NA,0.0266666666666667,0.0166666666666667,0.0333333333333333,0.03,0.03,0.0466666666666667,0.0433333333333333,0.0366666666666667,0.04,0.696666666666667
123,547.142978985859,569.602483288594,551.222196871385,575.095566119168,NA,0,0,0,0,NA,0,16.7569651603699,136.395890279611,0.258579460779826,0.267461268107096,NA,0.483333333333333,NA,0.0266666666666667,0.03,0.04,0.03,0.0433333333333333,0.0366666666666667,0.03,0.0466666666666667,0.0666666666666667,0.65
124,544.311742814078,552.27913187047,552.27913187047,575.667707713966,NA,0,0,0,0,NA,0,15.8499314785004,142.457087898254,0.263500420252482,0.252026029427846,NA,0.436666666666667,NA,0.0233333333333333,0.0133333333333333,0.03,0.04,0.0266666666666667,0.0433333333333333,0.05,0.0266666666666667,0.04,0.706666666666667
125,550.506355397782,558.313427247379,551.653347292763,576.263978057872,NA,0,0,0,0,NA,0,17.2128889560699,114.19573502938,0.264678287506104,0.259480822086334,NA,0.453333333333333,NA,0.0233333333333333,0.03,0.0366666666666667,0.03,0.02,0.0433333333333333,0.0466666666666667,0.0433333333333333,0.0266666666666667,0.7
126,545.137071870695,566.112285320168,547.523820060526,576.227222740581,NA,0,0,0,0,NA,0,16.569354057312,135.29876986742,0.178835821151733,0.178291551272074,NA,0.44,NA,0.01,0.03,0.0266666666666667,0.04,0.0266666666666667,0.0366666666666667,0.0366666666666667,0.06,0.0366666666666667,0.696666666666667
127,547.420707319582,551.676454382508,552.335830205225,578.591591642463,NA,0,0,0,0,NA,0,16.4957988262177,136.245221837362,0.252715003490448,0.245066448052724,NA,0.473333333333333,NA,0.0166666666666667,0.0333333333333333,0.0166666666666667,0.0333333333333333,0.04,0.0366666666666667,0.04,0.0566666666666667,0.0466666666666667,0.68
128,538.958576607211,568.513737354988,553.183109789721,573.042840327758,NA,0,0,0,0,NA,0,15.6285254955292,96.0876434763273,0.180904750029246,0.18283310731252,NA,0.436666666666667,NA,0.04,0.0266666666666667,0.0233333333333333,0.0266666666666667,0.0133333333333333,0.05,0.0533333333333333,0.0433333333333333,0.0533333333333333,0.67
129,545.794746311474,564.617735614428,548.638600121098,577.285462568482,NA,0,0,0,0,NA,0,17.8447725772858,139.934106981754,0.263844768206279,0.258363811175028,NA,0.38,NA,0.02,0.00666666666666667,0.0366666666666667,0.0166666666666667,0.04,0.03,0.0366666666666667,0.0433333333333333,0.0333333333333333,0.736666666666667
130,547.897784339911,544.858582901623,552.110924941964,577.050681686783,NA,0,0,0,0,NA,0,17.1909000873566,139.369645984968,0.256938036282857,0.25270764430364,NA,0.456666666666667,NA,0.0266666666666667,0.03,0.0333333333333333,0.0333333333333333,0.0233333333333333,0.0333333333333333,0.0433333333333333,0.0233333333333333,0.0466666666666667,0.706666666666667
131,542.190466284876,542.362529434958,545.797508369538,562.910129312857,NA,0,0,0,0,NA,0,15.8562352657318,110.208742054303,0.287843453884125,0.277823233604431,NA,0.413333333333333,NA,0.0133333333333333,0.03,0.0133333333333333,0.0233333333333333,0.0533333333333333,0.06,0.0466666666666667,0.03,0.0433333333333333,0.686666666666667
132,538.37726765146,551.246611702178,551.246611702178,578.580593907331,NA,0,0,0,0,NA,0,15.7740981578827,129.884072820346,0.180571333567301,0.190333080291748,NA,0.45,NA,0.0233333333333333,0.0266666666666667,0.02,0.0366666666666667,0.05,0.0333333333333333,0.06,0.05,0.0266666666666667,0.673333333333333
133,544.903576518141,561.16727339178,553.770504052681,576.679085834637,NA,0,0,0,0,NA,0,11.6446237564087,97.9106812914213,0.258704288800557,0.260554444789886,NA,0.463333333333333,NA,0.01,0.0366666666666667,0.02,0.0233333333333333,0.0333333333333333,0.0633333333333333,0.0366666666666667,0.0266666666666667,0.05,0.7
134,546.094573216265,551.622022042973,556.185427225954,574.206827255641,NA,0,0,0,0,NA,0,15.798018693924,139.712809371948,0.273462828000387,0.275172905127207,NA,0.463333333333333,NA,0.0266666666666667,0.0166666666666667,0.02,0.04,0.0366666666666667,0.0433333333333333,0.0466666666666667,0.0333333333333333,0.0333333333333333,0.703333333333333
135,551.40803853097,542.555739212077,551.105330562373,573.41315915856,NA,0,0,0,0,NA,0,10.95529961586,110.49025280873,0.257402928670247,0.2606014808019,NA,0.423333333333333,NA,0.0233333333333333,0.0333333333333333,0.0333333333333333,0.0166666666666667,0.0233333333333333,0.0333333333333333,0.0466666666666667,0.0433333333333333,0.0366666666666667,0.71
136,540.627784058944,563.97952271534,551.817867944338,572.934976683128,NA,0,0,0,0,NA,0,15.4850115776062,138.413387461503,0.247057028611501,0.244214959939321,NA,0.413333333333333,NA,0.03,0.0166666666666667,0.02,0.0366666666666667,0.0366666666666667,0.04,0.0333333333333333,0.0266666666666667,0.0333333333333333,0.726666666666667
137,545.778505867523,580.356566650002,555.832410624067,578.640026347783,NA,0,0,0,0,NA,0,16.5693778991699,124.720146063964,0.280907773971558,0.272128041585286,NA,0.386666666666667,NA,0.0166666666666667,0.0133333333333333,0.0133333333333333,0.0366666666666667,0.0366666666666667,0.0433333333333333,0.0433333333333333,0.0233333333333333,0.05,0.723333333333333
138,552.215712574691,552.510018517654,552.510018517654,574.383176177936,NA,0,0,0,0,NA,0,17.2544553279877,141.209924709797,0.287199433644613,0.284292570749919,NA,0.44,NA,0.0266666666666667,0.0166666666666667,0.0366666666666667,0.0333333333333333,0.0466666666666667,0.0466666666666667,0.0466666666666667,0.0266666666666667,0.0466666666666667,0.673333333333333
139,539.274034729768,563.639522259458,558.28257200648,577.727222926555,NA,0,0,0,0,NA,0,11.8433322906494,100.777796860536,0.179431144396464,0.177805185317993,NA,0.376666666666667,NA,0.0233333333333333,0.0266666666666667,0.0266666666666667,0.03,0.04,0.04,0.0533333333333333,0.0366666666666667,0.0266666666666667,0.696666666666667
140,549.867988153344,583.134016902036,552.99940096609,573.541817753699,NA,0,0,0,0,NA,0,17.134215593338,145.703629084428,0.259404587745666,0.247215457757314,NA,0.396666666666667,NA,0.02,0.0166666666666667,0.0166666666666667,0.03,0.01,0.03,0.05,0.0366666666666667,0.0266666666666667,0.763333333333333
141,544.068976724267,548.25063415925,550.158249572844,566.833255503292,NA,0,0,0,0,NA,0,16.9179120063782,122.789513508479,0.266755886872609,0.261163942019145,NA,0.443333333333333,NA,0.00333333333333333,0.0166666666666667,0.0333333333333333,0.0333333333333333,0.0566666666666667,0.0366666666666667,0.08,0.0266666666666667,0.0433333333333333,0.67
142,542.508303694396,569.922789912726,553.475591447998,575.50394918051,NA,0,0,0,0,NA,0,15.859575510025,107.594578659534,0.253508559862773,0.245655687650045,NA,0.443333333333333,NA,0.0233333333333333,0.0166666666666667,0.0233333333333333,0.0366666666666667,0.0466666666666667,0.0533333333333333,0.06,0.03,0.0433333333333333,0.666666666666667
143,539.738150323727,558.692945022077,558.564791449138,578.541852410466,NA,0,0,0,0,NA,0,15.8803336620331,100.772307018439,0.261651599407196,0.258046877384186,NA,0.48,NA,0.03,0.02,0.0333333333333333,0.0266666666666667,0.04,0.0533333333333333,0.05,0.0466666666666667,0.03,0.67
144,543.244193149668,576.700587565806,549.170573544764,574.434750310309,NA,0,0,0,0,NA,0,16.5068321228027,103.442897168795,0.253431487083435,0.254099158445994,NA,0.413333333333333,NA,0.0133333333333333,0.0333333333333333,0.0366666666666667,0.0366666666666667,0.04,0.0333333333333333,0.04,0.04,0.03,0.696666666666667
145,544.665056506888,564.376834660006,551.011049967898,573.677115640118,NA,0,0,0,0,NA,0,17.5665464401245,88.3473348697027,0.168007377783457,0.167842896779378,NA,0.44,NA,0.02,0.01,0.0233333333333333,0.0433333333333333,0.0633333333333333,0.0233333333333333,0.04,0.02,0.05,0.706666666666667
146,536.969633776611,562.713369718667,556.429541923216,576.133188404781,NA,0,0,0,0,NA,0,11.4301338195801,106.593968776862,0.185054103533427,0.18463058869044,NA,0.45,NA,0.0166666666666667,0.0233333333333333,0.0266666666666667,0.0366666666666667,0.03,0.0466666666666667,0.0533333333333333,0.0533333333333333,0.0466666666666667,0.666666666666667
147,546.30402929844,553.202745427315,553.202745427315,570.087793970377,NA,0,0,0,0,NA,0,15.6221740245819,87.2049827774366,0.176515384515127,0.176414354642232,NA,0.436666666666667,NA,0.0233333333333333,0.0166666666666667,0.0266666666666667,0.05,0.0333333333333333,0.0433333333333333,0.0433333333333333,0.0633333333333333,0.0233333333333333,0.676666666666667
148,546.364231581903,562.929219726431,549.665936240651,576.903445650217,NA,0,0,0,0,NA,0,16.3337709903717,115.442091075579,0.185258813699087,0.170455821355184,NA,0.353333333333333,NA,0.03,0.03,0.03,0.0333333333333333,0.04,0.03,0.0433333333333333,0.0333333333333333,0.02,0.71
149,543.274456469121,575.478568925047,553.030833188763,573.824067138417,NA,0,0,0,0,NA,0,15.5154871940613,123.442416294416,0.257062609990438,0.257678258419037,NA,0.43,NA,0.0366666666666667,0.0133333333333333,0.0233333333333333,0.03,0.03,0.04,0.0366666666666667,0.0366666666666667,0.0533333333333333,0.7
150,542.472528941137,558.604480425528,548.823161043903,579.717745484634,NA,0,0,0,0,NA,0,16.2067110538483,59.5160269896189,0.162911951541901,0.162969227631887,NA,0.38,NA,0.03,0.0233333333333333,0.0166666666666667,0.0333333333333333,0.0133333333333333,0.0466666666666667,0.04,0.0266666666666667,0.05,0.72
