"no","observed","IHsurvrf","trt1","trt0","trueopt","avg.prop.match.opt.obs","avg.prop.match.opt.IHsurvrf","avg.prop.match.opt.trt1","avg.prop.match.opt.trt0","avg.prop.match.opt.trueopt","change.integral","time.obs","time.IHsurvrf","time.trt1","time.trt0","time.trueopt","proportion.censor","num.convergence.it","n_1","n_2","n_3","n_4","n_5","n_6","n_7","n_8","n_9","n_10","n_11","n_12","n_13","n_14","n_15"
151,1007.41431746583,1037.48357464871,1064.49149076325,1067.08362895845,NA,0,0,0,0,NA,0,25.6170916557312,992.621274447441,0.433540260791779,0.480784293015798,NA,0.512,NA,0.006,0.008,0.012,0.022,0.028,0.052,0.03,0.038,0.03,0.03,0.036,0.036,0.026,0.026,0.62
152,1012.61316373664,1054.02059731602,1078.54164544716,1062.91224266354,NA,0,0,0,0,NA,0,25.9170908927917,1143.02548511028,0.522862958908081,0.500375922520955,NA,0.52,NA,0.006,0.004,0.01,0.024,0.03,0.04,0.042,0.038,0.038,0.024,0.032,0.028,0.02,0.03,0.634
153,1001.45045588923,999.3811587007,1066.09600832763,1061.04646013356,NA,0,0,0,0,NA,0,17.0758180618286,1164.01961738666,0.460789601008097,0.469114963213603,NA,0.548,NA,0.006,0.002,0.008,0.012,0.03,0.044,0.044,0.04,0.026,0.032,0.036,0.034,0.022,0.018,0.646
154,1010.64121444151,1015.66858543874,1073.17769306785,1067.64638583043,NA,0,0,0,0,NA,0,26.0422687530518,1168.05404038429,0.458133447170258,0.453686412175496,NA,0.526,NA,0.006,0.01,0.012,0.018,0.022,0.036,0.05,0.028,0.034,0.024,0.03,0.038,0.024,0.038,0.63
155,1008.10639246585,1045.24274929721,1069.48393252362,1063.99631341674,NA,0,0,0,0,NA,0,23.0948417186737,884.648668523629,0.304401199022929,0.33395897547404,NA,0.476,NA,0.004,0.012,0.002,0.02,0.024,0.04,0.03,0.026,0.032,0.03,0.026,0.036,0.026,0.022,0.67
156,998.849579699443,1043.23562859269,1073.81126059357,1071.08742532279,NA,0,0,0,0,NA,0,31.1594157218933,1166.87114245892,0.442801324526469,0.423542201519012,NA,0.494,NA,0.018,0,0.004,0.02,0.034,0.026,0.04,0.036,0.038,0.032,0.042,0.03,0.028,0.016,0.636
157,1004.15859765266,1056.64847974118,1077.45409636339,1067.45018871277,NA,0,0,0,0,NA,0,32.6228423118591,1036.20480077267,0.260425146420797,0.253100089232127,NA,0.532,NA,0.006,0.012,0.01,0.014,0.032,0.034,0.038,0.026,0.024,0.02,0.03,0.044,0.056,0.03,0.624
158,1004.96205928308,1031.39492107196,1062.6617585966,1068.13314627822,NA,0,0,0,0,NA,0,38.9819703102112,1148.14339988629,0.403561588128408,0.404681837558746,NA,0.518,NA,0.002,0.002,0.014,0.02,0.026,0.034,0.024,0.038,0.022,0.05,0.04,0.028,0.028,0.028,0.644
159,1003.21747936811,1037.71427778015,1071.24495852676,1064.48666992727,NA,0,0,0,0,NA,0,29.1336617469788,1285.51393925746,0.397639151414235,0.376871677239736,NA,0.464,NA,0.004,0.002,0.014,0.014,0.04,0.024,0.028,0.05,0.016,0.026,0.028,0.022,0.018,0.04,0.674
160,1008.77874334946,1009.13313596703,1068.81899466926,1059.45203711663,NA,0,0,0,0,NA,0,21.8639583587646,854.039769840241,0.593547399838765,0.480915065606435,NA,0.494,NA,0.01,0.002,0.008,0.014,0.032,0.038,0.038,0.036,0.022,0.02,0.024,0.032,0.024,0.028,0.672
161,1007.46491023177,1051.48119416281,1064.30685484975,1060.94743959306,NA,0,0,0,0,NA,0,28.0184907913208,895.609094460805,0.375071807702382,0.378388929367065,NA,0.498,NA,0.008,0.018,0.01,0.036,0.024,0.034,0.032,0.032,0.03,0.046,0.032,0.034,0.042,0.032,0.59
162,1007.35747175302,1062.44876136068,1069.80168626756,1063.00327594739,NA,0,0,0,0,NA,0,17.235002040863,641.946694676081,0.264275443553925,0.262228385607402,NA,0.502,NA,0.008,0.006,0.014,0.034,0.032,0.028,0.036,0.036,0.03,0.016,0.036,0.018,0.036,0.02,0.65
163,1000.63479217997,1051.6516130672,1071.22017667131,1066.26918758014,NA,0,0,0,0,NA,0,26.6324772834778,1013.93051043749,0.383836483955383,0.373485132058462,NA,0.504,NA,0.002,0.002,0.006,0.024,0.022,0.032,0.03,0.042,0.03,0.022,0.028,0.038,0.016,0.04,0.666
164,1005.99161794254,1038.24530666107,1074.38308143867,1054.82062734311,NA,0,0,0,0,NA,0,25.0445740222931,1017.28572490215,0.378262229760488,0.380824319521586,NA,0.538,NA,0.006,0.004,0.004,0.02,0.016,0.042,0.04,0.042,0.038,0.04,0.032,0.026,0.02,0.038,0.632
165,1003.35639480481,1069.18071655378,1069.01849395714,1064.98047867809,NA,0,0,0,0,NA,0,32.4225537776947,963.473961249987,0.37832179069519,0.374085672696432,NA,0.458,NA,0.006,0.006,0.002,0.014,0.04,0.03,0.032,0.028,0.036,0.048,0.03,0.03,0.012,0.022,0.664
166,1004.37056876851,1055.63177948928,1065.93272757281,1067.95851679667,NA,0,0,0,0,NA,0,24.3375086784363,1006.47364605268,0.371493216355642,0.355107680956523,NA,0.478,NA,0.006,0.012,0.01,0.022,0.02,0.03,0.048,0.014,0.032,0.036,0.028,0.032,0.03,0.038,0.642
167,1000.30391509884,1067.80728350045,1069.74663245044,1061.20166441112,NA,0,0,0,0,NA,0,16.8000948429108,641.933751706282,0.387960906823476,0.377603363990784,NA,0.522,NA,0.01,0.006,0.006,0.02,0.038,0.034,0.048,0.032,0.036,0.032,0.038,0.014,0.04,0.028,0.618
168,1011.38823512991,1053.0814182667,1076.16989043454,1063.98190001938,NA,0,0,0,0,NA,0,24.1913602352142,953.92480386893,0.37036292552948,0.363903792699178,NA,0.484,NA,0.002,0.004,0.008,0.018,0.048,0.028,0.022,0.03,0.03,0.036,0.034,0.034,0.034,0.032,0.64
169,1008.89814362076,1049.4787407765,1070.07601856467,1064.48237371858,NA,0,0,0,0,NA,0,25.0796823501587,807.215866148472,0.262650688489278,0.259280935923258,NA,0.492,NA,0.006,0.008,0.01,0.022,0.028,0.05,0.04,0.026,0.032,0.034,0.036,0.034,0.036,0.022,0.616
170,1004.04463945788,1008.2819481093,1071.9255420098,1063.28238319364,NA,0,0,0,0,NA,0,25.8742334842682,849.190185765425,0.26262434720993,0.262418870131175,NA,0.502,NA,0.008,0.008,0.012,0.022,0.028,0.03,0.054,0.032,0.044,0.024,0.024,0.03,0.026,0.044,0.614
171,999.739894940656,1053.2091687419,1068.41401856391,1059.996978793,NA,0,0,0,0,NA,0,24.0575113296509,604.869184231758,0.265116115411123,0.258742344379425,NA,0.542,NA,0.01,0.008,0.008,0.016,0.038,0.034,0.04,0.036,0.034,0.036,0.046,0.04,0.026,0.026,0.602
172,1004.28078757999,1055.34865708912,1066.9222703172,1064.8806188549,NA,0,0,0,0,NA,0,25.6152534484863,825.818795609474,0.262586418787638,0.252416042486827,NA,0.472,NA,0.004,0.006,0.004,0.022,0.016,0.038,0.034,0.038,0.036,0.036,0.022,0.044,0.026,0.032,0.642
173,1007.98896697185,1051.51412965699,1073.39714969004,1069.10144242027,NA,0,0,0,0,NA,0,25.0218231678009,540.848571733634,0.254953523476919,0.252669477462769,NA,0.522,NA,0.004,0.008,0.006,0.024,0.028,0.036,0.042,0.02,0.044,0.032,0.044,0.058,0.026,0.02,0.608
174,1014.96208629235,1043.01804895876,1067.0539252016,1063.84568755017,NA,0,0,0,0,NA,0,16.9655754566193,540.023139973482,0.258081905047099,0.257051547368367,NA,0.488,NA,0.004,0.004,0.01,0.026,0.02,0.036,0.064,0.028,0.038,0.024,0.042,0.034,0.028,0.018,0.624
175,1005.11455869004,1045.93084093554,1071.68904642986,1068.53612911535,NA,0,0,0,0,NA,0,17.6062488555908,555.614489452044,0.265582839647929,0.257093354066213,NA,0.552,NA,0.002,0.006,0.004,0.028,0.03,0.034,0.052,0.032,0.03,0.032,0.032,0.028,0.042,0.02,0.628
