"no","observed","IHsurvrf","trt1","trt0","trueopt","avg.prop.match.opt.obs","avg.prop.match.opt.IHsurvrf","avg.prop.match.opt.trt1","avg.prop.match.opt.trt0","avg.prop.match.opt.trueopt","change.integral","time.obs","time.IHsurvrf","time.trt1","time.trt0","time.trueopt","proportion.censor","num.convergence.it","n_1","n_2","n_3","n_4","n_5","n_6","n_7","n_8","n_9","n_10","n_11","n_12","n_13","n_14","n_15"
176,1010.48435016475,1052.93577969299,1070.25386547026,1063.94571774708,NA,0,0,0,0,NA,0,39.6846203804016,1809.37688997984,0.577049434185028,0.564330287774404,NA,0.51,NA,0.01,0.008,0.004,0.012,0.022,0.038,0.044,0.034,0.032,0.04,0.036,0.026,0.034,0.032,0.628
177,993.121423315043,1047.00489640887,1069.13949510409,1062.47595767766,NA,0,0,0,0,NA,0,39.2035248279572,1655.15291879972,0.606333061059316,0.591818034648895,NA,0.516,NA,0.002,0.008,0.008,0.008,0.052,0.032,0.046,0.04,0.038,0.034,0.028,0.016,0.014,0.038,0.636
178,1001.07302728685,1045.58750863147,1073.79297364661,1069.72065042184,NA,0,0,0,0,NA,0,38.0669848918915,1610.72505903244,0.581079312165578,0.579972755908966,NA,0.49,NA,0.014,0.008,0.01,0.01,0.032,0.034,0.026,0.03,0.054,0.02,0.044,0.022,0.022,0.026,0.648
180,1001.89525692884,1024.57573434207,1075.79290809617,1059.35924898934,NA,0,0,0,0,NA,0,39.4118463993073,1671.32120539347,0.577661228179932,0.579408037662506,NA,0.53,NA,0.002,0.01,0.01,0.022,0.03,0.032,0.026,0.03,0.038,0.042,0.058,0.04,0.022,0.026,0.612
181,995.797332583032,1051.34446064993,1071.92863791592,1056.83105488588,NA,0,0,0,0,NA,0,37.3780207633972,1603.86372478008,0.603209773699443,0.608500901858012,NA,0.51,NA,0.01,0.006,0.004,0.016,0.036,0.028,0.044,0.046,0.036,0.038,0.03,0.024,0.042,0.028,0.612
182,1004.68104441744,1059.95886068206,1073.29086267098,1056.24092417653,NA,0,0,0,0,NA,0,40.2566087245941,2189.75167938471,0.642547575632731,0.607864185174306,NA,0.496,NA,0.002,0.012,0.01,0.018,0.016,0.032,0.038,0.024,0.034,0.03,0.034,0.03,0.022,0.038,0.66
183,1013.88160700101,1039.42786588716,1076.40531808031,1057.97527220184,NA,0,0,0,0,NA,0,39.1862952709198,1530.87887626489,0.61313267548879,0.608110467592875,NA,0.506,NA,0.012,0.012,0.012,0.024,0.032,0.042,0.042,0.018,0.044,0.04,0.032,0.044,0.024,0.024,0.598
185,1009.80897581097,1020.60380721517,1077.02079711211,1062.1947363615,NA,0,0,0,0,NA,0,39.0540540218353,1515.19514927069,0.578823331991831,0.581602044900258,NA,0.568,NA,0.004,0.01,0.008,0.024,0.032,0.038,0.028,0.03,0.044,0.03,0.04,0.042,0.04,0.026,0.604
186,1008.86075695673,1023.17977415354,1070.22648436856,1064.26941769661,NA,0,0,0,0,NA,0,40.4448328018188,1866.55681167444,0.640211760997772,0.63493591149648,NA,0.506,NA,0.006,0.004,0.01,0.016,0.024,0.026,0.032,0.03,0.042,0.042,0.034,0.034,0.024,0.032,0.644
187,1010.76805409938,1038.0407897037,1076.90116203412,1069.1436983618,NA,0,0,0,0,NA,0,41.6261823177338,1933.26686818997,0.627157366275787,0.608270839850108,NA,0.524,NA,0.006,0.008,0.004,0.024,0.028,0.044,0.036,0.018,0.044,0.036,0.022,0.028,0.042,0.018,0.642
188,1004.26582765028,1058.56988883211,1064.24037443074,1063.26565528651,NA,0,0,0,0,NA,0,41.5891492366791,1916.23208053509,0.62252424955368,0.639706703027089,NA,0.504,NA,0.008,0.006,0.006,0.01,0.038,0.016,0.028,0.042,0.03,0.036,0.036,0.032,0.024,0.03,0.658
190,1007.99821416178,1054.73333875596,1066.55435183761,1063.61746718554,NA,0,0,0,0,NA,0,39.8298969268799,1681.2290430069,0.631911997000376,0.633201269308726,NA,0.53,NA,0.006,0.008,0.014,0.018,0.04,0.032,0.034,0.028,0.042,0.03,0.038,0.032,0.034,0.032,0.612
191,1003.2522893474,1061.40531047648,1070.04020862947,1074.23131435034,NA,0,0,0,0,NA,0,41.0489363670349,1917.9988502264,0.602887622515361,0.602941314379374,NA,0.498,NA,0.008,0.002,0.006,0.012,0.028,0.026,0.028,0.042,0.028,0.04,0.044,0.024,0.036,0.034,0.642
192,1005.20750265677,1046.99147994249,1065.22764195913,1054.35378480674,NA,0,0,0,0,NA,0,41.3882758617401,1980.98422249556,0.623155637582143,0.602037886778514,NA,0.466,NA,0.004,0.006,0.012,0.014,0.028,0.02,0.032,0.038,0.024,0.03,0.034,0.024,0.012,0.024,0.698
193,1010.00110467411,1034.65869957497,1076.84741298315,1063.67420905465,NA,0,0,0,0,NA,0,41.6360282897949,1833.6460411191,0.629181798299154,0.63480642636617,NA,0.514,NA,0.006,0.004,0.008,0.028,0.042,0.026,0.032,0.032,0.034,0.036,0.026,0.024,0.034,0.038,0.63
195,1014.89289414076,1045.17458699544,1072.36710527584,1063.01240052734,NA,0,0,0,0,NA,0,42.1590254306793,1908.69963539839,0.636834458510081,0.620867009957631,NA,0.498,NA,0.002,0.004,0.016,0.018,0.022,0.04,0.03,0.04,0.036,0.036,0.032,0.02,0.034,0.028,0.642
196,1003.01801884119,1047.72153052715,1071.12968890111,1063.9936251337,NA,0,0,0,0,NA,0,41.3342113494873,1871.23136561314,0.583080494403839,0.56136474609375,NA,0.514,NA,0.002,0.004,0.012,0.016,0.028,0.028,0.036,0.03,0.046,0.018,0.032,0.038,0.016,0.016,0.678
197,1012.45822768699,1018.28357991792,1069.50532427919,1058.65682288413,NA,0,0,0,0,NA,0,40.3700289726257,1680.05887289842,0.599188959598541,0.588948063055674,NA,0.518,NA,0.008,0.008,0.012,0.01,0.048,0.034,0.042,0.05,0.02,0.028,0.032,0.04,0.028,0.024,0.616
198,1001.92148682322,1044.525132903,1067.99858962852,1064.97793591135,NA,0,0,0,0,NA,0,42.8779060840607,1864.1961590608,0.579432622591655,0.575226926803589,NA,0.47,NA,0.01,0.008,0.006,0.022,0.036,0.022,0.032,0.034,0.026,0.03,0.038,0.036,0.026,0.03,0.644
200,1005.16924657589,1029.40078713003,1068.05679489994,1063.95362823445,NA,0,0,0,0,NA,0,42.2245941162109,1865.88808219433,0.636053864161173,0.627776404221853,NA,0.512,NA,0.012,0.006,0.004,0.026,0.032,0.028,0.036,0.032,0.04,0.026,0.03,0.038,0.034,0.032,0.624
