"no","observed","IHsurvrf","trt1","trt0","trueopt","avg.prop.match.opt.obs","avg.prop.match.opt.IHsurvrf","avg.prop.match.opt.trt1","avg.prop.match.opt.trt0","avg.prop.match.opt.trueopt","change.integral","time.obs","time.IHsurvrf","time.trt1","time.trt0","time.trueopt","proportion.censor","num.convergence.it","n_1","n_2","n_3","n_4","n_5","n_6","n_7","n_8","n_9","n_10"
1,474.618010912722,506.667198900782,489.265689247,508.254518043016,NA,0,0,0,0,NA,0,45.4651081562042,431.729103763898,0.413603524367015,0.400884441534678,NA,0.278,NA,0.016,0.026,0.012,0.028,0.024,0.034,0.036,0.038,0.03,0.756
3,479.757244929038,481.825013134645,482.285259911907,509.043709880155,NA,0,0,0,0,NA,0,45.288731098175,667.006227056185,0.756362581253052,0.759660243988037,NA,0.264,NA,0.018,0.024,0.016,0.02,0.04,0.042,0.032,0.044,0.036,0.728
4,482.336763483309,517.035530022469,486.408387832198,503.26063289073,NA,0,0,0,0,NA,0,25.9423041343689,619.724005301793,0.791167859236399,0.817521691322327,NA,0.294,NA,0.02,0.014,0.022,0.036,0.052,0.044,0.05,0.03,0.04,0.692
5,478.071118968429,503.878533167027,491.698002794445,518.255842047697,NA,0,0,0,0,NA,0,45.2783155441284,654.857327465216,0.781413396199544,0.812224499384562,NA,0.28,NA,0.018,0.026,0.018,0.022,0.048,0.046,0.028,0.048,0.028,0.718
6,475.98992011561,477.515572407152,487.939531677367,506.960671774073,NA,0,0,0,0,NA,0,46.1026217937469,661.065466237068,0.788013231754303,0.787630728880564,NA,0.252,NA,0.01,0.016,0.028,0.038,0.032,0.034,0.036,0.036,0.032,0.738
7,470.976476595523,504.73217913104,487.710180072748,505.786046412212,NA,0,0,0,0,NA,0,45.4793133735657,677.839033106963,0.800873680909475,0.776887122790019,NA,0.258,NA,0.02,0.01,0.02,0.014,0.026,0.04,0.028,0.05,0.03,0.762
8,476.625870011208,483.106511323485,480.234699592731,504.249809613485,NA,0,0,0,0,NA,0,26.1382253170013,537.483736185233,0.727974041302999,0.738336837291718,NA,0.256,NA,0.014,0.02,0.016,0.034,0.034,0.04,0.036,0.044,0.032,0.73
10,482.514862327191,493.054081834217,486.759070074039,505.694503407281,NA,0,0,0,0,NA,0,50.9466590881348,446.731197746595,0.373317734400431,0.365360101064046,NA,0.24,NA,0.012,0.016,0.016,0.032,0.026,0.046,0.054,0.042,0.038,0.718
11,477.999031293221,497.113388023186,492.750093749287,508.129059940178,NA,0,0,0,0,NA,0,53.9111714363098,554.663460258643,0.737502058347066,0.725772519906362,NA,0.282,NA,0.004,0.022,0.026,0.038,0.054,0.04,0.066,0.032,0.032,0.686
12,480.052268356486,509.390991648154,488.801391747413,513.216138790702,NA,0,0,0,0,NA,0,53.202873468399,545.948028794924,0.696209577719371,0.686835936705271,NA,0.282,NA,0.016,0.018,0.016,0.03,0.036,0.036,0.036,0.042,0.038,0.732
13,474.569019738927,471.345286264977,496.290206532275,507.104352267344,NA,0,0,0,0,NA,0,52.7467415332794,449.031921561559,0.372431751092275,0.35985213915507,NA,0.306,NA,0.012,0.02,0.016,0.026,0.05,0.03,0.034,0.04,0.038,0.734
14,471.171479082278,496.105682465274,488.153264794281,506.651701441751,NA,0,0,0,0,NA,0,50.171783208847,542.616757444541,0.716110857327779,0.706787661711375,NA,0.294,NA,0.012,0.022,0.014,0.034,0.028,0.028,0.03,0.046,0.028,0.758
15,475.505614688068,493.694183439417,486.610457274875,507.55222715761,NA,0,0,0,0,NA,0,50.3743267059326,548.069050614039,0.738741870721181,0.754107288519541,NA,0.276,NA,0.01,0.024,0.02,0.026,0.04,0.03,0.036,0.036,0.042,0.736
17,477.766231512378,477.540714986188,485.434420199623,510.380918287174,NA,0,0,0,0,NA,0,24.3384277820587,333.705251991749,0.396025153001149,0.382029298941294,NA,0.282,NA,0.01,0.01,0.008,0.038,0.028,0.032,0.04,0.046,0.038,0.75
18,478.985413713333,510.478715782774,485.686185218195,509.449308533385,NA,0,0,0,0,NA,0,47.084862947464,542.626499092579,0.785607854525248,0.769579780101776,NA,0.292,NA,0.016,0.024,0.016,0.02,0.038,0.06,0.038,0.042,0.034,0.712
19,473.873626013026,485.768572124477,483.075136173773,508.032812645796,NA,0,0,0,0,NA,0,45.1553087234497,540.362117211024,0.759319941202799,0.739905869960785,NA,0.246,NA,0.012,0.02,0.02,0.046,0.022,0.056,0.042,0.042,0.034,0.706
20,479.057991279045,490.08896476684,485.243520787475,508.958438895099,NA,0,0,0,0,NA,0,23.1006717681885,320.049610459805,0.38050563732783,0.369279567400614,NA,0.246,NA,0.012,0.01,0.022,0.032,0.026,0.05,0.05,0.04,0.036,0.722
21,470.792550519398,471.23213117881,489.036696479081,513.609310756812,NA,0,0,0,0,NA,0,46.1057896614075,540.297629280885,0.778337693214416,0.76182158390681,NA,0.296,NA,0.01,0.02,0.03,0.02,0.042,0.036,0.042,0.042,0.056,0.702
22,474.372453800819,489.000842879189,485.762243057291,507.423599784487,NA,0,0,0,0,NA,0,50.3830788135529,569.852712655067,0.758269580205282,0.756971975167592,NA,0.276,NA,0.016,0.022,0.01,0.028,0.03,0.032,0.038,0.042,0.04,0.742
24,476.999700128332,502.681675381727,495.093285694436,511.81086505593,NA,0,0,0,0,NA,0,25.1787931919098,337.95591892004,0.40148777961731,0.390810028711955,NA,0.256,NA,0.016,0.014,0.018,0.036,0.026,0.04,0.03,0.044,0.034,0.742
25,478.478649375022,493.675093099232,485.154870478653,511.883256872102,NA,0,0,0,0,NA,0,49.8158915042877,554.314291727543,0.741117135683696,0.722955119609833,NA,0.282,NA,0.018,0.02,0.018,0.036,0.046,0.04,0.048,0.032,0.026,0.716
26,482.445494430913,505.07472074356,487.763614302539,514.034642553431,NA,0,0,0,0,NA,0,48.4482824802399,540.162499050299,0.741806157430013,0.733119662602743,NA,0.266,NA,0.016,0.018,0.024,0.032,0.038,0.054,0.044,0.03,0.036,0.708
27,472.964683645275,490.190830728208,492.075881760087,515.043472313519,NA,0,0,0,0,NA,0,24.3707151412964,324.956488815943,0.383111262321472,0.387327222029368,NA,0.308,NA,0.018,0.018,0.026,0.026,0.036,0.046,0.048,0.044,0.054,0.684
28,472.797380599171,495.450777938655,490.419198181196,510.352038122073,NA,0,0,0,0,NA,0,48.8448314666748,529.85555528005,0.76068989833196,0.741167922814687,NA,0.272,NA,0.02,0.024,0.014,0.038,0.052,0.042,0.054,0.052,0.046,0.658
29,478.259294550316,501.677367885265,485.200130412797,507.612331933677,NA,0,0,0,0,NA,0,46.6289348602295,575.352139604092,0.744351597627004,0.744141165415446,NA,0.288,NA,0.014,0.018,0.016,0.026,0.034,0.04,0.038,0.05,0.04,0.724
31,479.645603127074,498.976766313585,490.113329661694,509.08947407857,NA,0,0,0,0,NA,0,25.5873773097992,337.378914348284,0.373830715815226,0.366684166590373,NA,0.308,NA,0.022,0.014,0.022,0.014,0.024,0.042,0.03,0.052,0.036,0.744
32,478.875345962076,503.635490085729,488.105761398546,510.926473784428,NA,0,0,0,0,NA,0,45.5349378585815,542.205661408106,0.389173126220703,0.379006373882294,NA,0.276,NA,0.004,0.02,0.012,0.032,0.036,0.058,0.032,0.042,0.052,0.712
33,480.41344778196,519.637386720306,497.861771590507,518.601693198435,NA,0,0,0,0,NA,0,48.7851896286011,506.074966708819,0.381463619073232,0.374566765626272,NA,0.3,NA,0.024,0.024,0.022,0.042,0.038,0.028,0.034,0.026,0.038,0.724
34,475.054509403267,496.019430984549,489.706327305133,521.216484819702,NA,0,0,0,0,NA,0,25.9546053409576,329.016033184528,0.387044437726339,0.375675173600515,NA,0.262,NA,0.022,0.018,0.018,0.016,0.032,0.064,0.046,0.056,0.042,0.686
35,479.183377985607,490.998909544298,482.888698443136,505.557564864092,NA,0,0,0,0,NA,0,48.832635641098,523.085763589541,0.395352760950724,0.387162828445435,NA,0.288,NA,0.016,0.016,0.016,0.022,0.024,0.03,0.034,0.032,0.068,0.742
36,473.430140194576,516.00848784777,490.080611566926,515.01006825353,NA,0,0,0,0,NA,0,50.179319858551,390.254760682583,0.379989937941233,0.375323271751404,NA,0.288,NA,0.014,0.014,0.01,0.028,0.042,0.036,0.046,0.038,0.032,0.74
38,477.288833543652,487.521775489255,485.687888265675,514.135217001106,NA,0,0,0,0,NA,0,24.4586780071259,344.025998810927,0.395310990015666,0.379795130093892,NA,0.276,NA,0.016,0.028,0.016,0.026,0.036,0.044,0.048,0.042,0.04,0.704
39,472.132551282754,489.45119782996,489.691319025825,514.053479947426,NA,0,0,0,0,NA,0,24.7510778903961,326.266949252288,0.378808641433716,0.374061226844788,NA,0.316,NA,0.016,0.012,0.016,0.044,0.042,0.052,0.026,0.04,0.048,0.704
40,476.516207109613,509.426149217336,490.851105034948,506.845509435657,NA,0,0,0,0,NA,0,24.7048456668854,330.878246176243,0.377190732955933,0.38965790271759,NA,0.3,NA,0.02,0.026,0.02,0.036,0.028,0.044,0.04,0.05,0.04,0.696
41,476.657338702301,504.469589716688,492.804473545162,505.804184416033,NA,0,0,0,0,NA,0,24.7017557621002,334.54998661677,0.396127911408742,0.386744435628255,NA,0.3,NA,0.012,0.022,0.012,0.028,0.036,0.044,0.046,0.044,0.042,0.714
42,481.589198733327,491.093942844251,492.622353534045,511.463150214188,NA,0,0,0,0,NA,0,25.3801248073578,331.917215939363,0.392685890197754,0.382125544548035,NA,0.292,NA,0.022,0.006,0.028,0.02,0.028,0.048,0.048,0.034,0.05,0.716
43,468.671263063673,497.62128840385,489.917390800781,512.045917953076,NA,0,0,0,0,NA,0,24.7858624458313,332.67136619091,0.388169503211975,0.376954404513041,NA,0.298,NA,0.02,0.02,0.016,0.022,0.036,0.048,0.036,0.04,0.048,0.714
45,474.94755067799,495.495115583726,486.869156128384,513.891300909233,NA,0,0,0,0,NA,0,24.7341001033783,327.073167586327,0.377759106953939,0.374678754806519,NA,0.254,NA,0.032,0.026,0.022,0.028,0.028,0.034,0.038,0.028,0.046,0.718
46,478.694406707132,493.802930530924,492.407818031884,510.976468087573,NA,0,0,0,0,NA,0,25.3013682365417,320.142916738987,0.37198760509491,0.372757947444916,NA,0.266,NA,0.03,0.018,0.012,0.026,0.04,0.046,0.054,0.046,0.052,0.676
47,475.270282242682,500.290809802863,487.663545028402,511.069767040302,NA,0,0,0,0,NA,0,25.1636526584625,336.387071700891,0.386144256591797,0.375225873788198,NA,0.256,NA,0.012,0.012,0.02,0.026,0.036,0.04,0.04,0.04,0.038,0.736
48,473.049518051059,494.800229037514,480.842120523092,508.599217778463,NA,0,0,0,0,NA,0,25.0447702407837,329.076840742429,0.397188166777293,0.391575932502747,NA,0.254,NA,0.02,0.02,0.014,0.022,0.036,0.052,0.042,0.048,0.032,0.714
49,473.336081471126,494.218509123185,490.848632107816,512.042247090469,NA,0,0,0,0,NA,0,24.916276216507,325.802798497677,0.374236150582631,0.368059261639913,NA,0.29,NA,0.022,0.014,0.02,0.032,0.044,0.04,0.034,0.034,0.052,0.708
50,474.99438761448,506.318853089752,482.612345354751,509.254185256066,NA,0,0,0,0,NA,0,24.5975244045258,292.825577314695,0.370613137880961,0.370727050304413,NA,0.272,NA,0.02,0.018,0.032,0.022,0.032,0.038,0.026,0.038,0.028,0.746
