"no","observed","IHsurvrf","trt1","trt0","trueopt","avg.prop.match.opt.obs","avg.prop.match.opt.IHsurvrf","avg.prop.match.opt.trt1","avg.prop.match.opt.trt0","avg.prop.match.opt.trueopt","change.integral","time.obs","time.IHsurvrf","time.trt1","time.trt0","time.trueopt","proportion.censor","num.convergence.it","n_1","n_2","n_3","n_4","n_5","n_6","n_7","n_8","n_9","n_10"
51,544.321097496349,549.278831212104,549.054416794713,574.692769941557,NA,0,0,0,0,NA,0,33.1620540618896,489.300173215071,0.472861802577972,0.47446991999944,NA,0.414,NA,0.024,0.026,0.024,0.024,0.036,0.03,0.044,0.028,0.028,0.736
52,541.631536208231,550.518643122153,551.268979568449,576.796634324527,NA,0,0,0,0,NA,0,33.2364270687103,494.732069333394,0.504821336269379,0.514220897356669,NA,0.42,NA,0.016,0.018,0.026,0.04,0.026,0.04,0.05,0.04,0.024,0.72
53,540.28617022415,575.200519402846,564.175910365631,577.326856165689,NA,0,0,0,0,NA,0,33.210128068924,493.399671129386,0.505979677041372,0.511719779173533,NA,0.434,NA,0.016,0.01,0.016,0.042,0.038,0.054,0.038,0.054,0.026,0.706
54,551.151124585003,567.849132841344,547.701326942754,572.429552012449,NA,0,0,0,0,NA,0,19.0252709388733,294.461660909653,0.285801887512207,0.293206636110942,NA,0.43,NA,0.02,0.014,0.018,0.032,0.042,0.062,0.034,0.04,0.042,0.696
55,550.524586742127,552.846496398412,553.086663266183,570.772365081599,NA,0,0,0,0,NA,0,33.3549687862396,486.549273518721,0.608879045645396,0.613685317834218,NA,0.48,NA,0.014,0.01,0.022,0.028,0.048,0.048,0.052,0.066,0.026,0.686
56,542.847472120507,560.771383264312,554.228575548254,570.973681439826,NA,0,0,0,0,NA,0,33.3336763381958,492.926889801025,0.596439596017202,0.621560629208883,NA,0.49,NA,0.022,0.012,0.022,0.042,0.016,0.05,0.042,0.048,0.056,0.69
58,544.025755408964,550.689306377626,555.302884204115,577.755990526107,NA,0,0,0,0,NA,0,31.3270251750946,482.646180868149,0.596262677510579,0.59241685072581,NA,0.454,NA,0.026,0.018,0.022,0.042,0.046,0.042,0.052,0.038,0.034,0.68
59,543.891587373744,575.871566781373,557.379269847748,576.290156324231,NA,0,0,0,0,NA,0,34.0985136032104,493.722898495197,0.487090746561686,0.502332166830699,NA,0.38,NA,0.016,0.028,0.032,0.05,0.028,0.03,0.024,0.036,0.032,0.724
60,547.827809124371,577.771763341153,557.001800657651,572.22698214648,NA,0,0,0,0,NA,0,34.4837164878845,473.666992191474,0.605043160915375,0.600206776460012,NA,0.424,NA,0.034,0.028,0.038,0.04,0.036,0.042,0.052,0.03,0.034,0.666
61,538.05498697271,548.663602044604,551.128039082726,571.843335655542,NA,0,0,0,0,NA,0,19.3083984851837,296.074331597487,0.292387314637502,0.295036355654399,NA,0.438,NA,0.032,0.02,0.026,0.032,0.034,0.026,0.05,0.04,0.048,0.692
62,552.70784541918,578.840783103468,554.340629982354,572.310083851367,NA,0,0,0,0,NA,0,40.9527323246002,490.456313363711,0.478730575243632,0.489488812287649,NA,0.41,NA,0.024,0.028,0.018,0.03,0.038,0.036,0.046,0.054,0.032,0.694
63,538.893770157437,573.305008068721,553.370130811151,572.891863120665,NA,0,0,0,0,NA,0,38.8922703266144,489.215332973003,0.615367138385773,0.615309870243072,NA,0.442,NA,0.018,0.02,0.016,0.04,0.038,0.04,0.048,0.05,0.038,0.692
65,542.863488566905,551.086534064597,551.690113736998,569.721909098421,NA,0,0,0,0,NA,0,38.497279882431,465.620886488756,0.576161849498749,0.57849973042806,NA,0.464,NA,0.022,0.03,0.024,0.024,0.036,0.038,0.034,0.04,0.048,0.704
66,542.899366099423,560.568230498215,554.115155524896,573.799621928523,NA,0,0,0,0,NA,0,33.3133361339569,480.291473436356,0.582788813114166,0.573675429821014,NA,0.436,NA,0.034,0.026,0.024,0.032,0.034,0.044,0.032,0.04,0.054,0.68
67,540.673185702592,536.702570097958,553.776931033241,572.032496009614,NA,0,0,0,0,NA,0,39.3719320297241,475.671766146024,0.583153053124746,0.577331598599752,NA,0.42,NA,0.026,0.022,0.014,0.03,0.036,0.042,0.04,0.046,0.054,0.69
68,547.244026762747,580.483712696548,541.703611825503,572.271207504418,NA,0,0,0,0,NA,0,19.6538105010986,303.818089878559,0.293321983019511,0.288386301199595,NA,0.424,NA,0.026,0.01,0.022,0.034,0.036,0.026,0.036,0.062,0.046,0.702
69,545.575042016853,557.798287696152,552.900119681245,580.668881972172,NA,0,0,0,0,NA,0,32.5575740337372,470.764515586694,0.491511185963949,0.495011496543884,NA,0.428,NA,0.03,0.022,0.028,0.02,0.066,0.052,0.032,0.024,0.034,0.692
70,539.154661775575,562.47866177921,549.544477167235,579.352616744735,NA,0,0,0,0,NA,0,40.7450487613678,492.867634741465,0.525234909852346,0.511118400096893,NA,0.468,NA,0.024,0.014,0.026,0.028,0.034,0.028,0.038,0.056,0.046,0.706
72,550.712424553213,565.198899707748,551.588794794625,566.832998553304,NA,0,0,0,0,NA,0,38.975599527359,470.064825220903,0.283403460184733,0.28681526184082,NA,0.394,NA,0.018,0.016,0.042,0.016,0.038,0.046,0.036,0.04,0.034,0.714
73,543.813768379057,562.75502702937,548.57297657132,569.358836745243,NA,0,0,0,0,NA,0,38.948700428009,469.224196958542,0.604441785812378,0.589687661329905,NA,0.458,NA,0.028,0.016,0.028,0.042,0.034,0.05,0.034,0.042,0.046,0.68
74,551.467811591959,553.716591439527,549.781427562019,568.579352026449,NA,0,0,0,0,NA,0,36.6442561149597,468.98199407657,0.281610759099325,0.289593617121379,NA,0.43,NA,0.02,0.024,0.028,0.036,0.048,0.038,0.05,0.032,0.024,0.7
75,539.390760884555,575.282355899764,556.018816044099,575.500224946101,NA,0,0,0,0,NA,0,18.3295450210571,282.89242161115,0.284742812315623,0.27926854689916,NA,0.442,NA,0.042,0.026,0.036,0.038,0.034,0.044,0.03,0.044,0.026,0.68
76,543.275175812944,570.987152197025,543.577440517617,568.690212516858,NA,0,0,0,0,NA,0,32.3003900051117,479.15794826746,0.492908024787903,0.495447488625844,NA,0.426,NA,0.026,0.022,0.024,0.026,0.032,0.034,0.036,0.042,0.05,0.708
77,537.870276056796,549.140310678967,550.702472554429,580.97251645548,NA,0,0,0,0,NA,0,33.4842340946198,474.596527548631,0.493656293551127,0.500690428415934,NA,0.438,NA,0.018,0.02,0.024,0.03,0.038,0.036,0.034,0.054,0.046,0.7
79,539.643285008839,564.536519053074,552.269480638172,570.476390655841,NA,0,0,0,0,NA,0,18.7728085517883,288.291057491302,0.279809474945068,0.281176284948985,NA,0.476,NA,0.026,0.02,0.018,0.03,0.04,0.046,0.046,0.046,0.054,0.674
80,541.416695340234,553.086485561371,549.866552162447,574.082608506655,NA,0,0,0,0,NA,0,37.823926448822,465.322069807847,0.560553459326426,0.575362801551819,NA,0.426,NA,0.018,0.022,0.016,0.042,0.044,0.038,0.036,0.052,0.042,0.69
81,537.157233343972,565.966351800064,546.19535332899,575.912133412159,NA,0,0,0,0,NA,0,18.9410207271576,295.09810295105,0.282448315620422,0.280816237131755,NA,0.418,NA,0.026,0.02,0.014,0.028,0.028,0.05,0.034,0.058,0.038,0.704
82,534.882250754954,563.538342237207,548.489656340403,570.918237333168,NA,0,0,0,0,NA,0,18.0690546035767,299.873401625951,0.302060906092326,0.300957914193471,NA,0.418,NA,0.016,0.018,0.032,0.024,0.032,0.044,0.03,0.038,0.032,0.734
83,538.079085634857,570.439842827942,545.111048800776,572.362060263377,NA,0,0,0,0,NA,0,32.8957016468048,371.392904833953,0.282024892171224,0.280284905433655,NA,0.44,NA,0.024,0.018,0.034,0.036,0.038,0.056,0.03,0.05,0.042,0.672
84,545.371828299865,555.391634762797,552.11158584165,572.849160714348,NA,0,0,0,0,NA,0,33.2020990848541,465.481505517165,0.507709248860677,0.494663627942403,NA,0.446,NA,0.014,0.014,0.03,0.04,0.036,0.044,0.048,0.038,0.054,0.682
86,532.88181400116,563.277880768558,548.851904928894,574.433987481756,NA,0,0,0,0,NA,0,18.4142255783081,286.207641613483,0.284394653638204,0.286865703264872,NA,0.404,NA,0.026,0.022,0.016,0.03,0.032,0.052,0.036,0.034,0.048,0.704
87,544.172562081504,565.473759847576,555.064462918221,578.363952340321,NA,0,0,0,0,NA,0,38.052440404892,423.121574350198,0.257500342528025,0.261506406466166,NA,0.41,NA,0.016,0.018,0.026,0.03,0.028,0.038,0.048,0.032,0.044,0.72
88,542.983186336986,560.429783525967,560.231961795785,578.814771391993,NA,0,0,0,0,NA,0,18.5686650276184,287.292222146193,0.27554296652476,0.272997025648753,NA,0.416,NA,0.02,0.024,0.026,0.032,0.046,0.038,0.042,0.044,0.02,0.708
89,550.962896695713,552.776973143528,546.456149018829,576.606885468059,NA,0,0,0,0,NA,0,19.4283530712128,307.97811371088,0.283591592311859,0.286624487241109,NA,0.458,NA,0.014,0.01,0.018,0.03,0.04,0.038,0.054,0.03,0.05,0.716
90,543.086902708112,565.792512385969,562.269820790596,577.623201157033,NA,0,0,0,0,NA,0,18.274831533432,281.005003046989,0.253028730551402,0.250173131624858,NA,0.456,NA,0.012,0.036,0.026,0.038,0.042,0.036,0.048,0.044,0.024,0.694
91,543.051584412293,570.415544775479,555.633765014963,574.096567308905,NA,0,0,0,0,NA,0,32.6872222423553,407.392872027556,0.259365089734395,0.264995837211609,NA,0.418,NA,0.036,0.024,0.02,0.032,0.044,0.04,0.036,0.038,0.04,0.69
93,548.792058256796,564.880260514978,547.517804238426,573.758223936776,NA,0,0,0,0,NA,0,18.5024447441101,285.646850566069,0.250610081354777,0.243955783049266,NA,0.424,NA,0.02,0.02,0.018,0.038,0.034,0.038,0.044,0.058,0.042,0.688
94,538.308423736008,567.900934810538,549.139243617183,570.998104000316,NA,0,0,0,0,NA,0,17.1806998252869,265.205179945628,0.241894702116648,0.243435621261597,NA,0.448,NA,0.016,0.026,0.036,0.03,0.036,0.046,0.032,0.054,0.04,0.684
95,551.021500613275,551.492824813104,550.510365285556,569.910589417446,NA,0,0,0,0,NA,0,17.9380295276642,281.313012417157,0.249801754951477,0.257074968020121,NA,0.45,NA,0.02,0.022,0.024,0.042,0.034,0.042,0.06,0.038,0.038,0.68
96,540.348290853208,547.110207466375,555.578351667494,573.140531933698,NA,0,0,0,0,NA,0,18.6196026802063,375.289774461587,0.494468569755554,0.504581586519877,NA,0.436,NA,0.02,0.018,0.036,0.04,0.032,0.056,0.044,0.042,0.03,0.682
97,539.073577038541,553.020475620154,552.109985250249,573.784117392958,NA,0,0,0,0,NA,0,16.3945479393005,261.044727464517,0.257026660442352,0.260814416408539,NA,0.44,NA,0.032,0.022,0.022,0.042,0.044,0.042,0.036,0.052,0.044,0.664
98,532.197388811689,545.407678751948,545.504761817748,571.25225963201,NA,0,0,0,0,NA,0,17.4889907836914,261.038051601251,0.252096521854401,0.259789355595907,NA,0.44,NA,0.018,0.02,0.026,0.048,0.064,0.044,0.046,0.034,0.05,0.65
100,543.49302424817,570.220177085632,545.965042880388,570.114563423033,NA,0,0,0,0,NA,0,15.8704900741577,266.160940118631,0.246138763427734,0.250721673170726,NA,0.45,NA,0.018,0.028,0.02,0.026,0.028,0.028,0.06,0.036,0.048,0.708
