"no","observed","IHsurvrf","trt1","trt0","trueopt","avg.prop.match.opt.obs","avg.prop.match.opt.IHsurvrf","avg.prop.match.opt.trt1","avg.prop.match.opt.trt0","avg.prop.match.opt.trueopt","change.integral","time.obs","time.IHsurvrf","time.trt1","time.trt0","time.trueopt","proportion.censor","num.convergence.it","n_1","n_2","n_3","n_4","n_5","n_6","n_7","n_8","n_9","n_10","n_11","n_12","n_13","n_14","n_15"
51,698.413908538079,741.04155037632,752.002797389597,756.511139714138,NA,0,0,0,0,NA,0,38.5678441524506,1565.87709141572,0.638847581545512,0.62995761235555,NA,0.31,NA,0.02,0.024,0.018,0.022,0.036,0.042,0.038,0.034,0.046,0.032,0.026,0.03,0.014,0.026,0.592
52,694.841861567031,743.469247095053,751.585466155471,759.297812273997,NA,0,0,0,0,NA,0,38.217978477478,1499.24465910196,0.772457643349965,0.737694748242696,NA,0.316,NA,0.01,0.018,0.01,0.036,0.048,0.038,0.048,0.04,0.032,0.05,0.032,0.038,0.032,0.034,0.534
53,701.765843454089,704.304058607071,754.469998696146,767.648947998607,NA,0,0,0,0,NA,0,21.5215272903442,917.706486312548,0.332249772548676,0.324203018347422,NA,0.328,NA,0.014,0.004,0.018,0.036,0.028,0.048,0.03,0.036,0.04,0.036,0.038,0.04,0.038,0.042,0.552
54,700.990057950212,718.884142177748,744.642726731009,753.443966024213,NA,0,0,0,0,NA,0,38.1570267677307,1541.32776711384,0.638482654094696,0.629922203222911,NA,0.308,NA,0.018,0.012,0.014,0.026,0.054,0.04,0.042,0.042,0.028,0.036,0.034,0.024,0.034,0.02,0.576
55,705.053370648038,730.793012083124,757.881215252358,743.908941174464,NA,0,0,0,0,NA,0,38.5403912067413,1543.80823480686,0.739721707503001,0.720836671193441,NA,0.31,NA,0.016,0.014,0.022,0.03,0.044,0.03,0.04,0.042,0.032,0.04,0.038,0.038,0.04,0.024,0.55
56,688.751768034451,699.074803115903,757.834790968265,755.786160846064,NA,0,0,0,0,NA,0,41.5678918361664,1624.82709804376,0.618630798657735,0.607418775558472,NA,0.374,NA,0.018,0.012,0.018,0.024,0.036,0.044,0.046,0.046,0.054,0.034,0.04,0.044,0.04,0.038,0.506
57,692.309619665363,747.271332174435,749.050959876799,743.03971003933,NA,0,0,0,0,NA,0,46.9948110580444,2085.11819994052,0.582392315069834,0.568277029196421,NA,0.336,NA,0.012,0.016,0.016,0.024,0.02,0.05,0.028,0.052,0.038,0.056,0.032,0.036,0.034,0.042,0.544
58,694.004460151404,736.981665831306,754.247037126812,750.243961989321,NA,0,0,0,0,NA,0,21.4014763832092,1023.97377014558,0.369096763928731,0.368774592876434,NA,0.334,NA,0.018,0.014,0.018,0.03,0.038,0.048,0.05,0.024,0.044,0.03,0.036,0.022,0.032,0.036,0.56
59,690.138010880962,730.700023525133,765.087556539301,768.65464896387,NA,0,0,0,0,NA,0,40.3254599571228,1611.51825561126,0.348908046881358,0.350702738761902,NA,0.34,NA,0.022,0.02,0.024,0.036,0.036,0.024,0.03,0.048,0.04,0.032,0.062,0.036,0.03,0.02,0.54
60,697.608332476603,694.740496350383,752.869419514596,755.656598561676,NA,0,0,0,0,NA,0,49.8696687221527,1538.94362293879,0.769299550851186,0.747567768891652,NA,0.326,NA,0.024,0.03,0.026,0.034,0.028,0.056,0.038,0.06,0.034,0.03,0.054,0.028,0.014,0.036,0.508
61,675.217338001287,730.046168080608,755.665648098933,764.137210345732,NA,0,0,0,0,NA,0,40.7043468952179,1637.88521521091,0.61934734582901,0.634954090913137,NA,0.32,NA,0.018,0.02,0.026,0.022,0.022,0.042,0.04,0.032,0.034,0.034,0.03,0.034,0.038,0.046,0.562
62,686.22551629142,735.96836738201,760.834130936805,755.962098452885,NA,0,0,0,0,NA,0,37.6933727264404,1887.11576118469,0.577958226203918,0.559585022926331,NA,0.308,NA,0.018,0.024,0.016,0.02,0.038,0.034,0.038,0.036,0.032,0.032,0.044,0.042,0.04,0.02,0.566
63,687.833643062064,713.29442087733,766.331285039152,757.245118408949,NA,0,0,0,0,NA,0,24.4414513111115,1031.80673602819,0.351632698376973,0.347117686271668,NA,0.32,NA,0.016,0.014,0.014,0.028,0.034,0.036,0.038,0.034,0.024,0.05,0.026,0.024,0.038,0.036,0.588
64,686.56976004104,713.620283624892,757.114266971623,753.025697463865,NA,0,0,0,0,NA,0,23.1661243438721,1008.58703864813,0.372745867570241,0.357550998528798,NA,0.362,NA,0.02,0.014,0.016,0.02,0.024,0.04,0.048,0.028,0.046,0.054,0.036,0.032,0.042,0.026,0.554
65,695.090572945779,679.674662440039,768.011878673409,752.382844863333,NA,0,0,0,0,NA,0,50.3874998092651,1664.74796230793,0.696992377440135,0.68116287390391,NA,0.354,NA,0.012,0.014,0.026,0.044,0.034,0.026,0.04,0.04,0.046,0.03,0.034,0.05,0.034,0.036,0.534
66,692.002445850612,708.626855627573,766.182379096845,759.668509652591,NA,0,0,0,0,NA,0,41.0627183914185,1104.48543174664,0.358103915055593,0.359899413585663,NA,0.318,NA,0.022,0.014,0.022,0.032,0.03,0.042,0.04,0.054,0.032,0.044,0.03,0.036,0.026,0.022,0.554
67,690.199821412502,727.598300722973,766.537738174899,759.958193414604,NA,0,0,0,0,NA,0,37.371818780899,1155.33561874231,0.348018833001455,0.342566712697347,NA,0.324,NA,0.016,0.018,0.016,0.014,0.03,0.044,0.034,0.03,0.036,0.048,0.052,0.038,0.038,0.032,0.554
68,696.307162450038,719.433994423018,755.272330716135,760.089967482691,NA,0,0,0,0,NA,0,23.0278143882751,1499.41652590036,0.642493478457133,0.635709428787231,NA,0.334,NA,0.012,0.014,0.02,0.044,0.038,0.032,0.05,0.054,0.032,0.048,0.028,0.034,0.04,0.032,0.522
69,686.825132849643,732.137308118949,766.208176928241,751.094510335774,NA,0,0,0,0,NA,0,24.2117745876312,917.429076870283,0.341482710838318,0.334883137543996,NA,0.348,NA,0.014,0.016,0.026,0.024,0.06,0.046,0.048,0.038,0.046,0.032,0.038,0.042,0.026,0.034,0.51
70,690.157062862162,697.452217676032,755.464130477511,763.824881768043,NA,0,0,0,0,NA,0,45.1236379146576,1532.5989877065,0.554605321089427,0.552439506848653,NA,0.312,NA,0.022,0.01,0.018,0.032,0.03,0.02,0.026,0.04,0.052,0.044,0.032,0.028,0.038,0.04,0.568
71,686.955685141101,740.251101378923,756.747102063215,748.429660490757,NA,0,0,0,0,NA,0,23.1678032875061,884.63354738156,0.330791385968526,0.334776119391123,NA,0.35,NA,0.016,0.014,0.03,0.024,0.042,0.042,0.044,0.042,0.036,0.036,0.044,0.036,0.016,0.026,0.552
72,707.771841259351,692.671000990992,757.634898785501,752.410327453291,NA,0,0,0,0,NA,0,22.1367857456207,930.48623948892,0.336641959349314,0.329527529080709,NA,0.252,NA,0.014,0.026,0.022,0.026,0.03,0.05,0.042,0.044,0.026,0.026,0.028,0.03,0.026,0.022,0.588
73,693.031620991447,730.575140126528,760.619395459238,760.81417190904,NA,0,0,0,0,NA,0,41.8802683353424,1379.6920386672,0.585932799180349,0.570398167769114,NA,0.316,NA,0.032,0.016,0.03,0.018,0.04,0.034,0.042,0.034,0.052,0.036,0.03,0.046,0.022,0.018,0.55
74,697.324808122785,728.013031162633,746.288991637345,752.538719864077,NA,0,0,0,0,NA,0,21.5656998157501,1403.21771740516,0.580617034435272,0.571027040481567,NA,0.32,NA,0.012,0.012,0.022,0.028,0.054,0.024,0.038,0.052,0.032,0.04,0.04,0.032,0.012,0.026,0.576
75,686.984261555144,721.409429480569,761.121341238229,746.034864724708,NA,0,0,0,0,NA,0,37.3408806324005,978.804726338387,0.338829159736633,0.329016057650248,NA,0.304,NA,0.024,0.018,0.022,0.032,0.02,0.032,0.032,0.05,0.032,0.018,0.046,0.038,0.032,0.028,0.576
