"no","observed","IHsurvrf","trt1","trt0","trueopt","avg.prop.match.opt.obs","avg.prop.match.opt.IHsurvrf","avg.prop.match.opt.trt1","avg.prop.match.opt.trt0","avg.prop.match.opt.trueopt","change.integral","time.obs","time.IHsurvrf","time.trt1","time.trt0","time.trueopt","proportion.censor","num.convergence.it","n_1","n_2","n_3","n_4","n_5","n_6","n_7","n_8","n_9","n_10","n_11","n_12","n_13","n_14","n_15"
1,689.702701456674,710.858950642015,756.278997153079,759.000568241308,NA,0,0,0,0,NA,0,22.8792796134949,779.471200895309,0.328912258148193,0.327702216307322,NA,0.316,NA,0.016,0.026,0.012,0.028,0.024,0.03,0.04,0.036,0.026,0.038,0.028,0.04,0.024,0.036,0.596
2,691.501531165172,741.344816103362,757.870748693886,756.38779923939,NA,0,0,0,0,NA,0,15.3659110069275,605.092023177942,0.260378130276998,0.240482278664907,NA,0.296,NA,0.024,0.02,0.024,0.034,0.038,0.04,0.038,0.036,0.03,0.034,0.04,0.02,0.032,0.028,0.562
3,700.257357146307,736.961722226332,752.639293729761,756.593514801447,NA,0,0,0,0,NA,0,22.1906497478485,938.561252522469,0.382776880264282,0.39939269622167,NA,0.28,NA,0.018,0.024,0.016,0.018,0.038,0.042,0.04,0.036,0.028,0.016,0.024,0.028,0.026,0.04,0.606
4,699.911413457358,719.657164051908,749.420317256991,751.955118226526,NA,0,0,0,0,NA,0,24.0316627025604,937.919426691532,0.366035377979279,0.359698502222697,NA,0.296,NA,0.02,0.014,0.022,0.036,0.044,0.05,0.036,0.038,0.036,0.03,0.034,0.03,0.028,0.022,0.56
5,690.979964366848,723.881230159712,757.224383586447,769.367834480729,NA,0,0,0,0,NA,0,23.12677526474,792.972585920493,0.326564888159434,0.328948239485423,NA,0.29,NA,0.018,0.026,0.018,0.018,0.046,0.046,0.036,0.048,0.024,0.03,0.028,0.032,0.028,0.03,0.572
6,688.930610468798,726.876874345081,757.22772472476,750.044077838711,NA,0,0,0,0,NA,0,21.6328108310699,789.35846615235,0.334216630458832,0.323463706175486,NA,0.324,NA,0.01,0.016,0.028,0.036,0.038,0.038,0.028,0.04,0.028,0.04,0.038,0.036,0.024,0.038,0.562
7,690.228701066529,715.959812229709,750.169748488969,748.457008700145,NA,0,0,0,0,NA,0,15.565580368042,854.34415453275,0.240151151021322,0.219544657071431,NA,0.298,NA,0.02,0.01,0.018,0.016,0.026,0.046,0.036,0.052,0.038,0.032,0.014,0.042,0.034,0.03,0.586
8,688.016653046687,730.095820255107,760.377871715684,749.202773371082,NA,0,0,0,0,NA,0,25.5284323692322,801.300062584877,0.328173927466075,0.320923654238383,NA,0.334,NA,0.014,0.02,0.016,0.032,0.032,0.05,0.032,0.042,0.04,0.032,0.052,0.03,0.036,0.03,0.542
9,692.422202165501,742.221074352698,768.360849804713,756.891787355927,NA,0,0,0,0,NA,0,22.8717844486237,980.82932387193,0.347208118438721,0.333626933892568,NA,0.322,NA,0.014,0.018,0.028,0.032,0.03,0.04,0.05,0.038,0.046,0.02,0.028,0.022,0.026,0.034,0.574
10,694.280759263218,722.840915739754,760.404215372103,747.30998690575,NA,0,0,0,0,NA,0,21.2745485305786,1020.34500544071,0.345175699392955,0.316285908222198,NA,0.29,NA,0.012,0.016,0.016,0.03,0.018,0.052,0.048,0.026,0.042,0.026,0.042,0.03,0.022,0.036,0.584
11,694.730038727425,726.684500554521,756.185518263022,758.610632522994,NA,0,0,0,0,NA,0,20.8827278614044,745.039665341377,0.328751687208811,0.327360451221466,NA,0.304,NA,0.004,0.022,0.026,0.038,0.05,0.044,0.046,0.034,0.04,0.02,0.036,0.028,0.03,0.028,0.554
12,683.184386119977,731.334442491415,753.809718244658,751.906813962519,NA,0,0,0,0,NA,0,14.7804393768311,722.187986095746,0.376496644814809,0.358312809467316,NA,0.316,NA,0.016,0.018,0.016,0.028,0.04,0.038,0.042,0.034,0.034,0.042,0.038,0.03,0.03,0.032,0.562
13,688.320812889645,717.832442589286,759.334741391516,765.298131731523,NA,0,0,0,0,NA,0,21.3630311489105,583.30392348369,0.231217547257741,0.229901357491811,NA,0.334,NA,0.012,0.02,0.014,0.026,0.044,0.028,0.036,0.032,0.048,0.038,0.04,0.016,0.046,0.03,0.57
14,680.448425274413,715.225651168283,752.578303431359,757.191546345331,NA,0,0,0,0,NA,0,21.1882758140564,1138.08490938743,0.356719024976095,0.342449347178141,NA,0.324,NA,0.012,0.022,0.012,0.036,0.026,0.038,0.03,0.024,0.036,0.022,0.044,0.046,0.04,0.036,0.576
15,687.393080348645,691.401920977619,749.502751758389,751.614043407989,NA,0,0,0,0,NA,0,20.8277380466461,866.47832972606,0.439224624633789,0.426993203163147,NA,0.356,NA,0.01,0.024,0.02,0.026,0.038,0.03,0.034,0.036,0.042,0.062,0.032,0.036,0.026,0.034,0.55
16,691.100682221734,744.337682491083,757.291574821521,772.136504787001,NA,0,0,0,0,NA,0,22.2759618759155,798.330119752884,0.337079890569051,0.338454846541087,NA,0.344,NA,0.012,0.024,0.004,0.034,0.05,0.042,0.044,0.034,0.054,0.03,0.026,0.048,0.034,0.036,0.528
17,694.870722946545,703.431657336644,745.182744134578,742.154146709462,NA,0,0,0,0,NA,0,22.4026372432709,905.161843895912,0.353921115398407,0.348825987180074,NA,0.306,NA,0.01,0.01,0.008,0.038,0.024,0.036,0.042,0.048,0.044,0.046,0.044,0.016,0.028,0.028,0.578
18,699.477554566283,749.219287283951,752.371268246914,769.14915313216,NA,0,0,0,0,NA,0,14.8415107727051,517.814979426066,0.232391317685445,0.235862922668457,NA,0.326,NA,0.016,0.024,0.014,0.02,0.04,0.052,0.038,0.04,0.044,0.036,0.03,0.034,0.04,0.024,0.548
19,694.281236489664,716.957118726419,747.933431084879,754.047460375346,NA,0,0,0,0,NA,0,22.6737635135651,770.940795230865,0.330961048603058,0.318955131371816,NA,0.276,NA,0.012,0.02,0.018,0.042,0.032,0.054,0.03,0.038,0.024,0.038,0.038,0.036,0.024,0.03,0.564
20,692.061107573041,730.928985783756,766.32650199081,755.225343833936,NA,0,0,0,0,NA,0,27.3324913978577,910.790611513456,0.343320178985596,0.339164264996847,NA,0.274,NA,0.012,0.01,0.022,0.032,0.026,0.046,0.05,0.036,0.036,0.036,0.024,0.038,0.04,0.02,0.572
21,692.050946187199,683.303012060879,765.461755570735,761.396456664769,NA,0,0,0,0,NA,0,20.9299306869507,574.313929641247,0.221526018778483,0.222911524772644,NA,0.354,NA,0.01,0.02,0.03,0.018,0.042,0.04,0.036,0.046,0.04,0.044,0.028,0.032,0.032,0.048,0.534
22,687.208562176447,708.824270637434,755.236457206375,751.915814259747,NA,0,0,0,0,NA,0,22.2974293231964,609.46093146801,0.215376536051432,0.212839257717133,NA,0.312,NA,0.016,0.022,0.01,0.028,0.028,0.034,0.036,0.062,0.038,0.038,0.032,0.04,0.036,0.024,0.556
23,697.965020477793,736.708193294391,755.730472275429,750.236784644673,NA,0,0,0,0,NA,0,15.625296831131,551.447645795345,0.228628063201904,0.221596662203471,NA,0.312,NA,0.014,0.018,0.028,0.026,0.044,0.042,0.04,0.028,0.034,0.04,0.044,0.036,0.024,0.02,0.562
24,694.650061373992,739.17535138438,769.15424719502,750.741491446662,NA,0,0,0,0,NA,0,20.8029642105103,571.020042439302,0.220807989438375,0.211762801806132,NA,0.304,NA,0.016,0.014,0.018,0.036,0.024,0.042,0.028,0.044,0.036,0.048,0.042,0.034,0.03,0.038,0.55
25,695.525659146567,700.31385908161,754.435740144383,745.889653132738,NA,0,0,0,0,NA,0,22.4683003425598,648.20768443346,0.231818842887878,0.230155630906423,NA,0.32,NA,0.018,0.02,0.018,0.032,0.044,0.05,0.028,0.024,0.026,0.032,0.046,0.034,0.046,0.026,0.556
