"no","observed","IHsurvrf","trt1","trt0","trueopt","avg.prop.match.opt.obs","avg.prop.match.opt.IHsurvrf","avg.prop.match.opt.trt1","avg.prop.match.opt.trt0","avg.prop.match.opt.trueopt","change.integral","time.obs","time.IHsurvrf","time.trt1","time.trt0","time.trueopt","proportion.censor","num.convergence.it","n_1","n_2","n_3","n_4","n_5","n_6","n_7","n_8","n_9","n_10","n_11","n_12","n_13","n_14","n_15"
151,698.352627654074,703.307193779993,763.806615568083,763.000097589182,NA,0,0,0,0,NA,0,45.2358193397522,1619.22604194085,0.854426801204681,0.840612347920736,NA,0.332,NA,0.02,0.02,0.02,0.04,0.046,0.038,0.054,0.04,0.038,0.032,0.04,0.038,0.018,0.028,0.528
152,687.474475245791,729.168836247693,748.294728509751,760.391717799815,NA,0,0,0,0,NA,0,45.0859658718109,1594.41298274597,0.867379001776377,0.86361315647761,NA,0.344,NA,0.022,0.012,0.022,0.04,0.05,0.042,0.042,0.036,0.052,0.038,0.028,0.028,0.026,0.026,0.536
153,685.998239052189,722.183992564614,754.484480804408,744.43895534162,NA,0,0,0,0,NA,0,25.7734348773956,1016.5960437576,0.369832547505697,0.363609751065572,NA,0.334,NA,0.024,0.008,0.028,0.024,0.054,0.034,0.04,0.024,0.038,0.036,0.034,0.03,0.032,0.03,0.564
154,699.107904528881,754.040734628592,763.678061258155,751.044900381514,NA,0,0,0,0,NA,0,44.1862659454346,1624.57397215366,0.619611120223999,0.617544726530711,NA,0.33,NA,0.012,0.022,0.014,0.038,0.028,0.044,0.058,0.044,0.028,0.04,0.028,0.034,0.044,0.032,0.534
155,692.990129454651,709.064157942686,748.814138616891,752.146871821416,NA,0,0,0,0,NA,0,44.2065081596375,1676.05774611632,0.608356360594432,0.60920645793279,NA,0.324,NA,0.014,0.014,0.016,0.032,0.038,0.048,0.04,0.03,0.038,0.038,0.032,0.034,0.036,0.022,0.568
156,687.605733749658,725.657529530635,761.544665107734,752.434987022981,NA,0,0,0,0,NA,0,55.1277761459351,1747.3714958032,0.661920873324076,0.676343321800232,NA,0.308,NA,0.03,0.01,0.014,0.024,0.046,0.032,0.044,0.032,0.046,0.036,0.04,0.042,0.024,0.024,0.556
157,689.793337646523,738.96677198011,749.820954531413,745.684861487058,NA,0,0,0,0,NA,0,56.2990145683289,1618.90997888247,0.836076800028483,0.818434222539266,NA,0.32,NA,0.012,0.024,0.022,0.038,0.03,0.044,0.048,0.042,0.036,0.026,0.038,0.026,0.04,0.044,0.53
158,686.862326550484,735.865346892149,757.961949195119,752.644199281938,NA,0,0,0,0,NA,0,23.5275075435638,1263.44748628934,0.454846513271332,0.44102942943573,NA,0.312,NA,0.008,0.012,0.024,0.02,0.04,0.03,0.036,0.048,0.022,0.048,0.054,0.024,0.03,0.052,0.552
159,676.846773566057,726.548357080483,746.270509031101,753.759475697947,NA,0,0,0,0,NA,0,40.1962692737579,1646.72634633382,0.672377228736877,0.657617509365082,NA,0.364,NA,0.02,0.008,0.016,0.022,0.044,0.042,0.05,0.04,0.034,0.044,0.036,0.03,0.038,0.022,0.554
160,695.561469287728,729.944033937328,758.35150478298,752.666565604851,NA,0,0,0,0,NA,0,40.3962059020996,1632.41746493181,0.784337874253591,0.784577357769012,NA,0.324,NA,0.018,0.018,0.018,0.032,0.038,0.03,0.03,0.036,0.054,0.024,0.02,0.028,0.02,0.036,0.598
161,690.020807553453,724.084307487225,765.188082016206,745.981814798192,NA,0,0,0,0,NA,0,43.4365711212158,1465.89101684491,0.626364509264628,0.6111838499705,NA,0.312,NA,0.026,0.028,0.026,0.042,0.03,0.044,0.038,0.036,0.034,0.042,0.03,0.04,0.04,0.022,0.522
162,690.061726045777,714.196735744282,755.186209479568,752.351362629191,NA,0,0,0,0,NA,0,54.0214555263519,1441.59956466754,0.60150191783905,0.592369035879771,NA,0.332,NA,0.032,0.014,0.02,0.042,0.034,0.04,0.03,0.044,0.036,0.046,0.052,0.026,0.024,0.032,0.528
163,692.243875354402,703.259077244585,750.242429049532,755.653332730264,NA,0,0,0,0,NA,0,29.4952254295349,939.11400663058,0.422389809290568,0.413696213563283,NA,0.334,NA,0.014,0.016,0.018,0.034,0.038,0.042,0.032,0.044,0.036,0.038,0.038,0.03,0.038,0.032,0.55
164,695.130641044947,707.881397823812,756.03702140523,760.306936043215,NA,0,0,0,0,NA,0,42.865122795105,1510.61715381543,0.609388025601705,0.589984428882599,NA,0.35,NA,0.014,0.018,0.02,0.028,0.032,0.052,0.056,0.05,0.034,0.042,0.03,0.026,0.034,0.03,0.534
165,690.686625589458,699.17415521899,760.225623551895,756.617222289409,NA,0,0,0,0,NA,0,51.8485870361328,1485.71155420939,0.720939922332764,0.722433420022329,NA,0.346,NA,0.012,0.01,0.018,0.03,0.05,0.034,0.042,0.032,0.04,0.036,0.032,0.036,0.03,0.034,0.564
166,687.278663427664,750.79388950712,759.03856603919,750.79388950712,NA,0,0,0,0,NA,0,39.7866833209991,1527.0848917683,0.585457678635915,0.577622803052266,NA,0.318,NA,0.008,0.026,0.032,0.028,0.022,0.058,0.034,0.038,0.032,0.026,0.03,0.048,0.032,0.018,0.568
167,695.037877129062,702.124426374278,750.686134079276,748.736191191782,NA,0,0,0,0,NA,0,39.8178672790527,1087.02526861429,0.366729422410329,0.359081709384918,NA,0.34,NA,0.02,0.012,0.016,0.042,0.048,0.044,0.03,0.028,0.042,0.04,0.04,0.036,0.046,0.032,0.524
168,687.643401293334,748.052075264743,772.895089800452,753.240882018431,NA,0,0,0,0,NA,0,26.3647303581238,917.836398120721,0.409666168689728,0.406080567836761,NA,0.322,NA,0.016,0.012,0.018,0.03,0.046,0.028,0.042,0.034,0.044,0.034,0.034,0.044,0.026,0.036,0.556
169,693.127826643445,724.172904147526,749.363011884049,750.452265403388,NA,0,0,0,0,NA,0,39.5786938667297,996.671242535114,0.352657842636108,0.35031353632609,NA,0.316,NA,0.022,0.022,0.024,0.028,0.052,0.044,0.034,0.034,0.032,0.022,0.04,0.024,0.04,0.034,0.548
170,683.742277001304,754.701064038257,749.500776297555,751.197461955271,NA,0,0,0,0,NA,0,48.3226172924042,1426.7630543987,0.742522847652435,0.686580773194631,NA,0.308,NA,0.018,0.014,0.02,0.044,0.046,0.044,0.03,0.024,0.046,0.032,0.026,0.032,0.03,0.036,0.558
171,702.15806368463,752.581283185053,754.954965302313,745.945582787098,NA,0,0,0,0,NA,0,39.1778471469879,979.006794734796,0.336138196786245,0.33249720732371,NA,0.324,NA,0.032,0.012,0.03,0.034,0.042,0.04,0.034,0.044,0.032,0.048,0.044,0.044,0.026,0.03,0.508
172,705.436562938169,730.643231884703,751.761707383826,761.011952228951,NA,0,0,0,0,NA,0,23.1602551937103,1014.47981213729,0.367977809906006,0.347645870844523,NA,0.342,NA,0.006,0.016,0.024,0.02,0.032,0.048,0.038,0.042,0.024,0.032,0.042,0.054,0.026,0.05,0.546
173,695.480769175008,748.393509313579,753.279873333395,748.433586469902,NA,0,0,0,0,NA,0,26.7899627685547,952.61092539231,0.387999709447225,0.38492066860199,NA,0.348,NA,0.016,0.02,0.012,0.03,0.038,0.052,0.04,0.034,0.036,0.03,0.032,0.062,0.024,0.028,0.546
174,690.677655975441,739.918666842928,752.401695772847,748.186205706583,NA,0,0,0,0,NA,0,23.4010097980499,967.737772536278,0.360122736295064,0.354635953903198,NA,0.292,NA,0.008,0.01,0.028,0.022,0.044,0.032,0.044,0.034,0.036,0.032,0.046,0.046,0.024,0.032,0.562
175,691.651580199694,695.89557072918,744.567025273824,760.012430116895,NA,0,0,0,0,NA,0,48.3073983192444,1070.24250421921,0.35207717816035,0.353218150138855,NA,0.302,NA,0.012,0.02,0.008,0.034,0.056,0.028,0.034,0.03,0.044,0.032,0.038,0.024,0.03,0.04,0.57
