"no","observed","IHsurvrf","trt1","trt0","trueopt","avg.prop.match.opt.obs","avg.prop.match.opt.IHsurvrf","avg.prop.match.opt.trt1","avg.prop.match.opt.trt0","avg.prop.match.opt.trueopt","change.integral","time.obs","time.IHsurvrf","time.trt1","time.trt0","time.trueopt","proportion.censor","num.convergence.it","n_1","n_2","n_3","n_4","n_5","n_6","n_7","n_8","n_9","n_10"
1,550.763383979067,570.447539435617,553.701904927279,573.304151611623,NA,0,0,0,0,NA,0,15.4753322601318,346.530322182179,0.25411346356074,0.261610015233358,NA,0.478,NA,0.032,0.022,0.028,0.026,0.042,0.04,0.042,0.03,0.042,0.696
2,546.23058358641,587.426834557142,550.69329228141,568.899683085661,NA,0,0,0,0,NA,0,15.4937751293182,254.180512062709,0.191106859842936,0.17888001203537,NA,0.444,NA,0.032,0.022,0.026,0.028,0.034,0.046,0.034,0.038,0.032,0.708
3,543.33373644613,569.49520439518,548.752982164591,568.520803529959,NA,0,0,0,0,NA,0,61.9348306655884,399.628253146013,0.263341522216797,0.280677755673726,NA,0.414,NA,0.018,0.022,0.026,0.032,0.03,0.032,0.04,0.042,0.044,0.714
4,551.638826128631,575.812926705854,549.345356140394,567.926611221353,NA,0,0,0,0,NA,0,62.0043792724609,394.225671732426,0.264259890715281,0.277068400382996,NA,0.434,NA,0.024,0.026,0.028,0.03,0.032,0.044,0.04,0.058,0.032,0.686
5,545.298798382932,554.302121830051,553.516234101174,574.293985172397,NA,0,0,0,0,NA,0,63.0674293041229,355.979448612531,0.272945340474447,0.256434094905853,NA,0.402,NA,0.018,0.03,0.024,0.034,0.034,0.052,0.044,0.028,0.034,0.702
6,546.186554517385,555.433542364793,549.647555946111,571.014968198678,NA,0,0,0,0,NA,0,15.4678499698639,344.180951166153,0.286054201920827,0.270351036389669,NA,0.444,NA,0.022,0.02,0.03,0.034,0.038,0.048,0.028,0.044,0.048,0.688
7,536.646107664222,552.933048969555,543.569957067919,568.385185111524,NA,0,0,0,0,NA,0,61.7705082893372,357.381264984608,0.265950425465902,0.264493449529012,NA,0.422,NA,0.026,0.01,0.02,0.036,0.032,0.052,0.048,0.038,0.054,0.684
8,541.344292087117,547.9369485881,545.78496210824,576.415921350035,NA,0,0,0,0,NA,0,17.7895493507385,255.088074171543,0.276238989830017,0.270569916566213,NA,0.42,NA,0.032,0.03,0.02,0.034,0.044,0.042,0.058,0.05,0.038,0.652
9,544.530383287511,572.451544462396,557.105731201096,576.650482698112,NA,0,0,0,0,NA,0,11.3922438621521,175.452045067151,0.177281991640727,0.1799427429835,NA,0.396,NA,0.016,0.022,0.018,0.024,0.04,0.048,0.054,0.03,0.056,0.692
10,542.277291671767,553.609244381174,545.973039480238,570.989934338559,NA,0,0,0,0,NA,0,18.3449409008026,274.353409727414,0.250717751185099,0.2528839747111,NA,0.412,NA,0.014,0.02,0.024,0.022,0.032,0.05,0.05,0.032,0.048,0.708
11,543.159631913479,555.403692756213,556.313270383815,579.382214636016,NA,0,0,0,0,NA,0,18.5987055301666,276.039356923103,0.312690389156342,0.297039302190145,NA,0.426,NA,0.018,0.02,0.026,0.042,0.034,0.046,0.04,0.036,0.038,0.7
12,548.949035290573,568.414335056924,551.486335982387,573.213194900965,NA,0,0,0,0,NA,0,17.0393943786621,262.955832576752,0.311554114023844,0.291308136781057,NA,0.446,NA,0.02,0.014,0.02,0.032,0.042,0.046,0.042,0.054,0.038,0.692
13,538.744220561425,560.820470811448,559.571138044532,587.594887316917,NA,0,0,0,0,NA,0,18.4525685310364,262.513577528795,0.293445177872976,0.274436211585999,NA,0.434,NA,0.028,0.028,0.012,0.032,0.044,0.044,0.038,0.028,0.036,0.71
14,538.003933214772,567.801756437354,550.434858053894,576.325605103253,NA,0,0,0,0,NA,0,17.6255214214325,263.853908669949,0.270615486303965,0.266211207707723,NA,0.448,NA,0.022,0.022,0.018,0.036,0.036,0.04,0.032,0.036,0.038,0.72
15,539.014790764728,562.03851255548,553.750252916926,577.669672129294,NA,0,0,0,0,NA,0,17.538202047348,254.861224464575,0.267889495690664,0.2556511759758,NA,0.48,NA,0.024,0.03,0.024,0.036,0.05,0.038,0.038,0.034,0.042,0.684
16,547.779014803472,544.885859675255,553.611935078147,575.061587229102,NA,0,0,0,0,NA,0,11.784256696701,176.01632989645,0.184127577145894,0.186287637551626,NA,0.412,NA,0.016,0.018,0.018,0.038,0.04,0.042,0.054,0.036,0.034,0.704
17,543.272417761609,564.627435565027,547.794529042204,575.039316415095,NA,0,0,0,0,NA,0,16.661491394043,284.075898933411,0.281420612335205,0.303584122657776,NA,0.438,NA,0.008,0.01,0.024,0.034,0.04,0.046,0.046,0.044,0.042,0.706
18,545.135744311131,568.595952791519,548.72859131964,580.401138771899,NA,0,0,0,0,NA,0,18.9749627113342,275.419997040431,0.281910240650177,0.310224922498067,NA,0.454,NA,0.024,0.032,0.018,0.03,0.036,0.058,0.032,0.04,0.042,0.688
19,541.75596600517,572.734881954236,549.044993113911,573.153624869983,NA,0,0,0,0,NA,0,19.1366765499115,268.542291315397,0.255354380607605,0.258748201529185,NA,0.43,NA,0.034,0.018,0.02,0.052,0.038,0.05,0.026,0.05,0.04,0.672
20,535.928859462352,561.143368253934,550.957526898061,575.136365452126,NA,0,0,0,0,NA,0,17.7479341030121,274.749717438221,0.29430824915568,0.290321262677511,NA,0.418,NA,0.012,0.02,0.024,0.026,0.036,0.028,0.044,0.064,0.058,0.688
21,545.894020413684,560.159382085088,550.285572128595,577.443466429643,NA,0,0,0,0,NA,0,18.2378258705139,274.238825273514,0.269136909643809,0.274673744042714,NA,0.422,NA,0.016,0.018,0.032,0.026,0.026,0.038,0.03,0.042,0.064,0.708
22,536.202336453941,553.420869826797,552.876072585466,565.374011857429,NA,0,0,0,0,NA,0,16.8204510211945,267.333648351828,0.328262996673584,0.307517274220785,NA,0.478,NA,0.018,0.034,0.01,0.026,0.054,0.036,0.04,0.052,0.034,0.696
23,541.499470452196,551.961425515531,548.151349736,572.826567160961,NA,0,0,0,0,NA,0,12.1686546802521,169.229523428281,0.188305083910624,0.180356486638387,NA,0.422,NA,0.014,0.02,0.042,0.032,0.026,0.056,0.044,0.03,0.046,0.69
24,550.619277959825,568.768246142121,554.837920991623,574.747147383564,NA,0,0,0,0,NA,0,19.5459954738617,275.605850187937,0.261034937699636,0.266997027397156,NA,0.414,NA,0.02,0.02,0.036,0.026,0.038,0.036,0.036,0.032,0.026,0.73
25,546.260019538787,552.389065063884,554.935568947789,584.602382892801,NA,0,0,0,0,NA,0,19.7541038990021,280.11508624951,0.351940107345581,0.331458791097005,NA,0.442,NA,0.02,0.02,0.02,0.034,0.046,0.03,0.044,0.036,0.032,0.718
26,545.088003475198,545.536710408109,551.640310113238,574.190232037179,NA,0,0,0,0,NA,0,16.40296459198,281.630847684542,0.269309902191162,0.260756560166677,NA,0.368,NA,0.024,0.016,0.024,0.028,0.036,0.062,0.032,0.04,0.046,0.692
27,541.140909147526,571.279638619262,557.547943888661,573.151797282389,NA,0,0,0,0,NA,0,18.865234375,274.443290269375,0.286517306168874,0.285706830024719,NA,0.438,NA,0.034,0.018,0.036,0.028,0.034,0.032,0.044,0.048,0.028,0.698
28,545.919266405137,575.41234523277,553.0300018166,571.634537569507,NA,0,0,0,0,NA,0,17.3510627746582,268.254002114137,0.292360413074493,0.288221470514933,NA,0.464,NA,0.018,0.02,0.018,0.044,0.056,0.03,0.058,0.048,0.034,0.674
29,540.141726252895,579.896031189742,546.953515328852,570.577822204514,NA,0,0,0,0,NA,0,18.1785871982574,272.075464169184,0.25250582297643,0.267169109980265,NA,0.484,NA,0.022,0.022,0.026,0.016,0.038,0.052,0.042,0.054,0.042,0.686
30,542.987353173604,552.626859828905,551.44363902212,572.409132367745,NA,0,0,0,0,NA,0,12.0401878356934,181.888956574599,0.18507513999939,0.206201446056366,NA,0.456,NA,0.008,0.026,0.022,0.028,0.038,0.032,0.054,0.046,0.038,0.708
31,542.736902100821,556.755103281566,546.294658693397,579.973438262149,NA,0,0,0,0,NA,0,17.9293458461761,259.073021372159,0.255283868312836,0.260910328229268,NA,0.422,NA,0.028,0.018,0.024,0.034,0.028,0.046,0.048,0.024,0.03,0.72
32,544.403500653668,548.950035094894,546.475622627334,574.334725048854,NA,0,0,0,0,NA,0,20.0179054737091,264.921845734119,0.284185687700907,0.280795880158742,NA,0.436,NA,0.008,0.022,0.024,0.048,0.038,0.058,0.036,0.052,0.03,0.684
33,536.861667456999,562.934766403561,562.712473692141,577.276408013477,NA,0,0,0,0,NA,0,17.2014536857605,227.362179644903,0.181060830752055,0.196401381492615,NA,0.454,NA,0.018,0.026,0.028,0.032,0.036,0.04,0.044,0.034,0.054,0.688
34,541.892852045299,568.255980791328,552.367164994119,578.215208107208,NA,0,0,0,0,NA,0,19.301815032959,237.289382882913,0.194699426492055,0.195427028338114,NA,0.406,NA,0.02,0.012,0.022,0.032,0.038,0.054,0.03,0.05,0.036,0.706
35,535.027567282229,553.106696492267,545.433172428132,573.20680935201,NA,0,0,0,0,NA,0,18.9218964576721,273.514220734437,0.275403793652852,0.320529087384542,NA,0.446,NA,0.018,0.02,0.034,0.02,0.036,0.03,0.034,0.034,0.044,0.73
36,543.3887164449,571.244951964125,555.222288356442,574.440798158045,NA,0,0,0,0,NA,0,17.713564157486,270.485899229844,0.256586631139119,0.254734953244527,NA,0.456,NA,0.016,0.016,0.018,0.04,0.042,0.048,0.036,0.034,0.038,0.712
37,539.838104156226,561.294385198873,546.960725688207,570.170984889217,NA,0,0,0,0,NA,0,12.5527250766754,177.527620184422,0.185292454560598,0.176674544811249,NA,0.452,NA,0.02,0.02,0.026,0.034,0.04,0.038,0.042,0.038,0.04,0.702
38,550.152618370366,568.980059568424,549.645855951996,573.085944635688,NA,0,0,0,0,NA,0,17.0881135463715,230.954148391883,0.247998905181885,0.255205627282461,NA,0.466,NA,0.032,0.024,0.02,0.024,0.038,0.042,0.038,0.058,0.048,0.676
39,540.072449211086,557.249536079609,555.494015345268,579.205962651858,NA,0,0,0,0,NA,0,18.3162522315979,231.091914637883,0.263920525709788,0.257180062929789,NA,0.426,NA,0.024,0.022,0.026,0.036,0.05,0.026,0.04,0.066,0.038,0.672
40,539.786116620509,551.884147724707,552.654713638932,568.764035990633,NA,0,0,0,0,NA,0,12.4657144546509,172.698224612077,0.189127349853516,0.184049506982168,NA,0.436,NA,0.018,0.03,0.03,0.042,0.03,0.044,0.05,0.038,0.036,0.682
41,544.200425177975,576.678513842067,555.647535512408,580.926777100025,NA,0,0,0,0,NA,0,12.5181515216827,175.430861020088,0.176889423529307,0.185545611381531,NA,0.456,NA,0.018,0.03,0.018,0.024,0.034,0.046,0.042,0.028,0.046,0.714
42,549.431679872089,559.961551467047,562.732119749988,575.358854383568,NA,0,0,0,0,NA,0,19.315526008606,274.224121220907,0.251652630170186,0.261332647005717,NA,0.442,NA,0.024,0.008,0.032,0.032,0.03,0.046,0.018,0.038,0.052,0.72
43,541.862274827069,554.033204699841,552.75518836574,575.826351665063,NA,0,0,0,0,NA,0,17.1103458404541,185.069252431393,0.173146076997121,0.181071821848551,NA,0.438,NA,0.028,0.012,0.026,0.024,0.048,0.056,0.034,0.034,0.04,0.698
44,544.695112677587,561.247487709051,548.7556676461,573.599593734864,NA,0,0,0,0,NA,0,11.3692681789398,179.058955359459,0.190096795558929,0.181762528419495,NA,0.454,NA,0.02,0.024,0.028,0.028,0.032,0.048,0.052,0.036,0.04,0.692
45,537.601744227039,567.938629022463,554.315523122561,571.569445633933,NA,0,0,0,0,NA,0,16.0079901218414,186.424048399925,0.263676925500234,0.260826559861501,NA,0.456,NA,0.038,0.024,0.03,0.038,0.03,0.054,0.03,0.05,0.034,0.672
46,544.337815543872,569.99938188128,553.866881613132,577.298385825382,NA,0,0,0,0,NA,0,17.2524149417877,194.208662525813,0.165846538543701,0.166487773259481,NA,0.48,NA,0.028,0.006,0.024,0.016,0.038,0.046,0.05,0.034,0.056,0.702
47,543.846573230885,580.496815912713,555.109044599395,579.466440262701,NA,0,0,0,0,NA,0,11.8496530056,181.232817733288,0.194712022940318,0.21141330798467,NA,0.422,NA,0.01,0.004,0.022,0.014,0.05,0.046,0.05,0.04,0.046,0.718
48,541.613454855027,550.406484733513,546.318977725897,571.708490933318,NA,0,0,0,0,NA,0,11.7075781822205,170.413937457403,0.184939471880595,0.175788148244222,NA,0.406,NA,0.02,0.026,0.018,0.032,0.04,0.052,0.04,0.042,0.04,0.69
49,543.301782142616,552.536145349658,555.165595389645,571.402597214652,NA,0,0,0,0,NA,0,17.0252532958984,163.548067581654,0.166775075594584,0.170628623167674,NA,0.448,NA,0.022,0.014,0.026,0.03,0.058,0.046,0.036,0.052,0.03,0.686
50,543.362551317804,575.056032563896,554.721718422967,575.056032563896,NA,0,0,0,0,NA,0,11.3592667579651,138.118819502989,0.175244851907094,0.170909750461578,NA,0.422,NA,0.024,0.02,0.024,0.036,0.042,0.04,0.038,0.042,0.04,0.694
