"no","observed","IHsurvrf","trt1","trt0","trueopt","avg.prop.match.opt.obs","avg.prop.match.opt.IHsurvrf","avg.prop.match.opt.trt1","avg.prop.match.opt.trt0","avg.prop.match.opt.trueopt","change.integral","time.obs","time.IHsurvrf","time.trt1","time.trt0","time.trueopt","proportion.censor","num.convergence.it","n_1","n_2","n_3","n_4","n_5","n_6","n_7","n_8","n_9","n_10"
102,477.93288154672,495.224769805211,489.608135549138,512.192283124867,NA,0,0,0,0,NA,0,15.5318865776062,278.194142607848,0.232323149840037,0.238348956902822,NA,0.3,NA,0.018,0.016,0.016,0.034,0.052,0.052,0.026,0.042,0.03,0.714
103,475.178098068989,509.853505532639,489.77041024176,509.141397215494,NA,0,0,0,0,NA,0,15.4185478687286,278.704357715448,0.257474116484324,0.270147832234701,NA,0.278,NA,0.014,0.01,0.024,0.03,0.044,0.048,0.056,0.024,0.054,0.696
104,477.240103561605,480.823623588692,483.467882322663,515.805500432888,NA,0,0,0,0,NA,0,10.3817195892334,280.521496216456,0.245450492699941,0.239281193415324,NA,0.262,NA,0.02,0.03,0.008,0.018,0.032,0.046,0.022,0.042,0.048,0.734
105,477.369693386731,499.342260090289,489.483293759191,501.739053335828,NA,0,0,0,0,NA,0,15.4508550167084,189.015203857422,0.203518815835317,0.208212117354075,NA,0.27,NA,0.016,0.012,0.022,0.022,0.046,0.034,0.042,0.046,0.03,0.73
107,467.834835067419,489.650277413219,488.364861856862,508.060508430275,NA,0,0,0,0,NA,0,15.5745840072632,276.364300223192,0.275500520070394,0.269005425771077,NA,0.282,NA,0.014,0.022,0.02,0.038,0.046,0.032,0.054,0.052,0.036,0.686
109,480.531557946605,495.013304901263,491.639089298517,503.070199357657,NA,0,0,0,0,NA,0,15.651198387146,285.315843546391,0.244672608375549,0.238740952809652,NA,0.28,NA,0.016,0.016,0.024,0.03,0.054,0.042,0.052,0.052,0.03,0.684
110,476.072979508563,488.794977653545,492.124743336801,509.530492046556,NA,0,0,0,0,NA,0,17.9087431430817,292.501147969564,0.168928134441376,0.175334334373474,NA,0.256,NA,0.022,0.026,0.016,0.032,0.038,0.024,0.046,0.036,0.026,0.734
111,476.028212524341,494.090030889824,490.050170478202,504.635349992381,NA,0,0,0,0,NA,0,15.311981678009,290.356225879987,0.179237123330434,0.170665077368418,NA,0.288,NA,0.016,0.016,0.024,0.024,0.026,0.048,0.04,0.03,0.034,0.742
112,476.713128106288,505.77396688006,491.265548591026,513.955871106618,NA,0,0,0,0,NA,0,13.3976669311523,192.180435303847,0.196748650074005,0.200502848625183,NA,0.312,NA,0.02,0.024,0.018,0.022,0.04,0.048,0.03,0.038,0.054,0.706
114,474.634167471314,496.313817873346,489.05229662693,509.595118325613,NA,0,0,0,0,NA,0,18.297292470932,289.741503647963,0.18732252518336,0.183250470956167,NA,0.258,NA,0.022,0.026,0.024,0.012,0.048,0.016,0.054,0.036,0.046,0.716
116,478.754573627714,485.627937440753,487.876302510453,507.733445184495,NA,0,0,0,0,NA,0,15.5362486839294,187.730116999149,0.16810401280721,0.160379993915558,NA,0.284,NA,0.024,0.024,0.02,0.032,0.042,0.038,0.038,0.04,0.044,0.698
117,475.29917027497,499.039683142804,486.173833759555,507.973365204507,NA,0,0,0,0,NA,0,11.8802058696747,238.988464021683,0.171707820892334,0.179976840813955,NA,0.226,NA,0.022,0.012,0.016,0.018,0.042,0.036,0.038,0.024,0.044,0.748
118,471.914109186926,499.397899424384,489.880295131148,506.26137084823,NA,0,0,0,0,NA,0,10.8284375667572,239.119673728943,0.177845974763234,0.174085867404938,NA,0.314,NA,0.016,0.024,0.022,0.042,0.052,0.02,0.054,0.058,0.03,0.682
119,484.435799745359,478.622631889475,489.611647649848,498.261556760726,NA,0,0,0,0,NA,0,13.466682434082,197.469427883625,0.168825689951579,0.173534099260966,NA,0.282,NA,0.014,0.012,0.032,0.022,0.022,0.026,0.056,0.048,0.044,0.724
121,478.554381169824,487.082077190581,491.303058478897,510.262514136934,NA,0,0,0,0,NA,0,11.0104277133942,231.120694013437,0.254439135392507,0.258201698462168,NA,0.272,NA,0.024,0.026,0.018,0.026,0.044,0.036,0.04,0.024,0.042,0.72
123,475.721723128216,491.043631223548,494.473442056402,517.932053977978,NA,0,0,0,0,NA,0,10.0698409080505,200.776932811737,0.240763874848684,0.223788531621297,NA,0.29,NA,0.022,0.028,0.018,0.026,0.032,0.04,0.06,0.042,0.03,0.702
124,477.363199339186,487.687454117903,488.814250525633,506.261693818239,NA,0,0,0,0,NA,0,11.9996423721313,193.294604726632,0.18136393626531,0.167676293849945,NA,0.22,NA,0.014,0.028,0.018,0.024,0.04,0.034,0.04,0.026,0.042,0.734
125,472.888743885885,493.009692368065,491.209148117067,502.952919521707,NA,0,0,0,0,NA,0,10.375883102417,177.461302598317,0.170780352751414,0.169951236248016,NA,0.292,NA,0.026,0.028,0.01,0.044,0.052,0.034,0.054,0.046,0.044,0.662
126,474.471993699592,509.366876695679,487.480729675001,513.345674076267,NA,0,0,0,0,NA,0,11.295104265213,209.849467440446,0.270661584536235,0.253940653800964,NA,0.268,NA,0.02,0.016,0.02,0.028,0.042,0.048,0.052,0.028,0.03,0.716
128,479.317166669797,491.589894686209,485.839312743767,509.19133831498,NA,0,0,0,0,NA,0,17.4047749042511,260.442833840847,0.234538169701894,0.225917108853658,NA,0.288,NA,0.018,0.016,0.01,0.04,0.062,0.042,0.034,0.046,0.038,0.694
130,475.993112671808,499.154884754354,489.661592381368,511.47248487084,NA,0,0,0,0,NA,0,14.3993372917175,275.492554990451,0.225663216908773,0.223057023684184,NA,0.284,NA,0.018,0.008,0.016,0.022,0.054,0.05,0.044,0.024,0.022,0.742
131,477.625004615899,499.302049254752,489.655867233551,514.238509183108,NA,0,0,0,0,NA,0,10.4133970737457,192.725844673316,0.165343753496806,0.172813049952189,NA,0.278,NA,0.016,0.008,0.024,0.022,0.024,0.062,0.046,0.044,0.032,0.722
132,472.404624662454,502.944752073786,493.792992694968,511.594041365913,NA,0,0,0,0,NA,0,11.4440433979034,197.195169917742,0.18825120528539,0.172364517052968,NA,0.26,NA,0.014,0.018,0.02,0.032,0.034,0.04,0.05,0.046,0.026,0.72
133,477.20859619056,493.038087116277,489.197793426745,516.34303139574,NA,0,0,0,0,NA,0,16.2840507030487,216.881079713504,0.17179761727651,0.17198877731959,NA,0.248,NA,0.022,0.012,0.022,0.034,0.026,0.038,0.034,0.038,0.024,0.75
135,483.168283815142,488.978425865015,488.60815813253,504.869630676016,NA,0,0,0,0,NA,0,14.7805173397064,274.183278640111,0.236329491933187,0.23878880739212,NA,0.286,NA,0.018,0.016,0.028,0.034,0.044,0.044,0.036,0.048,0.056,0.676
137,479.974515359775,499.933990977564,496.166934251692,519.882613882106,NA,0,0,0,0,NA,0,15.5423407554626,232.223843403657,0.174616785844167,0.170799930890401,NA,0.32,NA,0.014,0.008,0.024,0.034,0.032,0.046,0.044,0.038,0.048,0.712
138,478.066990602558,486.930447486251,484.89548700811,512.200573645784,NA,0,0,0,0,NA,0,11.1672921180725,185.324280484517,0.167210753758748,0.158124001820882,NA,0.3,NA,0.01,0.014,0.012,0.04,0.04,0.024,0.038,0.046,0.028,0.748
139,471.901765493243,506.448686946758,490.476181563704,510.60318160078,NA,0,0,0,0,NA,0,11.0891332626343,190.66337993145,0.185352297623952,0.170748051007589,NA,0.256,NA,0.018,0.012,0.024,0.024,0.038,0.044,0.044,0.022,0.056,0.718
140,471.109798822494,497.7776280633,490.945139480478,507.927619455358,NA,0,0,0,0,NA,0,10.4357025623322,182.308805469672,0.175573225816091,0.16813892920812,NA,0.23,NA,0.016,0.02,0.012,0.032,0.028,0.038,0.05,0.036,0.032,0.736
142,477.259771589256,492.012576393386,485.55087233998,510.186872914597,NA,0,0,0,0,NA,0,15.8888251781464,194.795904378096,0.166060392061869,0.171709442138672,NA,0.282,NA,0.01,0.014,0.016,0.032,0.024,0.06,0.042,0.028,0.042,0.732
144,478.85894049616,507.175412736306,490.499999392866,509.029967478898,NA,0,0,0,0,NA,0,11.3463447093964,155.01734058857,0.159740738073985,0.163397300243378,NA,0.268,NA,0.014,0.024,0.02,0.022,0.026,0.048,0.04,0.038,0.058,0.71
145,478.594418686702,506.316163035728,488.116153540222,513.613101492851,NA,0,0,0,0,NA,0,10.1228923797607,171.782504832745,0.174282209078471,0.167755468686422,NA,0.25,NA,0.016,0.022,0.03,0.03,0.036,0.05,0.04,0.03,0.036,0.71
146,472.555635690957,497.807282026961,492.292302530384,516.5249291272,NA,0,0,0,0,NA,0,10.4733836650848,182.067386929194,0.170853817462921,0.166032501061757,NA,0.268,NA,0.018,0.016,0.018,0.028,0.054,0.046,0.04,0.026,0.04,0.714
147,476.520309246629,490.153759011645,491.755106381397,509.788401805826,NA,0,0,0,0,NA,0,10.9450845718384,182.489860721429,0.168556400140127,0.169667136669159,NA,0.258,NA,0.018,0.018,0.018,0.022,0.054,0.042,0.048,0.038,0.022,0.72
149,470.751774751812,494.449544388737,484.017506179517,511.700550597676,NA,0,0,0,0,NA,0,10.4648811817169,154.07896822691,0.156067101160685,0.158291629950205,NA,0.262,NA,0.008,0.026,0.018,0.034,0.032,0.06,0.028,0.04,0.028,0.726
