"no","observed","IHsurvrf","trt1","trt0","trueopt","avg.prop.match.opt.obs","avg.prop.match.opt.IHsurvrf","avg.prop.match.opt.trt1","avg.prop.match.opt.trt0","avg.prop.match.opt.trueopt","change.integral","time.obs","time.IHsurvrf","time.trt1","time.trt0","time.trueopt","proportion.censor","num.convergence.it","n_1","n_2","n_3","n_4","n_5","n_6","n_7","n_8","n_9","n_10","n_11","n_12","n_13","n_14","n_15"
1,1003.41418488681,1051.33896575741,1055.50053024435,1063.30537807536,NA,0,0,0,0,NA,0,23.5760130882263,603.148090394338,0.262678794066111,0.256185976664225,NA,0.488,NA,0.012,0.012,0.006,0.018,0.032,0.03,0.034,0.036,0.038,0.028,0.034,0.026,0.02,0.014,0.66
2,1012.45390687199,1056.97292563581,1071.47043650465,1061.45927817693,NA,0,0,0,0,NA,0,26.3839604854584,966.71583207051,0.406196836630503,0.392461057504018,NA,0.454,NA,0.01,0.006,0.014,0.02,0.032,0.022,0.038,0.036,0.026,0.034,0.026,0.022,0.04,0.02,0.654
3,1008.29644550621,1052.55067402661,1066.6718372726,1060.00407091236,NA,0,0,0,0,NA,0,17.57830119133,910.202506188552,0.387650593121847,0.390936275323232,NA,0.51,NA,0.002,0.014,0.01,0.016,0.042,0.036,0.038,0.026,0.026,0.034,0.024,0.022,0.03,0.028,0.652
4,1010.75740126029,1010.81976685957,1063.95108133288,1066.33473199067,NA,0,0,0,0,NA,0,26.2658267021179,965.68214768966,0.399014393488566,0.387376670042674,NA,0.52,NA,0.008,0.006,0.014,0.012,0.024,0.04,0.036,0.036,0.034,0.032,0.034,0.034,0.03,0.028,0.632
5,1009.9508313654,1064.42289451201,1065.15902554154,1064.57160481587,NA,0,0,0,0,NA,0,26.1117336750031,919.209307432175,0.370061882336934,0.369455373287201,NA,0.522,NA,0.006,0.01,0.012,0.018,0.032,0.052,0.036,0.034,0.036,0.03,0.038,0.028,0.03,0.022,0.616
6,1011.73888006758,1051.19452757881,1079.2290509725,1059.90957966029,NA,0,0,0,0,NA,0,17.2641150951385,756.445868690809,0.273938671747843,0.262558428446452,NA,0.49,NA,0.004,0.008,0.016,0.016,0.026,0.038,0.03,0.026,0.03,0.036,0.022,0.052,0.022,0.026,0.648
7,1001.49454628786,1035.29982442573,1062.07371954384,1058.56245408293,NA,0,0,0,0,NA,0,25.9618921279907,953.71103969415,0.373509613672892,0.374983994166056,NA,0.512,NA,0.014,0.002,0.006,0.024,0.016,0.036,0.03,0.048,0.042,0.024,0.036,0.04,0.04,0.016,0.626
8,1001.11197413141,1049.08861391699,1071.12034115175,1060.77078482278,NA,0,0,0,0,NA,0,25.333464384079,1087.22349999348,0.402936295668284,0.380764512221018,NA,0.468,NA,0.012,0.008,0.006,0.01,0.036,0.028,0.026,0.03,0.024,0.044,0.026,0.026,0.036,0.038,0.65
9,1016.14526739445,1056.18333478364,1068.82023399259,1072.11481218778,NA,0,0,0,0,NA,0,25.2003455162048,951.051970104376,0.413358692328135,0.407783603668213,NA,0.486,NA,0.004,0.004,0.014,0.018,0.028,0.032,0.05,0.042,0.03,0.036,0.028,0.026,0.03,0.01,0.648
10,1005.73995407,1040.75659304318,1073.45281835093,1059.54627276902,NA,0,0,0,0,NA,0,24.6466670036316,1140.22506823142,0.372316833337148,0.365017648537954,NA,0.524,NA,0.008,0.006,0.008,0.016,0.012,0.034,0.032,0.04,0.028,0.042,0.034,0.036,0.026,0.046,0.632
11,1009.31630388981,1042.56087374852,1067.14819165866,1058.11929262763,NA,0,0,0,0,NA,0,17.2191696166992,606.363938454787,0.268778204917908,0.271998171011607,NA,0.486,NA,0,0.008,0.018,0.032,0.034,0.03,0.054,0.038,0.032,0.026,0.028,0.034,0.03,0.026,0.61
12,1002.21003081612,1004.8525805848,1065.24716876609,1059.11034553315,NA,0,0,0,0,NA,0,24.9084286689758,883.665191948414,0.380047194163005,0.37552938858668,NA,0.5,NA,0.006,0.01,0.012,0.012,0.038,0.022,0.04,0.024,0.038,0.034,0.026,0.016,0.026,0.036,0.66
13,1019.59420895161,1039.8039694191,1070.12406227715,1057.25143070418,NA,0,0,0,0,NA,0,24.2788696289062,852.033006795247,0.389789319038391,0.370764517784119,NA,0.482,NA,0.008,0.004,0.01,0.016,0.02,0.052,0.04,0.034,0.044,0.034,0.024,0.028,0.022,0.034,0.63
14,1006.14690639026,1041.49729389872,1067.51136109529,1056.93865854708,NA,0,0,0,0,NA,0,26.6022326946259,879.486031595866,0.404364800453186,0.409770143032074,NA,0.484,NA,0.002,0.012,0.002,0.028,0.024,0.034,0.03,0.02,0.034,0.04,0.022,0.05,0.026,0.022,0.654
15,1004.69023626275,1013.52225670131,1069.50172060734,1059.37722901017,NA,0,0,0,0,NA,0,24.0915205478668,976.076453407606,0.385282305876414,0.37937353849411,NA,0.526,NA,0,0.01,0.01,0.016,0.028,0.03,0.034,0.03,0.036,0.03,0.038,0.036,0.026,0.026,0.65
16,1005.46960763557,1049.11893870642,1069.39269636018,1060.23558029564,NA,0,0,0,0,NA,0,18.1272230148315,604.078014461199,0.258843588829041,0.253240644931793,NA,0.498,NA,0.004,0.004,0.004,0.03,0.024,0.032,0.04,0.04,0.02,0.028,0.03,0.034,0.026,0.036,0.648
17,1015.15390630604,1023.209493795,1069.00057607386,1066.62101109397,NA,0,0,0,0,NA,0,24.2848703861237,715.451579606533,0.259800028800964,0.25530914068222,NA,0.486,NA,0,0.004,0.01,0.014,0.026,0.038,0.014,0.038,0.028,0.036,0.032,0.03,0.026,0.03,0.674
18,1011.69165963196,1069.16987747156,1081.07285950128,1070.46456218228,NA,0,0,0,0,NA,0,24.7098407745361,842.57143604358,0.410091209411621,0.393531580766042,NA,0.494,NA,0.004,0.018,0.002,0.018,0.028,0.04,0.032,0.042,0.04,0.034,0.01,0.038,0.032,0.048,0.614
19,1008.45992074702,1047.54551754871,1063.74482076631,1068.18488757159,NA,0,0,0,0,NA,0,26.0186038017273,699.427559792995,0.260908202330271,0.25752481619517,NA,0.464,NA,0.006,0,0.012,0.016,0.016,0.04,0.046,0.032,0.034,0.038,0.026,0.024,0.02,0.016,0.674
20,999.716223563887,1049.20166308007,1077.61769535016,1061.40663612512,NA,0,0,0,0,NA,0,24.5517115592957,1037.31065297127,0.385834006468455,0.360590088367462,NA,0.536,NA,0.002,0.002,0.018,0.018,0.022,0.036,0.036,0.038,0.042,0.026,0.036,0.036,0.032,0.04,0.616
21,1000.55895425032,1038.9970179885,1074.46557242917,1060.70966078608,NA,0,0,0,0,NA,0,17.2385206222534,603.679491635164,0.264618388811747,0.255408199628194,NA,0.482,NA,0.002,0.004,0.018,0.012,0.02,0.036,0.046,0.032,0.03,0.04,0.026,0.03,0.022,0.028,0.654
22,1014.03371977029,1059.82978511282,1073.53975561953,1060.35833563173,NA,0,0,0,0,NA,0,16.4718909263611,673.883109060923,0.296116721630096,0.297339793046316,NA,0.508,NA,0.004,0.008,0.002,0.014,0.016,0.036,0.028,0.032,0.03,0.042,0.03,0.03,0.03,0.042,0.656
23,1003.85490805859,1059.6553884462,1069.51340993499,1058.56602813291,NA,0,0,0,0,NA,0,27.4985868930817,731.90981597503,0.286230019728343,0.280787857373555,NA,0.524,NA,0.004,0.002,0.016,0.01,0.03,0.048,0.036,0.026,0.03,0.038,0.034,0.026,0.026,0.018,0.656
24,1010.72607621701,1045.91130129361,1064.57974266359,1070.55639843265,NA,0,0,0,0,NA,0,17.4361462593079,625.187394714355,0.267450737953186,0.257398104667664,NA,0.502,NA,0.006,0.006,0.002,0.012,0.03,0.044,0.022,0.034,0.044,0.024,0.022,0.02,0.05,0.044,0.64
25,1006.31662761883,1059.05971320571,1069.1521010542,1061.78701553185,NA,0,0,0,0,NA,0,24.0716028213501,698.005319897334,0.282771893342336,0.268247731526693,NA,0.492,NA,0.012,0.01,0.004,0.012,0.028,0.02,0.048,0.022,0.034,0.03,0.034,0.038,0.032,0.028,0.648
