"no","observed","IHsurvrf","trt1","trt0","trueopt","avg.prop.match.opt.obs","avg.prop.match.opt.IHsurvrf","avg.prop.match.opt.trt1","avg.prop.match.opt.trt0","avg.prop.match.opt.trueopt","change.integral","time.obs","time.IHsurvrf","time.trt1","time.trt0","time.trueopt","proportion.censor","num.convergence.it","n_1","n_2","n_3","n_4","n_5","n_6","n_7","n_8","n_9","n_10","n_11","n_12","n_13","n_14","n_15"
101,691.742249755628,686.773033943473,742.6779142158,752.154149080159,NA,0,0,0,0,NA,0,22.7548453807831,852.316239178181,0.380446068445841,0.370301894346873,NA,0.302,NA,0.014,0.016,0.034,0.04,0.05,0.03,0.036,0.026,0.038,0.034,0.028,0.042,0.03,0.026,0.556
102,688.96002479501,720.735949755114,757.470918414163,757.047881918133,NA,0,0,0,0,NA,0,27.0447170734406,623.030004394054,0.245702568689982,0.248975110054016,NA,0.352,NA,0.018,0.016,0.016,0.034,0.044,0.054,0.03,0.042,0.03,0.032,0.038,0.028,0.038,0.04,0.54
103,686.043087971766,703.049886258903,749.297248837913,755.355138690429,NA,0,0,0,0,NA,0,26.7902390956879,713.493078021208,0.374178433418274,0.369740045070648,NA,0.302,NA,0.014,0.01,0.022,0.03,0.052,0.036,0.066,0.036,0.036,0.03,0.024,0.026,0.03,0.02,0.568
104,686.410724689871,693.137363090517,746.619949223247,750.442473102207,NA,0,0,0,0,NA,0,26.6737818717957,732.065714315573,0.348354542255402,0.345391221841176,NA,0.318,NA,0.02,0.03,0.008,0.016,0.032,0.038,0.018,0.04,0.054,0.038,0.038,0.032,0.032,0.036,0.568
105,691.035193008815,727.975860337157,748.709380165221,748.725378657596,NA,0,0,0,0,NA,0,17.3393874168396,823.550217056274,0.249884855747223,0.254360342025757,NA,0.332,NA,0.016,0.012,0.024,0.02,0.04,0.046,0.048,0.058,0.046,0.02,0.024,0.028,0.032,0.044,0.542
106,697.77565663215,741.377149954923,765.723572087259,750.46025982369,NA,0,0,0,0,NA,0,24.1103711128235,670.265939553579,0.249122754732768,0.237712371349335,NA,0.298,NA,0.01,0.014,0.022,0.02,0.038,0.046,0.044,0.03,0.036,0.038,0.034,0.022,0.036,0.034,0.576
107,688.173382081446,742.828292558104,753.291608796889,747.120085291885,NA,0,0,0,0,NA,0,16.287104845047,583.076522823175,0.372061916192373,0.367054812113444,NA,0.32,NA,0.014,0.022,0.02,0.036,0.038,0.052,0.048,0.052,0.036,0.062,0.028,0.026,0.044,0.022,0.5
108,693.524672600657,725.086918288876,760.428957907603,747.464450859954,NA,0,0,0,0,NA,0,24.8229484558105,741.362911514441,0.370472224553426,0.350995055834452,NA,0.312,NA,0.03,0.026,0.012,0.032,0.038,0.052,0.03,0.022,0.03,0.02,0.034,0.022,0.034,0.036,0.582
109,703.449088985699,688.315042137744,750.979855625721,748.305067946662,NA,0,0,0,0,NA,0,23.0017623901367,663.830593061447,0.357675131162008,0.358885439236959,NA,0.324,NA,0.016,0.016,0.024,0.026,0.052,0.048,0.044,0.042,0.042,0.046,0.034,0.024,0.018,0.028,0.54
110,691.62953134291,703.790762505618,747.633349822576,760.988248535708,NA,0,0,0,0,NA,0,15.9028067588806,565.280592719714,0.356199236710866,0.352453148365021,NA,0.334,NA,0.022,0.028,0.012,0.028,0.032,0.036,0.062,0.038,0.03,0.044,0.05,0.03,0.038,0.032,0.518
111,693.685074286086,711.072590661344,758.675976482144,750.411187264271,NA,0,0,0,0,NA,0,15.9844365119934,690.553167160352,0.35100919008255,0.351143165429433,NA,0.336,NA,0.016,0.016,0.024,0.024,0.026,0.048,0.036,0.036,0.038,0.046,0.028,0.044,0.03,0.018,0.57
112,695.319073277436,692.08156075744,763.961517252962,769.977631072063,NA,0,0,0,0,NA,0,24.9446866512299,701.866685330868,0.352277322610219,0.346626047293345,NA,0.318,NA,0.02,0.024,0.018,0.022,0.034,0.054,0.028,0.038,0.038,0.026,0.054,0.024,0.018,0.032,0.57
113,689.055491125573,730.461165376086,750.906926818272,752.32054757405,NA,0,0,0,0,NA,0,23.1411173343658,685.517688902219,0.352748143672943,0.353484936555227,NA,0.338,NA,0.018,0.018,0.016,0.038,0.032,0.048,0.038,0.052,0.046,0.034,0.038,0.05,0.03,0.032,0.51
114,682.885602699909,696.297620552987,757.697924415887,758.868386574154,NA,0,0,0,0,NA,0,22.9295833110809,562.206263915698,0.251522056261698,0.245974457263947,NA,0.306,NA,0.022,0.026,0.024,0.012,0.044,0.022,0.048,0.044,0.034,0.044,0.028,0.024,0.044,0.026,0.558
115,692.77669775269,707.701687002615,752.623354649675,754.735437357105,NA,0,0,0,0,NA,0,23.5062322616577,690.573348001639,0.363401321570079,0.361034345626831,NA,0.312,NA,0.034,0.016,0.02,0.022,0.03,0.03,0.064,0.04,0.036,0.034,0.036,0.03,0.028,0.024,0.556
116,697.834356414995,695.650551854925,758.840990519601,753.202078988281,NA,0,0,0,0,NA,0,23.1716041564941,646.548802248637,0.349359552065531,0.354133013884226,NA,0.316,NA,0.024,0.024,0.02,0.032,0.04,0.028,0.04,0.042,0.048,0.036,0.036,0.016,0.024,0.034,0.556
117,691.48062280008,678.030232522523,761.779593775675,753.082101902841,NA,0,0,0,0,NA,0,22.9352195262909,617.382546699047,0.248636341094971,0.24121146996816,NA,0.32,NA,0.022,0.012,0.016,0.018,0.04,0.038,0.034,0.03,0.042,0.038,0.036,0.02,0.032,0.03,0.592
118,696.345758828316,732.102438405961,755.917366762998,767.701111794099,NA,0,0,0,0,NA,0,23.461038351059,665.550752329826,0.34932990471522,0.353543078899384,NA,0.334,NA,0.016,0.024,0.022,0.042,0.052,0.02,0.054,0.054,0.032,0.046,0.04,0.026,0.044,0.022,0.506
119,697.512162913116,691.053810366943,757.303127372273,754.962469059247,NA,0,0,0,0,NA,0,15.6808831691742,552.61425520579,0.362584014733632,0.351313138008118,NA,0.296,NA,0.014,0.012,0.032,0.02,0.022,0.028,0.05,0.042,0.036,0.04,0.032,0.03,0.032,0.028,0.582
120,698.127466183095,720.188896545405,757.331999106594,753.458492321592,NA,0,0,0,0,NA,0,24.4504718780518,680.078358852863,0.349696048100789,0.348204036553701,NA,0.302,NA,0.026,0.014,0.028,0.038,0.038,0.034,0.058,0.03,0.032,0.032,0.024,0.038,0.028,0.038,0.542
121,693.302077353021,712.984330516161,757.55548186161,743.916432502472,NA,0,0,0,0,NA,0,23.4429695606232,538.221277519067,0.233949462572734,0.233400237560272,NA,0.292,NA,0.024,0.026,0.018,0.02,0.048,0.04,0.03,0.04,0.046,0.038,0.024,0.034,0.034,0.026,0.552
122,691.944374638648,736.796649297247,756.11137680639,749.849931561216,NA,0,0,0,0,NA,0,16.6275932788849,499.672691432635,0.257856758435567,0.250084547201792,NA,0.31,NA,0.018,0.014,0.02,0.014,0.032,0.046,0.042,0.028,0.044,0.03,0.046,0.03,0.022,0.036,0.578
123,687.4215270767,718.665625734415,746.31836543521,753.035180960617,NA,0,0,0,0,NA,0,23.7006642818451,518.465517405669,0.243974367777507,0.233628523349762,NA,0.324,NA,0.024,0.028,0.018,0.024,0.04,0.048,0.046,0.032,0.044,0.038,0.024,0.028,0.032,0.022,0.552
124,695.884698691736,720.724776386444,755.911978824993,753.126589807006,NA,0,0,0,0,NA,0,22.9394104480743,675.224317920208,0.35323181549708,0.348727301756541,NA,0.32,NA,0.014,0.028,0.018,0.024,0.038,0.04,0.028,0.036,0.026,0.042,0.05,0.03,0.024,0.024,0.578
125,691.330063514033,695.053855227781,754.841100381112,749.21878421689,NA,0,0,0,0,NA,0,23.1609175205231,521.936607547601,0.247489408651988,0.253462735811869,NA,0.322,NA,0.026,0.028,0.01,0.044,0.052,0.032,0.05,0.04,0.052,0.032,0.036,0.026,0.026,0.028,0.518
