"no","observed","IHsurvrf","trt1","trt0","trueopt","avg.prop.match.opt.obs","avg.prop.match.opt.IHsurvrf","avg.prop.match.opt.trt1","avg.prop.match.opt.trt0","avg.prop.match.opt.trueopt","change.integral","time.obs","time.IHsurvrf","time.trt1","time.trt0","time.trueopt","proportion.censor","num.convergence.it","n_1","n_2","n_3","n_4","n_5","n_6","n_7","n_8","n_9","n_10","n_11","n_12","n_13","n_14","n_15"
126,686.589391008711,727.996035907174,748.680066534736,740.823343802824,NA,0,0,0,0,NA,0,43.4967739582062,1547.34672336976,0.681694829463959,0.665519658724467,NA,0.344,NA,0.02,0.016,0.02,0.028,0.042,0.046,0.044,0.024,0.04,0.042,0.04,0.034,0.034,0.02,0.55
127,696.145946738374,723.383033791305,762.132830831994,748.430929730451,NA,0,0,0,0,NA,0,25.5750715732574,1042.2822814703,0.388611153761546,0.381002072493235,NA,0.316,NA,0.014,0.01,0.032,0.032,0.028,0.032,0.062,0.044,0.02,0.038,0.026,0.05,0.038,0.028,0.546
129,687.014933646232,724.733216740718,758.054425462726,753.180254562964,NA,0,0,0,0,NA,0,43.8433051109314,1802.81403644085,0.667087697982788,0.656823337078094,NA,0.312,NA,0.012,0.022,0.016,0.036,0.032,0.034,0.032,0.046,0.046,0.026,0.028,0.03,0.022,0.018,0.6
131,682.81312868684,735.181456627798,757.202997622869,759.990109847403,NA,0,0,0,0,NA,0,44.8726756572723,1406.19487779538,0.374590198198954,0.363159318765004,NA,0.32,NA,0.016,0.008,0.024,0.02,0.03,0.054,0.05,0.032,0.046,0.036,0.03,0.04,0.036,0.026,0.552
132,688.032584638867,730.41874829825,758.428664247312,753.06729557409,NA,0,0,0,0,NA,0,24.7420916557312,1087.33581863642,0.746178297201792,0.727297496795654,NA,0.344,NA,0.014,0.018,0.02,0.03,0.034,0.034,0.048,0.046,0.032,0.026,0.044,0.044,0.032,0.036,0.542
134,690.03324934402,736.94760641224,755.18183459833,762.682026711821,NA,0,0,0,0,NA,0,43.93590259552,1356.76921076775,0.41572440067927,0.405026710033417,NA,0.312,NA,0.018,0.02,0.014,0.036,0.048,0.018,0.04,0.046,0.034,0.038,0.032,0.02,0.038,0.026,0.572
136,689.492986914428,740.075376960466,758.045592274663,756.898913358087,NA,0,0,0,0,NA,0,23.8700168132782,1523.02458339532,0.389664626121521,0.38257908821106,NA,0.33,NA,0.018,0.012,0.014,0.024,0.044,0.04,0.04,0.04,0.036,0.044,0.03,0.03,0.022,0.022,0.584
137,694.515172984473,726.753964060901,755.227061770362,758.381289163643,NA,0,0,0,0,NA,0,47.2407329082489,1404.35613153378,0.399080852667491,0.37022959391276,NA,0.358,NA,0.014,0.006,0.024,0.032,0.03,0.044,0.05,0.046,0.04,0.034,0.04,0.036,0.022,0.034,0.548
139,695.916566593004,740.583550704488,753.325771054686,762.55910084089,NA,0,0,0,0,NA,0,26.0433518886566,1555.63572634459,0.379181206226349,0.368045576413473,NA,0.292,NA,0.018,0.014,0.024,0.03,0.034,0.034,0.04,0.036,0.042,0.034,0.04,0.022,0.01,0.036,0.586
141,700.521605766957,739.006601095258,763.60943807384,761.805563064291,NA,0,0,0,0,NA,0,24.5245623588562,1397.77871628602,0.450273819764455,0.427755987644196,NA,0.326,NA,0.012,0.018,0.024,0.028,0.036,0.04,0.05,0.03,0.044,0.028,0.06,0.02,0.022,0.03,0.558
142,697.96913174439,716.423904873184,755.493854385974,755.116917234464,NA,0,0,0,0,NA,0,24.0143008232117,1527.82382040819,0.419553816318512,0.407424509525299,NA,0.318,NA,0.01,0.014,0.016,0.032,0.024,0.056,0.04,0.032,0.044,0.03,0.032,0.036,0.028,0.03,0.576
144,694.035305750146,712.172732956579,757.044488694151,752.266052435876,NA,0,0,0,0,NA,0,24.8124606609344,1432.56324350834,0.378258140881856,0.370113643010457,NA,0.32,NA,0.014,0.024,0.018,0.022,0.03,0.05,0.04,0.034,0.042,0.044,0.044,0.044,0.04,0.022,0.532
146,681.331399240768,710.862214412064,769.523706883391,758.004690901405,NA,0,0,0,0,NA,0,27.9609055519104,1207.98139341672,0.403376619021098,0.381622727711995,NA,0.31,NA,0.018,0.016,0.018,0.026,0.048,0.052,0.046,0.036,0.034,0.034,0.046,0.036,0.028,0.026,0.536
147,697.75458437703,736.132680754953,760.004641729422,757.06551041405,NA,0,0,0,0,NA,0,26.1368112564087,1401.68505098025,0.393162560462952,0.367973033587138,NA,0.272,NA,0.018,0.018,0.016,0.03,0.044,0.04,0.048,0.028,0.042,0.028,0.028,0.032,0.022,0.024,0.582
149,680.541051270932,745.636225975094,760.625900103397,747.379555524105,NA,0,0,0,0,NA,0,24.4117703437805,1196.57362046639,0.369847504297892,0.35859317779541,NA,0.29,NA,0.008,0.026,0.018,0.034,0.026,0.066,0.036,0.038,0.024,0.026,0.024,0.05,0.036,0.034,0.554
