"no","observed","IHsurvrf","trt1","trt0","trueopt","avg.prop.match.opt.obs","avg.prop.match.opt.IHsurvrf","avg.prop.match.opt.trt1","avg.prop.match.opt.trt0","avg.prop.match.opt.trueopt","change.integral","time.obs","time.IHsurvrf","time.trt1","time.trt0","time.trueopt","proportion.censor","num.convergence.it","n_1","n_2","n_3","n_4","n_5","n_6","n_7","n_8","n_9","n_10","n_11","n_12","n_13","n_14","n_15"
76,688.173508793394,696.310836313118,745.67575672466,740.222877091349,NA,0,0,0,0,NA,0,35.8238258361816,1377.00753301382,0.488512150446574,0.480866158008575,NA,0.306,NA,0.02,0.014,0.014,0.022,0.036,0.024,0.034,0.048,0.048,0.028,0.038,0.032,0.036,0.03,0.576
77,687.037697274053,725.142215292676,760.73480472927,773.051477413065,NA,0,0,0,0,NA,0,35.5030906200409,1482.43020478487,0.522985776265462,0.527943742275238,NA,0.31,NA,0.022,0.018,0.02,0.026,0.04,0.046,0.032,0.032,0.04,0.034,0.026,0.036,0.032,0.038,0.558
78,697.073754284231,733.015407806133,742.830982519022,747.09942900378,NA,0,0,0,0,NA,0,22.70947265625,929.219252204895,0.404600842793783,0.39715709288915,NA,0.342,NA,0.014,0.02,0.012,0.024,0.042,0.05,0.034,0.044,0.022,0.042,0.056,0.026,0.028,0.052,0.534
79,704.474252896929,727.136780927297,763.518498728143,756.750483899571,NA,0,0,0,0,NA,0,35.924037694931,1289.82032929262,0.523511230945587,0.557385245958964,NA,0.334,NA,0.026,0.016,0.02,0.03,0.03,0.056,0.054,0.032,0.052,0.032,0.022,0.032,0.02,0.036,0.542
80,689.315245939768,702.68975061483,756.392895779622,744.31234565931,NA,0,0,0,0,NA,0,35.5368196964264,1416.05900862614,0.557441878318787,0.563813042640686,NA,0.342,NA,0.018,0.026,0.014,0.022,0.036,0.048,0.04,0.034,0.056,0.03,0.026,0.056,0.028,0.014,0.552
81,687.446828886382,703.587310850968,763.135983654244,757.561096027502,NA,0,0,0,0,NA,0,31.6808812618256,1079.40811149279,0.473816672960917,0.473460042476654,NA,0.31,NA,0.016,0.018,0.01,0.05,0.03,0.026,0.046,0.036,0.036,0.032,0.046,0.038,0.022,0.04,0.554
82,693.236720468029,761.872737854705,764.517988737233,761.816453655326,NA,0,0,0,0,NA,0,35.1961989402771,1289.54791995287,0.606874084472656,0.626472334067027,NA,0.314,NA,0.008,0.022,0.032,0.03,0.03,0.032,0.044,0.022,0.03,0.036,0.036,0.046,0.03,0.03,0.572
83,688.288790589081,680.21122455188,762.179354403115,748.364773173686,NA,0,0,0,0,NA,0,26.0494859218597,972.634848038355,0.357603506247203,0.347928098837535,NA,0.328,NA,0.014,0.02,0.03,0.028,0.022,0.046,0.03,0.024,0.036,0.04,0.046,0.034,0.032,0.022,0.576
84,700.646784232528,718.29267346471,757.889910572143,767.39863507821,NA,0,0,0,0,NA,0,36.0088503360748,1247.02316044966,0.477174810568492,0.467717901865641,NA,0.318,NA,0.012,0.014,0.02,0.028,0.044,0.032,0.046,0.04,0.028,0.054,0.022,0.058,0.028,0.022,0.552
85,689.107992229928,704.83195563189,757.621346380927,753.59605748698,NA,0,0,0,0,NA,0,40.1438734531403,1195.15105085373,0.518051815032959,0.48998429775238,NA,0.36,NA,0.022,0.024,0.014,0.032,0.036,0.044,0.034,0.032,0.032,0.032,0.03,0.052,0.038,0.04,0.538
86,688.808893075513,702.237792787262,763.898948108529,758.493310768774,NA,0,0,0,0,NA,0,30.5618538856506,1161.38828955491,0.490427454312642,0.512154674530029,NA,0.33,NA,0.014,0.02,0.018,0.022,0.022,0.052,0.036,0.05,0.04,0.034,0.026,0.018,0.046,0.03,0.572
87,687.627984299951,748.182004564944,763.996949094289,759.153677649624,NA,0,0,0,0,NA,0,43.4240784645081,1278.48422483603,0.518930172920227,0.530746475855509,NA,0.322,NA,0.012,0.018,0.02,0.03,0.036,0.036,0.03,0.034,0.054,0.034,0.02,0.028,0.034,0.044,0.57
88,685.545670179753,752.441549653175,760.41362412552,751.018916144348,NA,0,0,0,0,NA,0,23.1662845611572,809.609437342485,0.525948448975881,0.496958414713542,NA,0.306,NA,0.01,0.016,0.022,0.03,0.028,0.036,0.046,0.04,0.03,0.04,0.026,0.038,0.032,0.026,0.58
89,691.615725366003,700.59355000738,762.774040340798,752.389682180498,NA,0,0,0,0,NA,0,30.9026708602905,1281.11207981904,0.480927395820618,0.471612258752187,NA,0.276,NA,0.016,0.008,0.022,0.026,0.058,0.026,0.028,0.024,0.04,0.038,0.042,0.04,0.016,0.032,0.584
90,690.548815698922,684.553965073055,758.195840114868,766.038652120424,NA,0,0,0,0,NA,0,31.8240113258362,1242.49066034158,0.525078896681468,0.522727413972219,NA,0.346,NA,0.012,0.032,0.026,0.038,0.018,0.036,0.036,0.06,0.032,0.04,0.038,0.042,0.032,0.028,0.53
91,693.448580634554,711.088715769393,743.67174854021,755.217654754289,NA,0,0,0,0,NA,0,33.6663870811462,866.224046993256,0.33955090045929,0.33540974855423,NA,0.31,NA,0.02,0.02,0.02,0.026,0.038,0.024,0.048,0.042,0.028,0.032,0.036,0.034,0.036,0.03,0.566
92,702.816924981483,711.403367233589,765.989771758027,751.680121615028,NA,0,0,0,0,NA,0,34.0401060581207,1049.95299531619,0.471306157112122,0.470700089136759,NA,0.336,NA,0.018,0.018,0.024,0.026,0.044,0.044,0.05,0.058,0.044,0.05,0.026,0.04,0.028,0.028,0.502
93,696.958208539975,740.667236985971,756.217719517162,754.477910235884,NA,0,0,0,0,NA,0,32.1363084316254,789.295389501254,0.354614325364431,0.360723622639974,NA,0.348,NA,0.024,0.016,0.01,0.022,0.042,0.05,0.04,0.044,0.044,0.038,0.032,0.026,0.026,0.026,0.56
94,695.540319957636,753.182552490554,753.133890269095,750.994024286884,NA,0,0,0,0,NA,0,30.8641080856323,803.692060136795,0.344277973969777,0.348130615552266,NA,0.322,NA,0.014,0.022,0.028,0.034,0.036,0.034,0.042,0.042,0.036,0.054,0.036,0.028,0.022,0.038,0.534
95,695.208390151948,748.239692922872,746.307693278893,741.570660764032,NA,0,0,0,0,NA,0,33.6864790916443,1075.81595182816,0.48816339969635,0.490785296758016,NA,0.342,NA,0.016,0.012,0.022,0.038,0.032,0.036,0.05,0.048,0.052,0.042,0.032,0.034,0.032,0.036,0.518
96,689.590671832124,709.078047022617,749.330761665264,749.09734975029,NA,0,0,0,0,NA,0,22.4210729598999,656.246832446257,0.334713037808736,0.340009196599325,NA,0.328,NA,0.012,0.016,0.026,0.03,0.048,0.046,0.032,0.028,0.036,0.03,0.042,0.03,0.026,0.034,0.564
97,703.889413765179,718.008987228122,755.84256946345,762.511057317469,NA,0,0,0,0,NA,0,31.0303354263306,703.579231798649,0.33252104918162,0.327934594949086,NA,0.338,NA,0.02,0.022,0.014,0.026,0.042,0.034,0.03,0.034,0.036,0.02,0.026,0.05,0.03,0.052,0.564
98,690.7327141751,728.716123426765,744.596629294421,760.225989657521,NA,0,0,0,0,NA,0,23.1172893047333,682.654185156027,0.367770111560822,0.361509136358897,NA,0.336,NA,0.018,0.028,0.028,0.032,0.04,0.042,0.05,0.046,0.048,0.032,0.032,0.048,0.028,0.028,0.5
99,691.252665554553,731.23754524976,762.895078340271,752.687188879006,NA,0,0,0,0,NA,0,22.9445214271545,675.071713630358,0.339256691932678,0.335812600453695,NA,0.31,NA,0.014,0.022,0.014,0.028,0.038,0.054,0.036,0.046,0.044,0.028,0.038,0.03,0.032,0.01,0.566
100,677.611941601923,727.933245983246,752.755371716785,753.104493104547,NA,0,0,0,0,NA,0,32.6403365135193,801.51633506616,0.341137969493866,0.332029740015666,NA,0.282,NA,0.028,0.022,0.02,0.022,0.026,0.038,0.04,0.026,0.032,0.038,0.038,0.044,0.024,0.038,0.564
