"no","observed","IHsurvrf","trt1","trt0","trueopt","avg.prop.match.opt.obs","avg.prop.match.opt.IHsurvrf","avg.prop.match.opt.trt1","avg.prop.match.opt.trt0","avg.prop.match.opt.trueopt","change.integral","time.obs","time.IHsurvrf","time.trt1","time.trt0","time.trueopt","proportion.censor","num.convergence.it","n_1","n_2","n_3","n_4","n_5","n_6","n_7","n_8","n_9","n_10"
101,541.428539971767,545.98363788958,550.789812368036,570.460819831075,NA,0,0,0,0,NA,0,29.007212638855,443.089943186442,0.42188644806544,0.42000070810318,NA,0.452,NA,0.022,0.01,0.03,0.036,0.052,0.046,0.05,0.026,0.034,0.694
102,544.562933146465,556.637548096174,556.303370266098,570.588237892274,NA,0,0,0,0,NA,0,28.3416259288788,462.550791811943,0.543620399634043,0.520806813240051,NA,0.458,NA,0.018,0.018,0.024,0.024,0.056,0.054,0.048,0.026,0.044,0.688
103,539.460212498408,574.520374703139,548.155433212484,576.398378991296,NA,0,0,0,0,NA,0,28.2597744464874,462.076982931296,0.539879802862803,0.529187528292338,NA,0.44,NA,0.022,0.028,0.032,0.03,0.038,0.042,0.028,0.056,0.044,0.68
104,547.784721316857,572.645534230057,550.350150630732,570.976756130413,NA,0,0,0,0,NA,0,16.3928899765015,348.277895430724,0.42703024148941,0.427843280633291,NA,0.422,NA,0.024,0.032,0.012,0.016,0.02,0.044,0.04,0.046,0.042,0.724
105,546.361134330547,556.328683247582,552.227642949582,570.592975593654,NA,0,0,0,0,NA,0,28.3160886764526,473.466382308801,0.438409463564555,0.446560267607371,NA,0.466,NA,0.02,0.01,0.024,0.018,0.048,0.024,0.058,0.04,0.054,0.704
106,553.666576236593,561.941230681756,557.153760279777,580.227075711147,NA,0,0,0,0,NA,0,28.3678696155548,467.19306854407,0.446959475676219,0.445569308598836,NA,0.442,NA,0.016,0.03,0.018,0.028,0.032,0.046,0.06,0.032,0.04,0.698
107,537.707026515092,546.24568093928,548.243005880464,574.482873543399,NA,0,0,0,0,NA,0,29.1490416526794,359.075022737185,0.266828898588816,0.258455403645833,NA,0.46,NA,0.014,0.03,0.018,0.034,0.052,0.036,0.05,0.054,0.034,0.678
108,548.428228266069,555.350666951699,553.506844549408,576.311330644886,NA,0,0,0,0,NA,0,27.0690324306488,471.250128336747,0.455865510304769,0.45932701031367,NA,0.444,NA,0.028,0.028,0.024,0.034,0.04,0.032,0.05,0.03,0.04,0.694
109,539.078705090052,545.11579022732,549.431921144527,569.645643932216,NA,0,0,0,0,NA,0,33.7504525184631,490.252420465151,0.577560118834178,0.588565095265706,NA,0.416,NA,0.016,0.014,0.026,0.036,0.052,0.044,0.038,0.044,0.032,0.698
110,544.265152434114,533.808727690787,550.450508009006,577.877359231475,NA,0,0,0,0,NA,0,34.2072927951813,486.894320913156,0.551968312263489,0.53891396522522,NA,0.442,NA,0.024,0.026,0.02,0.034,0.03,0.056,0.046,0.044,0.034,0.686
111,541.387282529982,552.448246751617,554.059381810982,578.69653505383,NA,0,0,0,0,NA,0,28.3370397090912,475.281787816683,0.496440935134888,0.504258306821187,NA,0.442,NA,0.022,0.014,0.022,0.028,0.036,0.038,0.042,0.034,0.03,0.734
112,545.977545509894,559.528259335408,554.85447386416,570.073021261603,NA,0,0,0,0,NA,0,29.6286363601685,496.672923342387,0.46848779519399,0.467967291673024,NA,0.456,NA,0.018,0.018,0.024,0.034,0.04,0.04,0.044,0.038,0.05,0.694
113,542.061214504027,552.158324896708,546.473641430005,567.764657141562,NA,0,0,0,0,NA,0,28.3796861171722,491.308434077104,0.451649490992228,0.454550770918528,NA,0.446,NA,0.018,0.032,0.022,0.032,0.03,0.054,0.046,0.038,0.05,0.678
114,542.622838788222,562.872066769871,552.281867148145,580.47701607299,NA,0,0,0,0,NA,0,16.6608889102936,305.890842819214,0.277425936857859,0.2803324619929,NA,0.374,NA,0.024,0.018,0.03,0.028,0.04,0.032,0.05,0.03,0.038,0.71
115,541.051385885901,553.149289690871,547.527829893066,576.481708729968,NA,0,0,0,0,NA,0,30.2850527763367,480.180608061949,0.46499342918396,0.458056000868479,NA,0.422,NA,0.022,0.022,0.016,0.03,0.04,0.046,0.05,0.038,0.03,0.706
116,547.072491536811,555.631354280468,552.26788732688,571.012928277126,NA,0,0,0,0,NA,0,37.5200855731964,481.965586570899,0.4858726978302,0.468873993555705,NA,0.408,NA,0.022,0.03,0.026,0.034,0.034,0.038,0.024,0.058,0.052,0.682
117,547.275436222798,551.225908170304,549.838179835159,576.894363392533,NA,0,0,0,0,NA,0,35.3583786487579,491.712907866637,0.544911829630534,0.555382128556569,NA,0.422,NA,0.022,0.022,0.02,0.028,0.028,0.026,0.048,0.042,0.044,0.72
118,548.355469054261,560.134372203175,553.357084038262,580.144017852673,NA,0,0,0,0,NA,0,32.115841627121,472.396756255627,0.470935726165772,0.45875252087911,NA,0.446,NA,0.018,0.024,0.032,0.038,0.024,0.04,0.05,0.032,0.042,0.7
119,554.435817559376,561.045628235535,549.628164216659,573.496815431254,NA,0,0,0,0,NA,0,31.2235519886017,473.324044080575,0.460744806130727,0.449512497584025,NA,0.492,NA,0.02,0.022,0.034,0.014,0.036,0.044,0.05,0.032,0.064,0.684
120,545.902896106363,539.157560702784,549.861442994027,572.918870188831,NA,0,0,0,0,NA,0,30.8438174724579,469.196703807513,0.573211427529653,0.551800739765167,NA,0.442,NA,0.022,0.028,0.034,0.03,0.058,0.036,0.06,0.048,0.036,0.648
121,549.311602372964,572.547993186397,551.174100465993,571.57835337497,NA,0,0,0,0,NA,0,18.5756340026855,315.068482232094,0.290590663750966,0.301084156831106,NA,0.41,NA,0.016,0.024,0.03,0.018,0.042,0.036,0.038,0.032,0.044,0.72
122,550.605837151279,564.602977409428,551.654295129697,575.375928016164,NA,0,0,0,0,NA,0,30.2429132461548,507.405684447289,0.476682241757711,0.481585705280304,NA,0.41,NA,0.016,0.026,0.018,0.03,0.04,0.034,0.03,0.03,0.044,0.732
123,547.142978985859,549.045147918446,551.222196871385,575.095566119168,NA,0,0,0,0,NA,0,29.5597054958344,467.466202040513,0.607314848899841,0.587139749526978,NA,0.458,NA,0.024,0.038,0.028,0.036,0.036,0.066,0.042,0.034,0.044,0.652
124,544.311742814078,552.716659890812,552.27913187047,575.667707713966,NA,0,0,0,0,NA,0,36.7180507183075,502.608836503824,0.474089920520782,0.472175256411235,NA,0.408,NA,0.016,0.026,0.012,0.026,0.042,0.044,0.046,0.034,0.038,0.716
125,550.506355397782,549.737299385486,551.653347292763,576.263978057872,NA,0,0,0,0,NA,0,29.2904267311096,472.175319600105,0.538185854752859,0.53471398750941,NA,0.43,NA,0.038,0.026,0.008,0.03,0.032,0.042,0.072,0.042,0.048,0.662
126,545.137071870695,554.595993500073,547.523820060526,576.227222740581,NA,0,0,0,0,NA,0,29.2558059692383,500.291699318091,0.507238868872325,0.477668905258179,NA,0.384,NA,0.028,0.018,0.022,0.032,0.056,0.026,0.036,0.028,0.028,0.726
127,547.420707319582,549.497703529058,552.335830205225,578.591591642463,NA,0,0,0,0,NA,0,35.6135601997375,487.056503129005,0.501846770445506,0.514942193031311,NA,0.404,NA,0.024,0.022,0.03,0.024,0.042,0.026,0.04,0.04,0.026,0.726
128,538.958576607211,563.136393287187,553.183109789721,573.042840327758,NA,0,0,0,0,NA,0,19.5783486366272,298.686945589383,0.276655069986979,0.276378691196442,NA,0.438,NA,0.032,0.028,0.008,0.04,0.046,0.046,0.03,0.026,0.04,0.704
129,545.794746311474,576.028135598563,548.638600121098,577.285462568482,NA,0,0,0,0,NA,0,33.5246226787567,469.399248993397,0.433622697989146,0.445071665445964,NA,0.46,NA,0.018,0.026,0.034,0.028,0.034,0.04,0.022,0.048,0.038,0.712
130,547.897784339911,573.228038511092,552.110924941964,577.050681686783,NA,0,0,0,0,NA,0,37.4828584194183,467.718539456526,0.524449388186137,0.512851134936015,NA,0.468,NA,0.022,0.016,0.018,0.034,0.028,0.034,0.036,0.042,0.042,0.728
131,542.190466284876,546.19380751072,545.797508369538,562.910129312857,NA,0,0,0,0,NA,0,30.8504321575165,381.373835504055,0.259136052926381,0.272716013590495,NA,0.438,NA,0.024,0.018,0.028,0.028,0.02,0.05,0.044,0.048,0.038,0.702
132,538.37726765146,573.059400218108,551.246611702178,578.580593907331,NA,0,0,0,0,NA,0,36.0891268253326,462.291964185238,0.44142742951711,0.442120126883189,NA,0.468,NA,0.018,0.024,0.032,0.042,0.04,0.044,0.052,0.036,0.038,0.674
133,544.903576518141,564.737074420789,553.770504052681,576.679085834637,NA,0,0,0,0,NA,0,31.4361646175385,380.591203316053,0.254793405532837,0.259603516260783,NA,0.414,NA,0.022,0.016,0.018,0.03,0.042,0.04,0.05,0.04,0.042,0.7
134,546.094573216265,553.170669428724,556.185427225954,574.206827255641,NA,0,0,0,0,NA,0,34.1296601295471,467.249468926589,0.449134961764018,0.446506881713867,NA,0.418,NA,0.028,0.022,0.018,0.024,0.044,0.032,0.024,0.044,0.044,0.72
135,551.40803853097,549.024255644135,551.105330562373,573.41315915856,NA,0,0,0,0,NA,0,18.1295881271362,290.716168304284,0.293768378098806,0.283154364426931,NA,0.45,NA,0.026,0.018,0.014,0.04,0.03,0.038,0.072,0.042,0.04,0.68
136,540.627784058944,556.661989274379,551.817867944338,572.934976683128,NA,0,0,0,0,NA,0,29.4830553531647,443.84049158891,0.473711800575256,0.508749930063883,NA,0.424,NA,0.018,0.022,0.024,0.032,0.034,0.054,0.046,0.042,0.03,0.698
137,545.778505867523,569.216667152371,555.832410624067,578.640026347783,NA,0,0,0,0,NA,0,34.6738641262054,439.972035173575,0.510893583297729,0.506239926815033,NA,0.448,NA,0.014,0.01,0.024,0.038,0.046,0.038,0.046,0.04,0.038,0.706
138,552.215712574691,574.498968027549,552.510018517654,574.383176177936,NA,0,0,0,0,NA,0,17.4299998283386,281.242772897085,0.26916838089625,0.256882365544637,NA,0.424,NA,0.01,0.02,0.022,0.046,0.042,0.04,0.034,0.026,0.048,0.712
139,539.274034729768,562.67354575386,558.28257200648,577.727222926555,NA,0,0,0,0,NA,0,30.0063202381134,444.020184461276,0.478396638234456,0.462625900904338,NA,0.424,NA,0.012,0.016,0.026,0.034,0.042,0.052,0.046,0.044,0.044,0.684
140,549.867988153344,553.405808577885,552.99940096609,573.541817753699,NA,0,0,0,0,NA,0,16.7587230205536,288.486531905333,0.280193241437276,0.261316514015198,NA,0.446,NA,0.018,0.02,0.02,0.026,0.03,0.03,0.048,0.042,0.03,0.736
141,544.068976724267,548.369582065204,550.158249572844,566.833255503292,NA,0,0,0,0,NA,0,29.9469547271729,438.03624885877,0.444797881444295,0.445336838563283,NA,0.406,NA,0.012,0.028,0.022,0.044,0.04,0.044,0.038,0.038,0.034,0.7
142,542.508303694396,560.30570033649,553.475591447998,575.50394918051,NA,0,0,0,0,NA,0,18.4545879364014,312.999127995968,0.293782818317413,0.293308675289154,NA,0.466,NA,0.018,0.02,0.028,0.04,0.028,0.058,0.046,0.04,0.032,0.69
143,539.738150323727,559.824200513371,558.564791449138,578.541852410466,NA,0,0,0,0,NA,0,32.9924595355988,314.134725054105,0.251479689280192,0.252585589885712,NA,0.41,NA,0.016,0.018,0.032,0.026,0.034,0.046,0.056,0.024,0.066,0.682
144,543.244193149668,567.1762105637,549.170573544764,574.434750310309,NA,0,0,0,0,NA,0,32.956550359726,295.133589863777,0.249224019050598,0.260676101843516,NA,0.422,NA,0.018,0.03,0.024,0.036,0.038,0.034,0.036,0.044,0.04,0.7
145,544.665056506888,553.604050419571,551.011049967898,573.677115640118,NA,0,0,0,0,NA,0,17.2495198249817,270.095365643501,0.270537642637889,0.275562858581543,NA,0.444,NA,0.024,0.018,0.028,0.028,0.05,0.054,0.038,0.052,0.042,0.666
146,536.969633776611,562.807649705448,556.429541923216,576.133188404781,NA,0,0,0,0,NA,0,29.3847885131836,354.00736382405,0.264185476303101,0.26174570719401,NA,0.432,NA,0.026,0.016,0.02,0.044,0.044,0.04,0.044,0.036,0.034,0.696
147,546.30402929844,561.197635712435,553.202745427315,570.087793970377,NA,0,0,0,0,NA,0,17.5901749134064,276.899971139431,0.267430667082469,0.263699579238892,NA,0.422,NA,0.018,0.03,0.026,0.016,0.038,0.04,0.044,0.052,0.04,0.696
148,546.364231581903,558.236630155818,549.665936240651,576.903445650217,NA,0,0,0,0,NA,0,30.0295565128326,301.030835696061,0.255950625737508,0.264328070481618,NA,0.404,NA,0.018,0.026,0.028,0.034,0.034,0.03,0.022,0.048,0.066,0.694
149,543.274456469121,565.336073220864,553.030833188763,573.824067138417,NA,0,0,0,0,NA,0,19.6498410701752,297.341157658895,0.270793831348419,0.270085934797923,NA,0.41,NA,0.02,0.022,0.016,0.042,0.036,0.052,0.032,0.046,0.046,0.688
150,542.472528941137,564.463854122704,548.823161043903,579.717745484634,NA,0,0,0,0,NA,0,16.4894938468933,270.58455221653,0.249140214920044,0.250113944212596,NA,0.434,NA,0.018,0.018,0.014,0.03,0.038,0.052,0.044,0.062,0.038,0.686
