"no","observed","IHsurvrf","trt1","trt0","trueopt","avg.prop.match.opt.obs","avg.prop.match.opt.IHsurvrf","avg.prop.match.opt.trt1","avg.prop.match.opt.trt0","avg.prop.match.opt.trueopt","change.integral","time.obs","time.IHsurvrf","time.trt1","time.trt0","time.trueopt","proportion.censor","num.convergence.it","n_1","n_2","n_3","n_4","n_5","n_6","n_7","n_8","n_9","n_10"
101,473.129214564939,496.405794078781,487.708384573084,504.221080442842,NA,0,0,0,0,NA,0,17.3813784122467,203.888841513793,0.29519673983256,0.289093188444773,NA,0.283333333333333,NA,0.0166666666666667,0.0233333333333333,0.01,0.0133333333333333,0.0533333333333333,0.04,0.0533333333333333,0.03,0.04,0.72
102,477.083904993583,510.628092581728,488.599695502372,511.235867604191,NA,0,0,0,0,NA,0,17.3192553520203,198.209751959642,0.335125656922658,0.322338553269704,NA,0.313333333333333,NA,0.0233333333333333,0.01,0.03,0.0466666666666667,0.0366666666666667,0.04,0.04,0.0433333333333333,0.0433333333333333,0.686666666666667
103,474.641920332168,505.085231771528,489.310920730642,512.346798431611,NA,0,0,0,0,NA,0,17.4103746414185,202.786405094465,0.308486640453339,0.292183530330658,NA,0.31,NA,0.0133333333333333,0.02,0.0166666666666667,0.03,0.0566666666666667,0.0233333333333333,0.0433333333333333,0.05,0.05,0.696666666666667
104,475.710297846118,483.980442052324,492.659326427178,511.883615414817,NA,0,0,0,0,NA,0,17.0638492107391,208.211444250743,0.334831647078196,0.322261401017507,NA,0.233333333333333,NA,0.0266666666666667,0.0133333333333333,0.03,0.0266666666666667,0.03,0.0433333333333333,0.02,0.04,0.04,0.73
105,474.539655672823,507.633368377224,489.069550177745,514.526824571209,NA,0,0,0,0,NA,0,11.7648882865906,132.299827730656,0.218673249085744,0.213662405808767,NA,0.273333333333333,NA,0.0266666666666667,0.0233333333333333,0.0233333333333333,0.02,0.0333333333333333,0.03,0.0633333333333333,0.0166666666666667,0.04,0.723333333333333
106,481.181027211072,491.199939755005,489.216362849621,513.142685589145,NA,0,0,0,0,NA,0,17.2921350002289,190.600793759028,0.34235634803772,0.328828998406728,NA,0.343333333333333,NA,0.0333333333333333,0.0166666666666667,0.0266666666666667,0.05,0.0433333333333333,0.04,0.0533333333333333,0.0666666666666667,0.0433333333333333,0.626666666666667
107,470.280064696324,497.189019095216,485.84585015608,502.27146873069,NA,0,0,0,0,NA,0,17.3152620792389,199.379151610533,0.332187668482463,0.311753276983897,NA,0.256666666666667,NA,0.00666666666666667,0.0266666666666667,0.0233333333333333,0.04,0.06,0.0433333333333333,0.0566666666666667,0.0333333333333333,0.04,0.67
108,478.310527044129,504.609336620357,490.010188861653,511.453611936204,NA,0,0,0,0,NA,0,17.5441932678223,193.223493572076,0.304548557599386,0.337544580300649,NA,0.333333333333333,NA,0.00666666666666667,0.0133333333333333,0.0233333333333333,0.0266666666666667,0.0233333333333333,0.0433333333333333,0.04,0.0633333333333333,0.0466666666666667,0.713333333333333
109,478.527218898858,485.16714235257,481.753154379427,508.456721564823,NA,0,0,0,0,NA,0,20.6370360851288,189.206050284704,0.30841791232427,0.307890486717224,NA,0.33,NA,0.0233333333333333,0.02,0.0266666666666667,0.03,0.0566666666666667,0.0666666666666667,0.0266666666666667,0.04,0.0466666666666667,0.663333333333333
110,476.623336387272,506.185824730594,483.898041168091,513.750396987202,NA,0,0,0,0,NA,0,17.4695386886597,194.295861403147,0.197348988056183,0.202594546477,NA,0.273333333333333,NA,0.0133333333333333,0.0166666666666667,0.02,0.0266666666666667,0.04,0.0366666666666667,0.05,0.0166666666666667,0.0333333333333333,0.746666666666667
111,477.752675169339,518.212128012969,480.444715302509,512.435072794152,NA,0,0,0,0,NA,0,19.6492569446564,190.203114541372,0.362501323223114,0.327296507358551,NA,0.26,NA,0.03,0.02,0.0233333333333333,0.0233333333333333,0.07,0.0333333333333333,0.0333333333333333,0.0466666666666667,0.01,0.71
112,475.903857949213,508.035318465075,483.060384147104,508.343071256059,NA,0,0,0,0,NA,0,16.0309422016144,124.138793273767,0.216805152098338,0.204124085108439,NA,0.303333333333333,NA,0.01,0.0133333333333333,0.02,0.0733333333333333,0.0366666666666667,0.0433333333333333,0.04,0.0266666666666667,0.0333333333333333,0.703333333333333
113,467.920418873323,487.530683040577,485.888520064482,509.02956991944,NA,0,0,0,0,NA,0,21.1226978302002,186.164113005002,0.302624889214834,0.321488209565481,NA,0.313333333333333,NA,0.0333333333333333,0.0233333333333333,0.0166666666666667,0.04,0.0433333333333333,0.0733333333333333,0.0366666666666667,0.0333333333333333,0.04,0.66
114,473.032962697573,479.004396719272,489.084346207916,513.876623004709,NA,0,0,0,0,NA,0,18.3511261940002,196.554554875692,0.289832580089569,0.274008202552795,NA,0.283333333333333,NA,0.02,0.0133333333333333,0.03,0.03,0.0433333333333333,0.0233333333333333,0.0433333333333333,0.0333333333333333,0.0233333333333333,0.74
115,473.436359937798,488.240111074079,478.872449259947,507.679719856565,NA,0,0,0,0,NA,0,21.4270248413086,151.383454461892,0.265557897090912,0.270827956994375,NA,0.266666666666667,NA,0.0166666666666667,0.01,0.02,0.0366666666666667,0.0366666666666667,0.04,0.0333333333333333,0.0433333333333333,0.0433333333333333,0.72
116,473.680352534337,500.475656009614,493.221556070016,510.931552347288,NA,0,0,0,0,NA,0,21.1065661907196,158.700516188145,0.323665436108907,0.330596657594045,NA,0.306666666666667,NA,0.0233333333333333,0.0233333333333333,0.01,0.02,0.04,0.0466666666666667,0.0433333333333333,0.0366666666666667,0.0366666666666667,0.72
117,477.437573445219,490.547386890236,491.935236490614,507.483696070906,NA,0,0,0,0,NA,0,13.5784726142883,104.578912246227,0.199346653620402,0.190768098831177,NA,0.283333333333333,NA,0.0233333333333333,0.0166666666666667,0.0133333333333333,0.0333333333333333,0.04,0.0433333333333333,0.04,0.04,0.05,0.7
118,479.035396741183,495.592708117743,486.69817858869,514.83311021899,NA,0,0,0,0,NA,0,19.3429310321808,152.371175289154,0.299718185265859,0.309407703081767,NA,0.313333333333333,NA,0.00666666666666667,0.0233333333333333,0.0333333333333333,0.04,0.0566666666666667,0.06,0.04,0.04,0.0466666666666667,0.653333333333333
119,478.58713654754,488.785303957582,482.595871894361,510.711435340733,NA,0,0,0,0,NA,0,12.2146351337433,132.177807430426,0.2223273396492,0.215470282236735,NA,0.27,NA,0.02,0.0133333333333333,0.01,0.0266666666666667,0.06,0.05,0.0166666666666667,0.04,0.0333333333333333,0.73
120,480.11564606832,503.130994582789,491.104754226966,510.351991058692,NA,0,0,0,0,NA,0,20.0060081481934,165.496335097154,0.338169193267822,0.345589780807495,NA,0.276666666666667,NA,0.0166666666666667,0.02,0.0133333333333333,0.0333333333333333,0.04,0.0233333333333333,0.0333333333333333,0.04,0.0266666666666667,0.753333333333333
121,477.202416723352,476.710087205354,482.792655125296,504.764047040059,NA,0,0,0,0,NA,0,17.6158940792084,158.525596066316,0.295446117719014,0.293039067586263,NA,0.276666666666667,NA,0.0166666666666667,0.01,0.02,0.0266666666666667,0.0466666666666667,0.05,0.04,0.04,0.0433333333333333,0.706666666666667
122,480.033314645436,488.823811379263,486.220943966205,510.570341282092,NA,0,0,0,0,NA,0,17.3633790016174,148.400031729539,0.29873853524526,0.28326632976532,NA,0.266666666666667,NA,0.0166666666666667,0.01,0.0366666666666667,0.0366666666666667,0.0333333333333333,0.03,0.0466666666666667,0.0266666666666667,0.0366666666666667,0.726666666666667
123,477.806539716121,503.541925568649,489.681155480364,511.240335159707,NA,0,0,0,0,NA,0,21.233761548996,167.58433526357,0.285131021340688,0.288910945256551,NA,0.256666666666667,NA,0.0266666666666667,0.0233333333333333,0.0266666666666667,0.0233333333333333,0.0366666666666667,0.04,0.0233333333333333,0.03,0.0466666666666667,0.723333333333333
124,474.065152411757,490.049419699485,489.985281932339,511.980098301777,NA,0,0,0,0,NA,0,12.2391691207886,99.8750341415405,0.182052433490753,0.19202367067337,NA,0.296666666666667,NA,0.01,0.0233333333333333,0.0266666666666667,0.02,0.0266666666666667,0.0633333333333333,0.0333333333333333,0.04,0.0433333333333333,0.713333333333333
125,471.287037563714,486.922334654017,483.328788483928,505.592566420546,NA,0,0,0,0,NA,0,18.8019685745239,163.014527213573,0.260696132977804,0.266817923386892,NA,0.253333333333333,NA,0.02,0.00666666666666667,0.0333333333333333,0.0266666666666667,0.04,0.03,0.0533333333333333,0.0266666666666667,0.0566666666666667,0.706666666666667
126,470.999279728783,481.700653431147,479.843534709866,511.092044007463,NA,0,0,0,0,NA,0,13.0741364955902,160.061972427368,0.297820405165354,0.310642552375793,NA,0.33,NA,0,0.0166666666666667,0.0233333333333333,0.0333333333333333,0.0233333333333333,0.04,0.0533333333333333,0.0366666666666667,0.0266666666666667,0.746666666666667
127,475.075005398782,500.226599545285,492.861170237395,510.786511353732,NA,0,0,0,0,NA,0,22.2675302028656,161.435019906362,0.296339205900828,0.294614231586456,NA,0.3,NA,0.0266666666666667,0.0233333333333333,0.0133333333333333,0.0233333333333333,0.0633333333333333,0.0333333333333333,0.0366666666666667,0.05,0.0433333333333333,0.686666666666667
128,477.720847771181,503.420633902883,489.146058848994,508.550874809713,NA,0,0,0,0,NA,0,19.4106516838074,166.751303311189,0.295367058118184,0.294108188152313,NA,0.33,NA,0.0266666666666667,0.02,0.0266666666666667,0.02,0.0166666666666667,0.0433333333333333,0.0566666666666667,0.0433333333333333,0.0466666666666667,0.7
129,469.066061752403,475.943317875694,490.129186776392,510.080222790419,NA,0,0,0,0,NA,0,17.1862020492554,140.678779904048,0.264005891482035,0.251097011566162,NA,0.23,NA,0.03,0.00666666666666667,0.0166666666666667,0.0166666666666667,0.0433333333333333,0.0366666666666667,0.05,0.05,0.03,0.72
130,477.861208056402,510.498198344099,488.189004667218,510.089847128946,NA,0,0,0,0,NA,0,18.9263186454773,165.247079447905,0.286772763729095,0.292628296216329,NA,0.273333333333333,NA,0.0266666666666667,0.0233333333333333,0.0266666666666667,0.0166666666666667,0.0266666666666667,0.0333333333333333,0.04,0.04,0.0533333333333333,0.713333333333333
131,479.106745488874,481.411231043291,486.41630552772,508.6737213528,NA,0,0,0,0,NA,0,12.0720756053925,107.228476889928,0.183929498990377,0.179859785238902,NA,0.236666666666667,NA,0.0133333333333333,0.0333333333333333,0.00666666666666667,0.0166666666666667,0.06,0.0566666666666667,0.0166666666666667,0.0433333333333333,0.0366666666666667,0.716666666666667
132,473.072804750677,499.481704677284,490.840661393931,515.625472988395,NA,0,0,0,0,NA,0,16.5363185405731,145.152059475581,0.293728458881378,0.306239966551463,NA,0.31,NA,0.0133333333333333,0.00666666666666667,0.0333333333333333,0.0366666666666667,0.0466666666666667,0.0466666666666667,0.0233333333333333,0.04,0.04,0.713333333333333
133,479.349952285667,508.598374249216,493.042353348986,511.594482120394,NA,0,0,0,0,NA,0,19.867609500885,160.402963678042,0.281089917818705,0.286273765563965,NA,0.33,NA,0.0166666666666667,0.03,0.0133333333333333,0.03,0.03,0.05,0.0466666666666667,0.0366666666666667,0.0466666666666667,0.7
134,481.293254357931,505.232287565701,487.411428416272,512.832820017349,NA,0,0,0,0,NA,0,18.154757976532,156.243156333764,0.322113955020905,0.312733372052511,NA,0.286666666666667,NA,0.0233333333333333,0.0133333333333333,0.03,0.0266666666666667,0.0333333333333333,0.04,0.06,0.0333333333333333,0.0233333333333333,0.716666666666667
135,486.062180715836,498.273808926432,483.926044910455,511.269009330547,NA,0,0,0,0,NA,0,17.7039988040924,159.311681091785,0.274252315362294,0.272291576862335,NA,0.286666666666667,NA,0.04,0.0266666666666667,0.0366666666666667,0.0233333333333333,0.03,0.0266666666666667,0.04,0.0366666666666667,0.04,0.7
136,479.245409223519,490.406979569321,490.406979569321,509.614629874766,NA,0,0,0,0,NA,0,15.6149723529816,150.945991571744,0.256621233622233,0.270681325594584,NA,0.256666666666667,NA,0.02,0.01,0.01,0.02,0.0333333333333333,0.0333333333333333,0.0133333333333333,0.03,0.03,0.8
137,482.164114060273,502.522931217297,492.377611261985,509.756813213213,NA,0,0,0,0,NA,0,17.1917095184326,153.996009039879,0.309587303797404,0.313108396530151,NA,0.256666666666667,NA,0.0166666666666667,0.0166666666666667,0.0166666666666667,0.0266666666666667,0.0533333333333333,0.05,0.0333333333333333,0.03,0.02,0.736666666666667
138,476.375572205058,477.397420163707,485.359728795262,511.462736694693,NA,0,0,0,0,NA,0,11.5772325992584,103.520365289847,0.186499762535095,0.180721334616343,NA,0.276666666666667,NA,0.02,0.01,0.02,0.0233333333333333,0.0433333333333333,0.0333333333333333,0.0366666666666667,0.03,0.0433333333333333,0.74
139,473.146014936121,487.864319581105,488.283304972936,511.634036610927,NA,0,0,0,0,NA,0,19.468569278717,136.412453627586,0.249759002526601,0.244494235515594,NA,0.233333333333333,NA,0.0266666666666667,0.0266666666666667,0.03,0.0433333333333333,0.0566666666666667,0.0366666666666667,0.0333333333333333,0.03,0.0433333333333333,0.673333333333333
140,475.118535978566,492.488757308341,489.663505517603,513.094834056616,NA,0,0,0,0,NA,0,17.9608447551727,164.405760594209,0.263182866573334,0.260764722029368,NA,0.203333333333333,NA,0.0166666666666667,0.01,0.01,0.0366666666666667,0.0266666666666667,0.03,0.02,0.03,0.0466666666666667,0.773333333333333
141,476.955783206282,459.997008532343,489.742044316663,506.534801239914,NA,0,0,0,0,NA,0,20.1262502670288,116.9994114995,0.199542196591695,0.212132255236308,NA,0.303333333333333,NA,0.02,0.0233333333333333,0.0233333333333333,0.01,0.0433333333333333,0.0333333333333333,0.0533333333333333,0.0366666666666667,0.0433333333333333,0.713333333333333
142,477.389440892986,485.45744156202,488.448547217893,510.761810842462,NA,0,0,0,0,NA,0,16.8593604564667,104.46400843064,0.188618206977844,0.204349140326182,NA,0.256666666666667,NA,0.02,0.0133333333333333,0.03,0.0366666666666667,0.04,0.0333333333333333,0.06,0.04,0.0466666666666667,0.68
143,474.255308206553,501.236919563115,481.740415512776,510.959471700797,NA,0,0,0,0,NA,0,16.697084903717,116.424514218171,0.180960337320964,0.17507392168045,NA,0.29,NA,0.02,0.0166666666666667,0.0233333333333333,0.02,0.0233333333333333,0.0333333333333333,0.0233333333333333,0.04,0.05,0.75
144,477.413992978851,507.927958600603,487.156668608841,510.515773495383,NA,0,0,0,0,NA,0,21.0631880760193,99.1965748389562,0.191938670476278,0.1879354596138,NA,0.26,NA,0.0166666666666667,0.0233333333333333,0.02,0.0266666666666667,0.0333333333333333,0.0233333333333333,0.0366666666666667,0.03,0.0433333333333333,0.746666666666667
145,473.747047601195,485.334489986293,485.210039030826,510.723423312873,NA,0,0,0,0,NA,0,11.4189941883087,96.7567404230436,0.194017533461253,0.187769150733948,NA,0.283333333333333,NA,0.02,0.0133333333333333,0.02,0.0366666666666667,0.0633333333333333,0.03,0.0566666666666667,0.0333333333333333,0.0533333333333333,0.673333333333333
146,472.574778543884,506.531631035095,488.275847312545,515.107221455949,NA,0,0,0,0,NA,0,15.8265793323517,92.1797443707784,0.179769070943197,0.174244344234467,NA,0.313333333333333,NA,0.0166666666666667,0.02,0.0233333333333333,0.0266666666666667,0.03,0.04,0.0233333333333333,0.0366666666666667,0.0366666666666667,0.746666666666667
147,475.259556170331,502.994762608965,482.965240127693,509.717538655685,NA,0,0,0,0,NA,0,17.9362494945526,136.985608832041,0.266738402843475,0.261792103449504,NA,0.273333333333333,NA,0.0133333333333333,0.0133333333333333,0.04,0.05,0.0266666666666667,0.0533333333333333,0.0433333333333333,0.0366666666666667,0.0433333333333333,0.68
148,474.613150129598,497.133223891131,483.114868217316,504.67272129337,NA,0,0,0,0,NA,0,12.7431576251984,98.0233050862948,0.188099205493927,0.189874517917633,NA,0.243333333333333,NA,0.03,0.0233333333333333,0.0233333333333333,0.0266666666666667,0.05,0.0366666666666667,0.03,0.03,0.0433333333333333,0.706666666666667
149,473.693156698238,490.855569962623,490.412905163264,508.585601168117,NA,0,0,0,0,NA,0,13.0327303409576,91.2830015420914,0.177191658814748,0.181978531678518,NA,0.26,NA,0.0133333333333333,0.00666666666666667,0.0233333333333333,0.0366666666666667,0.0466666666666667,0.0466666666666667,0.0533333333333333,0.0433333333333333,0.02,0.71
150,477.252298611883,496.369634572425,489.189617701136,512.123271188108,NA,0,0,0,0,NA,0,10.8202366828918,63.1982442617416,0.165528925259908,0.167199031511943,NA,0.243333333333333,NA,0.0233333333333333,0.0266666666666667,0.00666666666666667,0.03,0.0266666666666667,0.0466666666666667,0.0333333333333333,0.0666666666666667,0.0333333333333333,0.706666666666667
