"no","observed","IHsurvrf","trt1","trt0","trueopt","avg.prop.match.opt.obs","avg.prop.match.opt.IHsurvrf","avg.prop.match.opt.trt1","avg.prop.match.opt.trt0","avg.prop.match.opt.trueopt","change.integral","time.obs","time.IHsurvrf","time.trt1","time.trt0","time.trueopt","proportion.censor","num.convergence.it","n_1","n_2","n_3","n_4","n_5","n_6","n_7","n_8","n_9","n_10"
1,475.55465333993,497.460052369977,487.919191369861,511.506368822616,NA,0,0,0,0,NA,0,18.5715079307556,173.218976831436,0.390747169653575,0.358257273832957,NA,0.296666666666667,NA,0.0166666666666667,0.0233333333333333,0.0266666666666667,0.0266666666666667,0.03,0.0366666666666667,0.0366666666666667,0.0533333333333333,0.04,0.71
2,475.428587002946,498.114639401157,492.252460190363,513.203162817944,NA,0,0,0,0,NA,0,18.2842748165131,175.094419793288,0.353620088100433,0.33904888232549,NA,0.313333333333333,NA,0.01,0.0166666666666667,0.0233333333333333,0.0466666666666667,0.0333333333333333,0.05,0.0333333333333333,0.02,0.0666666666666667,0.7
3,475.206294113422,488.728572386893,483.169048287253,512.212919004042,NA,0,0,0,0,NA,0,18.3976471424103,172.772659993172,0.429778110980988,0.385911150773366,NA,0.28,NA,0.02,0.03,0.0166666666666667,0.0366666666666667,0.04,0.0366666666666667,0.0266666666666667,0.0533333333333333,0.04,0.7
4,481.529863065061,507.847328228165,481.201869857611,503.133621373719,NA,0,0,0,0,NA,0,12.4654080867767,113.13821439743,0.260187538464864,0.265271782875061,NA,0.28,NA,0.0166666666666667,0.02,0.0166666666666667,0.0333333333333333,0.05,0.0566666666666667,0.0433333333333333,0.05,0.0266666666666667,0.686666666666667
5,477.198353605919,514.926587302778,493.18168993257,518.541826674517,NA,0,0,0,0,NA,0,18.2759981155396,179.06128000021,0.290162297089895,0.291898981730143,NA,0.26,NA,0.01,0.0133333333333333,0.02,0.0466666666666667,0.03,0.04,0.0266666666666667,0.0333333333333333,0.0266666666666667,0.753333333333333
6,477.241211345177,494.484854591226,487.565280803407,508.368874698266,NA,0,0,0,0,NA,0,18.2807507514954,172.645987844467,0.480705531438192,0.412822870413462,NA,0.306666666666667,NA,0.0133333333333333,0.0366666666666667,0.02,0.0433333333333333,0.05,0.0466666666666667,0.0266666666666667,0.0333333333333333,0.03,0.7
7,474.108500832295,507.239254078289,490.020555454377,505.768884608906,NA,0,0,0,0,NA,0,18.3599376678467,176.88797164758,0.332019035021464,0.334270906448364,NA,0.306666666666667,NA,0.03,0.0133333333333333,0.0133333333333333,0.04,0.0466666666666667,0.03,0.0366666666666667,0.0366666666666667,0.0366666666666667,0.716666666666667
8,475.237713777367,490.172277818431,487.605572449392,506.701472330417,NA,0,0,0,0,NA,0,27.6166501045227,179.652100328604,0.436651623249054,0.358329677581787,NA,0.253333333333333,NA,0.02,0.0233333333333333,0.0266666666666667,0.0333333333333333,0.04,0.0333333333333333,0.0366666666666667,0.03,0.05,0.706666666666667
9,478.166114823029,489.809385551967,488.501041842741,509.810214561354,NA,0,0,0,0,NA,0,21.7772488594055,178.259091766675,0.362076191107432,0.345068113009135,NA,0.306666666666667,NA,0.0166666666666667,0.0266666666666667,0.0133333333333333,0.03,0.04,0.0566666666666667,0.0466666666666667,0.04,0.0433333333333333,0.686666666666667
10,479.760067653834,498.367383750045,484.027682647568,513.017346635954,NA,0,0,0,0,NA,0,23.1656715869904,182.036038192113,0.351294644673665,0.360642329851786,NA,0.286666666666667,NA,0.01,0.02,0.0166666666666667,0.03,0.0266666666666667,0.04,0.0333333333333333,0.0333333333333333,0.0366666666666667,0.753333333333333
11,477.428504887479,486.297629085872,490.932322523987,513.853054674101,NA,0,0,0,0,NA,0,16.0378751754761,120.226741365592,0.231798092524211,0.24967079559962,NA,0.24,NA,0.0166666666666667,0.0133333333333333,0.0233333333333333,0.03,0.03,0.0266666666666667,0.05,0.0366666666666667,0.04,0.733333333333333
12,479.337289308902,491.822644895484,482.31659393969,513.130781709225,NA,0,0,0,0,NA,0,18.188793182373,183.046103167534,0.315983927249908,0.289815378189087,NA,0.323333333333333,NA,0.0133333333333333,0.0233333333333333,0.01,0.05,0.02,0.0333333333333333,0.0433333333333333,0.0433333333333333,0.0566666666666667,0.706666666666667
13,477.74846683606,477.807634187461,486.742490962693,514.688466188921,NA,0,0,0,0,NA,0,22.3369116783142,180.726807836692,0.314253091812134,0.327911333243052,NA,0.28,NA,0.0133333333333333,0.0166666666666667,0.0266666666666667,0.02,0.0333333333333333,0.0466666666666667,0.04,0.0533333333333333,0.0333333333333333,0.716666666666667
14,472.975533268769,506.663025762571,491.806937243006,512.987190432219,NA,0,0,0,0,NA,0,19.3193287849426,180.144367067019,0.311788745721181,0.296905811627706,NA,0.266666666666667,NA,0.02,0.02,0.0133333333333333,0.0366666666666667,0.0333333333333333,0.0633333333333333,0.0466666666666667,0.03,0.04,0.696666666666667
15,473.025819308156,501.172304826817,490.320475697342,512.123053823331,NA,0,0,0,0,NA,0,22.2830517292023,170.976617701848,0.40117385784785,0.424821277459462,NA,0.28,NA,0.02,0.03,0.0133333333333333,0.0166666666666667,0.0333333333333333,0.0566666666666667,0.0466666666666667,0.0466666666666667,0.0333333333333333,0.703333333333333
16,474.249344014473,504.498155916631,488.055206411656,510.548948231607,NA,0,0,0,0,NA,0,22.1779825687408,182.396486886342,0.33973734776179,0.335135205586751,NA,0.286666666666667,NA,0.0133333333333333,0.01,0.0266666666666667,0.0233333333333333,0.0266666666666667,0.04,0.06,0.0333333333333333,0.0366666666666667,0.73
17,475.871110018297,491.089907529545,484.624353715011,505.678295135609,NA,0,0,0,0,NA,0,23.2818298339844,182.172082960606,0.355180172125498,0.361077276865641,NA,0.26,NA,0.01,0.0266666666666667,0.0333333333333333,0.0166666666666667,0.0166666666666667,0.0466666666666667,0.0333333333333333,0.0333333333333333,0.0466666666666667,0.736666666666667
18,479.76949920625,480.330874157511,486.681025134166,515.141920465265,NA,0,0,0,0,NA,0,14.9688911437988,115.978692094485,0.317621040344238,0.282275935014089,NA,0.293333333333333,NA,0.0166666666666667,0.0333333333333333,0.00666666666666667,0.03,0.0233333333333333,0.05,0.0366666666666667,0.0433333333333333,0.0566666666666667,0.703333333333333
19,474.284107079176,481.327822018482,492.67161829333,509.058089247889,NA,0,0,0,0,NA,0,19.9906299114227,180.045441118876,0.326690546671549,0.308800343672434,NA,0.266666666666667,NA,0.01,0.0166666666666667,0.0266666666666667,0.03,0.0366666666666667,0.0566666666666667,0.0466666666666667,0.03,0.04,0.706666666666667
20,473.285540815232,489.256623936941,485.737761210924,509.489464320074,NA,0,0,0,0,NA,0,24.8316955566406,180.608692248662,0.416681651274363,0.422623574733734,NA,0.28,NA,0.0166666666666667,0.00666666666666667,0.02,0.0266666666666667,0.0533333333333333,0.04,0.0633333333333333,0.02,0.0266666666666667,0.726666666666667
21,473.168430615832,494.22093305659,490.032102285521,509.158222986509,NA,0,0,0,0,NA,0,20.1549668312073,185.434699229399,0.288335061073303,0.305299897988637,NA,0.26,NA,0.0133333333333333,0.01,0.02,0.0233333333333333,0.0433333333333333,0.03,0.02,0.04,0.0433333333333333,0.756666666666667
22,474.039498177466,505.658214315266,481.870700064124,509.830672142434,NA,0,0,0,0,NA,0,27.5182757377625,178.718111141523,0.490188952287038,0.35928316116333,NA,0.27,NA,0.0166666666666667,0.01,0.02,0.03,0.0333333333333333,0.05,0.05,0.0166666666666667,0.03,0.743333333333333
23,475.07124661533,492.033300344742,488.482213592709,508.120776881523,NA,0,0,0,0,NA,0,21.6823370456696,183.064172939459,0.435803325970968,0.471857905387878,NA,0.28,NA,0.02,0.01,0.0133333333333333,0.0266666666666667,0.03,0.06,0.04,0.0533333333333333,0.02,0.726666666666667
24,475.158989852605,508.501987651596,490.523399113643,508.494255801395,NA,0,0,0,0,NA,0,22.4108889102936,186.647089219093,0.379209673404694,0.34794135093689,NA,0.24,NA,0.0333333333333333,0.00666666666666667,0.00333333333333333,0.0333333333333333,0.0133333333333333,0.0433333333333333,0.0633333333333333,0.0433333333333333,0.0266666666666667,0.733333333333333
25,475.249764809229,505.52579900325,484.711322726353,510.155764945402,NA,0,0,0,0,NA,0,17.8815779685974,113.485624615351,0.279701217015584,0.257103141148885,NA,0.24,NA,0.0133333333333333,0.02,0.0433333333333333,0.02,0.0266666666666667,0.03,0.0366666666666667,0.04,0.04,0.73
26,481.18359820899,491.683960013625,485.548031204498,505.888886273059,NA,0,0,0,0,NA,0,18.8901708126068,180.176898547014,0.366816699504852,0.420636375745138,NA,0.28,NA,0.0233333333333333,0.02,0.03,0.0333333333333333,0.0433333333333333,0.0333333333333333,0.06,0.0266666666666667,0.05,0.68
27,474.140570336763,513.197076799332,495.16770696336,514.688747526088,NA,0,0,0,0,NA,0,28.3826949596405,183.219845553239,0.496020193894704,0.428769568602244,NA,0.28,NA,0.01,0.03,0.0233333333333333,0.03,0.0433333333333333,0.04,0.0233333333333333,0.0366666666666667,0.0466666666666667,0.716666666666667
28,471.325922010569,498.407211871394,482.678187855528,505.245757115829,NA,0,0,0,0,NA,0,20.5080184936523,184.257963120937,0.310501877466838,0.32102355559667,NA,0.286666666666667,NA,0.0233333333333333,0.02,0.0166666666666667,0.0333333333333333,0.02,0.03,0.04,0.0233333333333333,0.03,0.763333333333333
29,473.917680560326,498.245935380347,487.284670436773,508.284786104123,NA,0,0,0,0,NA,0,25.0727391242981,146.335779662927,0.183339051405589,0.188586457570394,NA,0.246666666666667,NA,0.00666666666666667,0.0266666666666667,0.0266666666666667,0.04,0.0366666666666667,0.0433333333333333,0.0366666666666667,0.05,0.0466666666666667,0.686666666666667
30,467.401536528296,518.24868661755,485.447828111343,507.69286821468,NA,0,0,0,0,NA,0,28.7850434780121,163.95099815925,0.249887275695801,0.248578504721324,NA,0.283333333333333,NA,0.01,0.02,0.02,0.03,0.0466666666666667,0.0133333333333333,0.0233333333333333,0.0533333333333333,0.0433333333333333,0.74
31,472.649504219415,501.531177326986,488.192081046138,510.83487797589,NA,0,0,0,0,NA,0,25.6058571338654,166.70796602567,0.286336692174276,0.282859591643016,NA,0.263333333333333,NA,0.0133333333333333,0.0233333333333333,0.0233333333333333,0.0266666666666667,0.04,0.04,0.02,0.0533333333333333,0.03,0.73
32,475.409562778474,483.771913190545,490.059237899284,510.03405734368,NA,0,0,0,0,NA,0,13.89586353302,116.202872721354,0.217958764235179,0.229669773578644,NA,0.3,NA,0.0166666666666667,0.0166666666666667,0.0166666666666667,0.0333333333333333,0.0233333333333333,0.0366666666666667,0.0533333333333333,0.0566666666666667,0.0466666666666667,0.7
33,478.088867984362,496.441704727461,491.648324818286,512.518441695828,NA,0,0,0,0,NA,0,23.0189411640167,167.984942205747,0.270026826858521,0.287331092357635,NA,0.25,NA,0.01,0.0266666666666667,0.0133333333333333,0.02,0.02,0.0333333333333333,0.0333333333333333,0.0466666666666667,0.06,0.736666666666667
34,471.966723810271,496.790649207488,482.63122395169,512.697554457864,NA,0,0,0,0,NA,0,27.8098058700562,160.956762266159,0.323551698525747,0.323145405451457,NA,0.306666666666667,NA,0.03,0.03,0.0133333333333333,0.0333333333333333,0.0333333333333333,0.0433333333333333,0.0433333333333333,0.07,0.03,0.673333333333333
35,471.019150705504,486.610828604653,481.735148996442,506.293968423566,NA,0,0,0,0,NA,0,20.5453779697418,142.821599566936,0.188684411843618,0.191129283110301,NA,0.266666666666667,NA,0.00333333333333333,0.0166666666666667,0.0133333333333333,0.03,0.0233333333333333,0.0466666666666667,0.0266666666666667,0.04,0.0266666666666667,0.773333333333333
36,475.503358497258,510.233772334251,486.975762922729,507.84022189539,NA,0,0,0,0,NA,0,11.9950745105743,91.323061188062,0.168475274244944,0.169539475440979,NA,0.29,NA,0.0333333333333333,0.0133333333333333,0.0366666666666667,0.02,0.0233333333333333,0.0433333333333333,0.05,0.0233333333333333,0.0533333333333333,0.703333333333333
37,470.096582570251,508.262123663587,487.854644003935,508.885418398824,NA,0,0,0,0,NA,0,16.1664228439331,97.5029961705208,0.185484226544698,0.186098806063334,NA,0.316666666666667,NA,0.0333333333333333,0.0233333333333333,0.0266666666666667,0.0266666666666667,0.0466666666666667,0.04,0.0466666666666667,0.0566666666666667,0.0233333333333333,0.676666666666667
38,476.763361973008,505.726866150666,490.375784391418,507.365240315836,NA,0,0,0,0,NA,0,16.9188435077667,145.865295167764,0.309586981932322,0.266884561379751,NA,0.253333333333333,NA,0.0133333333333333,0.00333333333333333,0.02,0.03,0.0266666666666667,0.03,0.04,0.0433333333333333,0.0566666666666667,0.736666666666667
39,476.105782451223,507.285034270385,486.324271639087,509.491933649465,NA,0,0,0,0,NA,0,15.5044014453888,112.812118558089,0.221705075105031,0.252333092689514,NA,0.296666666666667,NA,0.0266666666666667,0,0.03,0.0333333333333333,0.0233333333333333,0.0433333333333333,0.0433333333333333,0.0566666666666667,0.0466666666666667,0.696666666666667
40,473.761537162785,507.488072579397,489.735481528605,508.096916266338,NA,0,0,0,0,NA,0,17.2950398921967,134.356790840626,0.291207814216614,0.306589078903198,NA,0.286666666666667,NA,0.0333333333333333,0.0166666666666667,0.0233333333333333,0.0333333333333333,0.03,0.04,0.0466666666666667,0.0333333333333333,0.0333333333333333,0.71
41,477.681839035117,479.319459778384,480.159876378347,512.245744595332,NA,0,0,0,0,NA,0,21.1541421413422,144.675079580148,0.295994412899017,0.275070877869924,NA,0.27,NA,0.0166666666666667,0.01,0.0166666666666667,0.0233333333333333,0.0266666666666667,0.0366666666666667,0.0466666666666667,0.0466666666666667,0.0366666666666667,0.74
42,481.974662509256,493.179679598341,493.357642924877,512.087811379266,NA,0,0,0,0,NA,0,12.7097041606903,116.123947966099,0.346609874566396,0.344572186470032,NA,0.31,NA,0.02,0.0166666666666667,0.0133333333333333,0.0166666666666667,0.0533333333333333,0.0433333333333333,0.0666666666666667,0.0333333333333333,0.0366666666666667,0.7
43,470.788641504192,489.328964830857,495.036312347815,517.826898596667,NA,0,0,0,0,NA,0,11.1558465957642,92.0619245926539,0.183844701449076,0.17474844455719,NA,0.313333333333333,NA,0.01,0.02,0.01,0.0133333333333333,0.04,0.06,0.0633333333333333,0.04,0.04,0.703333333333333
44,468.993982712249,503.483023032616,489.608620122322,516.693560667161,NA,0,0,0,0,NA,0,11.1188933849335,88.3239993611972,0.204473408063253,0.215453553199768,NA,0.313333333333333,NA,0.0266666666666667,0.02,0.0133333333333333,0.0266666666666667,0.0566666666666667,0.0366666666666667,0.04,0.0466666666666667,0.04,0.693333333333333
45,476.564091535482,506.73811545192,484.617571545761,510.796552392641,NA,0,0,0,0,NA,0,15.9307780265808,96.3757920145988,0.172761845588684,0.175153096516927,NA,0.243333333333333,NA,0.0266666666666667,0.0133333333333333,0.0333333333333333,0.03,0.06,0.0366666666666667,0.04,0.0266666666666667,0.03,0.703333333333333
46,478.842866496896,517.6833490321,489.451623485461,514.423838168083,NA,0,0,0,0,NA,0,14.4342408180237,121.696322337786,0.319564549128215,0.323298172156016,NA,0.263333333333333,NA,0.01,0.0333333333333333,0.0133333333333333,0.03,0.04,0.02,0.03,0.0533333333333333,0.0366666666666667,0.733333333333333
47,474.598475978119,485.430493525228,485.299236774838,507.792772467125,NA,0,0,0,0,NA,0,18.7843105792999,102.114659730593,0.171889515717824,0.17319343884786,NA,0.28,NA,0.03,0.03,0.0266666666666667,0.0266666666666667,0.03,0.03,0.0233333333333333,0.0466666666666667,0.03,0.726666666666667
48,472.141590845537,498.127837699873,482.571335255203,509.969545328693,NA,0,0,0,0,NA,0,16.5268259048462,118.304537622134,0.161817665894826,0.160526045163472,NA,0.29,NA,0.0133333333333333,0.02,0.01,0.0166666666666667,0.0433333333333333,0.04,0.0233333333333333,0.06,0.0433333333333333,0.73
49,470.778015000327,480.858737931525,489.895069909929,504.286985353526,NA,0,0,0,0,NA,0,20.8927140235901,134.262496570746,0.182453111807505,0.181770261128743,NA,0.236666666666667,NA,0.01,0.0166666666666667,0.0233333333333333,0.04,0.0466666666666667,0.0433333333333333,0.0466666666666667,0.04,0.02,0.713333333333333
50,472.910038761303,511.337053853329,484.829502456244,510.404814129663,NA,0,0,0,0,NA,0,10.819810628891,85.8559318145116,0.18862159649531,0.197835473219554,NA,0.276666666666667,NA,0.0266666666666667,0.01,0.0266666666666667,0.03,0.0433333333333333,0.0333333333333333,0.0466666666666667,0.04,0.0433333333333333,0.7
