"no","observed","IHsurvrf","trt1","trt0","trueopt","avg.prop.match.opt.obs","avg.prop.match.opt.IHsurvrf","avg.prop.match.opt.trt1","avg.prop.match.opt.trt0","avg.prop.match.opt.trueopt","change.integral","time.obs","time.IHsurvrf","time.trt1","time.trt0","time.trueopt","proportion.censor","num.convergence.it","n_1","n_2","n_3","n_4","n_5","n_6","n_7","n_8","n_9","n_10","n_11","n_12","n_13","n_14","n_15"
26,1007.94038449813,1047.99211436025,1065.0406106725,1058.70063074619,NA,0,0,0,0,NA,0,45.5832896232605,1351.92621669769,0.395519594351451,0.381545611222585,NA,0.496,NA,0.006,0.014,0.006,0.02,0.034,0.022,0.036,0.03,0.046,0.032,0.03,0.028,0.03,0.032,0.634
27,1008.8636271627,1043.45652203653,1070.61061227013,1064.12571344035,NA,0,0,0,0,NA,0,53.5587935447693,1360.58445357482,0.431743224461873,0.418549394607544,NA,0.49,NA,0.012,0.006,0.014,0.02,0.03,0.028,0.042,0.026,0.022,0.038,0.024,0.034,0.038,0.028,0.638
28,1009.95147074625,1055.33666100074,1071.12718054697,1066.53362113066,NA,0,0,0,0,NA,0,54.4726028442383,1359.69890050491,0.440601821740468,0.417079079151154,NA,0.526,NA,0.008,0.01,0.01,0.036,0.026,0.028,0.054,0.048,0.036,0.026,0.038,0.032,0.046,0.02,0.582
29,1004.63058047177,1042.48748174783,1069.65306777318,1064.83367210786,NA,0,0,0,0,NA,0,53.7087528705597,1359.12169809341,0.432074705759684,0.441666185855865,NA,0.522,NA,0.004,0.012,0.012,0.018,0.036,0.044,0.036,0.024,0.028,0.028,0.028,0.026,0.05,0.038,0.616
30,1001.01978989549,1040.45782465273,1068.36319671309,1063.29073103808,NA,0,0,0,0,NA,0,51.1694140434265,1343.81015305519,0.42928454875946,0.402496914068858,NA,0.488,NA,0.004,0.008,0.012,0.014,0.036,0.016,0.016,0.028,0.036,0.036,0.024,0.028,0.04,0.032,0.67
31,999.984150210866,1031.18029221928,1062.28457422791,1064.13603711375,NA,0,0,0,0,NA,0,24.6299138069153,1130.88285365105,0.356117570400238,0.351444872220357,NA,0.494,NA,0.01,0.01,0.008,0.014,0.034,0.04,0.026,0.032,0.03,0.03,0.046,0.026,0.034,0.036,0.624
32,1000.26932607177,1037.24681506595,1075.68459392892,1066.97919458467,NA,0,0,0,0,NA,0,28.7012987136841,1426.54544821183,0.383399498462677,0.354645744959513,NA,0.522,NA,0.002,0.006,0.002,0.018,0.026,0.036,0.024,0.03,0.042,0.034,0.036,0.032,0.03,0.028,0.654
33,1010.21581762816,1054.64233507842,1072.19245092423,1067.04082162439,NA,0,0,0,0,NA,0,29.7800116539001,1347.12192879121,0.378106164932251,0.362565664450328,NA,0.502,NA,0.012,0.014,0.012,0.018,0.04,0.038,0.02,0.044,0.038,0.028,0.028,0.02,0.028,0.032,0.628
34,1010.23642539141,1064.53555845601,1080.38268030872,1071.40129382435,NA,0,0,0,0,NA,0,27.1114552021027,1421.52382792234,0.371709883213043,0.363922170797984,NA,0.498,NA,0.006,0,0.01,0.008,0.022,0.02,0.04,0.034,0.034,0.038,0.028,0.032,0.032,0.036,0.66
35,1000.37028145096,1041.25289461867,1059.09553941342,1053.21593963359,NA,0,0,0,0,NA,0,25.9405450820923,1146.87410233816,0.376835374037425,0.362252600987752,NA,0.502,NA,0.008,0.006,0.008,0.018,0.016,0.032,0.036,0.03,0.048,0.034,0.03,0.036,0.032,0.012,0.654
36,1004.23538798506,1032.46562255619,1076.65153359016,1060.47116407819,NA,0,0,0,0,NA,0,23.7431704998016,682.682705589135,0.36064182917277,0.349656701087952,NA,0.508,NA,0.004,0.002,0.006,0.028,0.042,0.036,0.032,0.022,0.038,0.022,0.042,0.024,0.028,0.022,0.652
37,1004.70956358952,1045.48182462485,1067.81075974485,1062.56365869652,NA,0,0,0,0,NA,0,24.0595915317535,773.436399388313,0.370295910040538,0.357720224062602,NA,0.496,NA,0.008,0.004,0.006,0.01,0.036,0.032,0.038,0.044,0.032,0.014,0.034,0.016,0.028,0.026,0.672
38,1011.31268527214,1028.01023693506,1073.10662122476,1064.91573486903,NA,0,0,0,0,NA,0,24.0342156887054,796.054532365004,0.361771961053212,0.364760688940684,NA,0.462,NA,0.006,0.012,0.008,0.02,0.038,0.028,0.026,0.04,0.032,0.03,0.02,0.034,0.018,0.03,0.658
39,1003.60029418608,1050.36661269317,1055.32695001816,1063.07717530224,NA,0,0,0,0,NA,0,24.1640348434448,696.431778776646,0.373217252890269,0.364810228347778,NA,0.534,NA,0.002,0.006,0.014,0.028,0.022,0.022,0.054,0.038,0.046,0.032,0.042,0.012,0.032,0.016,0.634
40,1003.56377049838,1063.17061205426,1078.92185859244,1064.14822212029,NA,0,0,0,0,NA,0,23.8246123790741,673.063365046183,0.370103927453359,0.373944842815399,NA,0.562,NA,0.008,0.016,0.016,0.02,0.026,0.032,0.044,0.034,0.046,0.042,0.04,0.022,0.02,0.048,0.586
41,1005.6386558579,1011.04819033881,1059.23971696327,1063.88463016666,NA,0,0,0,0,NA,0,23.7027378082275,626.226500372092,0.354654264450073,0.349054614702861,NA,0.518,NA,0.004,0.014,0.01,0.016,0.022,0.034,0.028,0.052,0.04,0.036,0.03,0.028,0.034,0.026,0.626
42,1012.75216888953,1046.42889046473,1071.23443561122,1055.91232967598,NA,0,0,0,0,NA,0,23.7208564281464,661.736684556802,0.360446870326996,0.362089959780375,NA,0.496,NA,0.008,0,0.02,0.018,0.034,0.024,0.046,0.044,0.028,0.026,0.026,0.036,0.026,0.03,0.634
43,1003.25191966215,1051.36622291358,1069.27092851957,1060.16528204215,NA,0,0,0,0,NA,0,24.2454030513763,701.967319643497,0.367372679710388,0.360468232631683,NA,0.502,NA,0.014,0.008,0.01,0.014,0.046,0.048,0.028,0.03,0.04,0.026,0.026,0.034,0.026,0.026,0.624
44,1008.23077245113,1038.61499202079,1079.58742188414,1066.63913389222,NA,0,0,0,0,NA,0,23.803543806076,690.773116827011,0.368254081408183,0.370024446646372,NA,0.464,NA,0.002,0.004,0.01,0.02,0.024,0.044,0.044,0.02,0.052,0.034,0.034,0.022,0.032,0.026,0.632
45,1010.68100644291,1015.98965960953,1070.39767811481,1059.24915860517,NA,0,0,0,0,NA,0,24.0459632873535,668.805071620146,0.364097766081492,0.364644610881805,NA,0.506,NA,0.01,0.004,0.008,0.022,0.024,0.04,0.04,0.044,0.02,0.036,0.03,0.032,0.028,0.026,0.636
46,1013.98671940265,1061.81619274798,1073.39248260473,1067.6477052975,NA,0,0,0,0,NA,0,23.3183205127716,637.526574365298,0.357917896906535,0.359970124562581,NA,0.498,NA,0.006,0.004,0.006,0.026,0.026,0.05,0.04,0.02,0.028,0.026,0.038,0.02,0.018,0.034,0.658
47,1009.70505795975,1036.28223690853,1064.91702585746,1056.66576289392,NA,0,0,0,0,NA,0,24.3776834011078,624.795443161329,0.357052902380625,0.357439788182576,NA,0.488,NA,0,0.002,0.012,0.02,0.032,0.026,0.048,0.04,0.042,0.034,0.034,0.028,0.03,0.02,0.632
48,1002.87996261082,1071.02310157095,1068.67706059218,1064.11517176313,NA,0,0,0,0,NA,0,24.3835971355438,690.369835674763,0.357299872239431,0.365495765209198,NA,0.458,NA,0.008,0.006,0.008,0.02,0.032,0.036,0.028,0.038,0.028,0.026,0.028,0.022,0.028,0.028,0.664
49,1002.23754163673,1063.30435104211,1073.72561338482,1061.63194847362,NA,0,0,0,0,NA,0,23.9536964893341,643.352021519343,0.354819770654043,0.350417220592499,NA,0.524,NA,0.004,0.006,0.012,0.03,0.03,0.03,0.04,0.036,0.034,0.026,0.032,0.038,0.04,0.038,0.604
50,1011.0582853404,1061.63691219785,1077.9964115789,1065.85749541317,NA,0,0,0,0,NA,0,23.9352331161499,689.442534466585,0.357833151022593,0.356661403179169,NA,0.444,NA,0.004,0.004,0.012,0.01,0.028,0.034,0.044,0.028,0.042,0.03,0.032,0.022,0.032,0.024,0.654
