"no","observed","IHsurvrf","trt1","trt0","trueopt","avg.prop.match.opt.obs","avg.prop.match.opt.IHsurvrf","avg.prop.match.opt.trt1","avg.prop.match.opt.trt0","avg.prop.match.opt.trueopt","change.integral","time.obs","time.IHsurvrf","time.trt1","time.trt0","time.trueopt","proportion.censor","num.convergence.it","n_1","n_2","n_3","n_4","n_5","n_6","n_7","n_8","n_9","n_10","n_11","n_12","n_13","n_14","n_15"
101,1010.58850623331,1002.39279368968,1065.14930137251,1051.12142551876,NA,0,0,0,0,NA,0,25.2966079711914,1522.09146057367,0.508725174268087,0.498477097352346,NA,0.528,NA,0.008,0.004,0.02,0.024,0.038,0.026,0.038,0.02,0.036,0.046,0.026,0.024,0.024,0.02,0.646
102,1008.02315326414,1054.68112595591,1073.95025599363,1048.41232350685,NA,0,0,0,0,NA,0,25.1874392032623,1496.56851403316,0.535451857248942,0.541747001806895,NA,0.524,NA,0.006,0.006,0.01,0.02,0.044,0.046,0.026,0.028,0.032,0.04,0.036,0.024,0.03,0.03,0.622
103,1009.92339236679,990.1683969003,1072.29061144028,1065.86186115947,NA,0,0,0,0,NA,0,16.3772928714752,942.642981040478,0.322639723618825,0.330483702818553,NA,0.494,NA,0.008,0.006,0.022,0.02,0.032,0.018,0.032,0.034,0.042,0.022,0.024,0.024,0.03,0.028,0.658
104,1014.08989041276,1020.56442998459,1063.35692358892,1058.6753417753,NA,0,0,0,0,NA,0,25.2007079124451,1485.84914855957,0.549533661206563,0.528266406059265,NA,0.484,NA,0.004,0.02,0.004,0.01,0.01,0.032,0.032,0.022,0.038,0.042,0.026,0.028,0.034,0.026,0.672
105,1006.83335618802,1014.56503674436,1068.59286381455,1057.5923666042,NA,0,0,0,0,NA,0,25.3619060516357,1556.14756078323,0.467003087202708,0.480622784296672,NA,0.504,NA,0.004,0.004,0.008,0.022,0.02,0.032,0.034,0.032,0.032,0.038,0.03,0.032,0.036,0.04,0.636
106,1004.12711179568,1060.99544460976,1065.89280379209,1061.8345717996,NA,0,0,0,0,NA,0,32.9168932437897,1415.46028833389,0.532998355229696,0.524126271406809,NA,0.544,NA,0.002,0.01,0.008,0.024,0.034,0.044,0.034,0.026,0.036,0.04,0.024,0.03,0.024,0.014,0.65
107,996.293110338993,1043.10329172851,1066.71379560861,1062.13250369298,NA,0,0,0,0,NA,0,35.1999309062958,1788.41458460093,0.469486649831136,0.455043208599091,NA,0.502,NA,0,0.006,0.008,0.028,0.028,0.036,0.028,0.042,0.03,0.024,0.036,0.038,0.038,0.028,0.63
108,1017.96983290825,1023.87145706241,1061.64328986405,1056.1757000104,NA,0,0,0,0,NA,0,19.8161973953247,962.071792964141,0.360594169298808,0.357785050074259,NA,0.506,NA,0.014,0.006,0.012,0.012,0.038,0.024,0.026,0.04,0.026,0.032,0.02,0.046,0.026,0.036,0.642
109,1015.00169220124,1003.83483821737,1063.39404162321,1058.31659208212,NA,0,0,0,0,NA,0,34.0367617607117,1381.57166412274,0.444002266724904,0.433287552992503,NA,0.496,NA,0.004,0.002,0.012,0.008,0.038,0.04,0.034,0.04,0.042,0.04,0.038,0.028,0.02,0.034,0.62
110,1014.0400065764,1049.02582899785,1062.37816532874,1063.48187268963,NA,0,0,0,0,NA,0,30.8029510974884,1432.73481507699,0.45935621658961,0.425781754652659,NA,0.522,NA,0.006,0.008,0.008,0.024,0.026,0.042,0.03,0.05,0.028,0.046,0.024,0.032,0.032,0.026,0.618
111,1012.08487497658,999.630327106525,1075.70235547847,1070.83288741125,NA,0,0,0,0,NA,0,33.6859838962555,1370.94747787317,0.461524279912313,0.479525470733643,NA,0.532,NA,0.006,0.006,0.016,0.016,0.022,0.04,0.032,0.036,0.024,0.032,0.026,0.04,0.038,0.026,0.64
112,1019.4571130567,1045.58489601819,1073.02108063313,1065.05792759476,NA,0,0,0,0,NA,0,31.2753264904022,1441.57056789796,0.454017774264018,0.45581495364507,NA,0.564,NA,0.006,0.006,0.002,0.016,0.042,0.04,0.032,0.04,0.042,0.034,0.04,0.034,0.03,0.03,0.606
113,1001.22367396477,1044.85814903741,1057.46279867755,1052.82786012453,NA,0,0,0,0,NA,0,22.7719774246216,907.850590793292,0.327117995421092,0.31090202331543,NA,0.49,NA,0.01,0.012,0.01,0.016,0.036,0.028,0.028,0.038,0.026,0.046,0.034,0.04,0.014,0.028,0.634
114,1009.43750692867,1054.52324776204,1069.02279802783,1062.2594290521,NA,0,0,0,0,NA,0,28.529972076416,1353.74301865498,0.402044614156087,0.40654213031133,NA,0.51,NA,0.01,0.004,0.008,0.012,0.028,0.04,0.042,0.054,0.04,0.034,0.03,0.028,0.032,0.034,0.604
115,1008.60145665462,1040.03685777209,1067.28426855996,1069.70114310011,NA,0,0,0,0,NA,0,30.1191883087158,1063.23298266331,0.320832542578379,0.327755614121755,NA,0.496,NA,0.008,0.006,0.01,0.028,0.03,0.04,0.044,0.03,0.04,0.016,0.032,0.024,0.034,0.022,0.636
116,1007.95579729602,1059.60214007619,1066.86369325392,1068.23372089401,NA,0,0,0,0,NA,0,32.4961416721344,1148.78671536048,0.295251623789469,0.29234828154246,NA,0.506,NA,0.01,0.01,0.012,0.024,0.028,0.034,0.018,0.04,0.036,0.038,0.04,0.034,0.022,0.028,0.626
117,1007.88241583452,1034.44901830677,1071.23453401343,1064.705036861,NA,0,0,0,0,NA,0,29.976006269455,1245.33732760747,0.295102413495382,0.298963133494059,NA,0.51,NA,0.002,0.006,0.01,0.02,0.026,0.02,0.056,0.026,0.02,0.034,0.048,0.026,0.038,0.028,0.64
118,1010.48679875379,1045.85428234944,1063.68805664756,1059.90072746185,NA,0,0,0,0,NA,0,18.8577432632446,978.82923065424,0.420627764860789,0.423504654566447,NA,0.518,NA,0.004,0.01,0.008,0.016,0.046,0.02,0.034,0.052,0.03,0.032,0.02,0.03,0.024,0.02,0.654
119,1008.20386547274,1045.59393449105,1057.27635689835,1067.9081956289,NA,0,0,0,0,NA,0,28.0643413066864,1419.78456039826,0.439758241176605,0.468988577524821,NA,0.506,NA,0.004,0.006,0.008,0.016,0.032,0.018,0.034,0.034,0.028,0.028,0.032,0.042,0.036,0.022,0.66
120,1009.42258344163,994.791235348915,1072.8544491771,1064.75463783654,NA,0,0,0,0,NA,0,21.0190238952637,903.86443425417,0.349115252494812,0.328809054692586,NA,0.46,NA,0.01,0.008,0.014,0.014,0.03,0.028,0.046,0.03,0.026,0.04,0.024,0.028,0.028,0.03,0.644
121,1010.69297934623,1025.06694504965,1073.96891763969,1060.93817305901,NA,0,0,0,0,NA,0,19.7821569442749,788.531761769454,0.318630568186442,0.313870338598887,NA,0.526,NA,0.006,0.014,0.012,0.018,0.032,0.05,0.04,0.028,0.034,0.04,0.032,0.024,0.024,0.026,0.62
122,1004.49577026921,1052.28946347741,1070.3442826218,1057.90025261467,NA,0,0,0,0,NA,0,19.5936262607574,751.570103915532,0.272085130214691,0.255097742875417,NA,0.496,NA,0.002,0.008,0.006,0.008,0.036,0.032,0.026,0.046,0.04,0.042,0.02,0.026,0.022,0.026,0.66
123,998.70794814967,1046.34694649502,1073.6710913218,1062.46752965425,NA,0,0,0,0,NA,0,28.4357452392578,1385.0883805275,0.418922245502472,0.397273822625478,NA,0.488,NA,0.006,0.022,0.006,0.016,0.026,0.044,0.03,0.028,0.042,0.036,0.026,0.024,0.022,0.032,0.64
124,1008.07996120358,1059.41312798112,1074.29644308657,1069.11896789768,NA,0,0,0,0,NA,0,29.9218194484711,837.861381161213,0.271310559908549,0.274953329563141,NA,0.474,NA,0.004,0.012,0.006,0.016,0.024,0.02,0.05,0.04,0.03,0.026,0.024,0.022,0.024,0.024,0.678
125,1006.20132683865,1062.19326946247,1071.53724542315,1068.56798936906,NA,0,0,0,0,NA,0,20.1002411842346,795.816084822019,0.306569608052572,0.314546593030294,NA,0.508,NA,0.006,0.006,0,0.018,0.032,0.034,0.042,0.034,0.036,0.038,0.024,0.034,0.038,0.044,0.614
