"no","observed","IHsurvrf","trt1","trt0","trueopt","avg.prop.match.opt.obs","avg.prop.match.opt.IHsurvrf","avg.prop.match.opt.trt1","avg.prop.match.opt.trt0","avg.prop.match.opt.trueopt","change.integral","time.obs","time.IHsurvrf","time.trt1","time.trt0","time.trueopt","proportion.censor","num.convergence.it","n_1","n_2","n_3","n_4","n_5","n_6","n_7","n_8","n_9","n_10"
1,550.763383979067,555.315016199753,553.701904927279,573.304151611623,NA,0,0,0,0,NA,0,17.8868508338928,157.704465377331,0.289714920520782,0.278696139653524,NA,0.46,NA,0.00333333333333333,0.03,0.0266666666666667,0.05,0.0433333333333333,0.0333333333333333,0.04,0.0433333333333333,0.0433333333333333,0.686666666666667
2,546.23058358641,562.165629635675,550.69329228141,568.899683085661,NA,0,0,0,0,NA,0,25.0994665622711,365.152767507235,0.594992021719615,0.681324271361033,NA,0.493333333333333,NA,0.0266666666666667,0.01,0.0233333333333333,0.0533333333333333,0.0533333333333333,0.0266666666666667,0.0566666666666667,0.05,0.0466666666666667,0.653333333333333
3,543.33373644613,574.003434035945,548.752982164591,568.520803529959,NA,0,0,0,0,NA,0,24.2813532352448,238.821017142137,0.271330849329631,0.262542796134949,NA,0.436666666666667,NA,0.0233333333333333,0.0166666666666667,0.0166666666666667,0.03,0.0666666666666667,0.0566666666666667,0.00666666666666667,0.0433333333333333,0.0433333333333333,0.696666666666667
4,551.638826128631,559.369544236847,549.345356140394,567.926611221353,NA,0,0,0,0,NA,0,18.1470353603363,159.14688385725,0.502870945135752,0.540288702646891,NA,0.466666666666667,NA,0.0133333333333333,0.03,0.0133333333333333,0.04,0.0633333333333333,0.0466666666666667,0.0433333333333333,0.05,0.0366666666666667,0.663333333333333
5,545.298798382932,560.956260627644,553.516234101174,574.293985172397,NA,0,0,0,0,NA,0,18.2966938018799,209.936437563101,0.468274986743927,0.496598895390828,NA,0.44,NA,0.02,0.0233333333333333,0.02,0.0333333333333333,0.04,0.05,0.0466666666666667,0.03,0.0333333333333333,0.703333333333333
6,546.186554517385,548.795676205041,549.647555946111,571.014968198678,NA,0,0,0,0,NA,0,18.7391364574432,150.26955289046,0.27127571105957,0.2564306696256,NA,0.446666666666667,NA,0.0166666666666667,0.05,0.02,0.0233333333333333,0.05,0.0466666666666667,0.04,0.06,0.0466666666666667,0.646666666666667
7,536.646107664222,559.532946710669,543.569957067919,568.385185111524,NA,0,0,0,0,NA,0,18.7846989631653,148.671134269238,0.265717605749766,0.259835374355316,NA,0.423333333333333,NA,0.0433333333333333,0.02,0.02,0.0333333333333333,0.0433333333333333,0.0466666666666667,0.0433333333333333,0.0266666666666667,0.0633333333333333,0.66
8,541.344292087117,541.177248088451,545.78496210824,576.415921350035,NA,0,0,0,0,NA,0,17.3249864578247,154.751737050215,0.262406722704569,0.270327146848043,NA,0.453333333333333,NA,0.0366666666666667,0.0366666666666667,0.0166666666666667,0.0266666666666667,0.05,0.0366666666666667,0.05,0.05,0.0366666666666667,0.66
9,544.530383287511,566.115910793894,557.105731201096,576.650482698112,NA,0,0,0,0,NA,0,47.1563801765442,298.751716601849,0.391445815563202,0.45684529542923,NA,0.45,NA,0.0166666666666667,0.0233333333333333,0.0166666666666667,0.05,0.0333333333333333,0.0433333333333333,0.0533333333333333,0.0433333333333333,0.05,0.67
10,542.277291671767,553.482175319657,545.973039480238,570.989934338559,NA,0,0,0,0,NA,0,16.2682206630707,143.274673072497,0.27999548514684,0.267687773704529,NA,0.453333333333333,NA,0.02,0.0166666666666667,0.0133333333333333,0.0166666666666667,0.05,0.04,0.04,0.0533333333333333,0.04,0.71
11,543.159631913479,579.382214636016,556.313270383815,579.382214636016,NA,0,0,0,0,NA,0,33.7691380977631,335.781752594312,0.274441119035085,0.256719219684601,NA,0.363333333333333,NA,0.02,0.00666666666666667,0.00666666666666667,0.03,0.04,0.0433333333333333,0.0533333333333333,0.0233333333333333,0.04,0.736666666666667
12,548.949035290573,566.117316683395,551.486335982387,573.213194900965,NA,0,0,0,0,NA,0,29.3086714744568,250.458960533142,0.649215094248454,0.657014803091685,NA,0.46,NA,0.02,0.0266666666666667,0.0333333333333333,0.0366666666666667,0.0233333333333333,0.04,0.04,0.0466666666666667,0.05,0.683333333333333
13,538.744220561425,556.920494572408,559.571138044532,587.594887316917,NA,0,0,0,0,NA,0,16.4582574367523,152.501012436549,0.260698894659678,0.257174531618754,NA,0.436666666666667,NA,0.02,0.0366666666666667,0.0366666666666667,0.0333333333333333,0.0366666666666667,0.0366666666666667,0.0333333333333333,0.04,0.0366666666666667,0.69
14,538.003933214772,554.172722946732,550.434858053894,576.325605103253,NA,0,0,0,0,NA,0,16.2826855182648,162.22906425794,0.29936329126358,0.273555703957876,NA,0.463333333333333,NA,0.0233333333333333,0.03,0.02,0.0366666666666667,0.02,0.0433333333333333,0.05,0.0466666666666667,0.03,0.7
15,539.014790764728,563.93608462437,553.750252916926,577.669672129294,NA,0,0,0,0,NA,0,17.2176785469055,156.598550117016,0.275776259104411,0.256378515561422,NA,0.44,NA,0.0266666666666667,0.0366666666666667,0.0166666666666667,0.0333333333333333,0.0533333333333333,0.0433333333333333,0.0533333333333333,0.0233333333333333,0.05,0.663333333333333
16,547.779014803472,567.472678086673,553.611935078147,575.061587229102,NA,0,0,0,0,NA,0,23.9882164001465,249.773948359489,0.257618141174316,0.257683765888214,NA,0.453333333333333,NA,0.0266666666666667,0.03,0.0333333333333333,0.03,0.03,0.0366666666666667,0.03,0.0466666666666667,0.05,0.686666666666667
17,543.272417761609,560.768055970838,547.794529042204,575.039316415095,NA,0,0,0,0,NA,0,16.694699048996,161.588417816162,0.902537838617961,0.673729387919108,NA,0.39,NA,0.01,0.0266666666666667,0.0266666666666667,0.02,0.0333333333333333,0.04,0.0566666666666667,0.0366666666666667,0.0433333333333333,0.706666666666667
18,545.135744311131,546.425181859834,548.72859131964,580.401138771899,NA,0,0,0,0,NA,0,16.2454743385315,134.722817838192,0.257691582043966,0.25826328198115,NA,0.416666666666667,NA,0.03,0.0366666666666667,0.0266666666666667,0.0266666666666667,0.02,0.05,0.05,0.04,0.0366666666666667,0.683333333333333
19,541.75596600517,545.073440900938,549.044993113911,573.153624869983,NA,0,0,0,0,NA,0,41.0348405838013,358.185528004169,0.525368841489156,0.569167590141296,NA,0.456666666666667,NA,0.02,0.0366666666666667,0.0166666666666667,0.05,0.0166666666666667,0.0466666666666667,0.05,0.0433333333333333,0.05,0.67
20,535.928859462352,562.269486167015,550.957526898061,575.136365452126,NA,0,0,0,0,NA,0,15.4307105541229,159.672578589122,0.260201152165731,0.25089054107666,NA,0.413333333333333,NA,0.00666666666666667,0.0133333333333333,0.0266666666666667,0.0233333333333333,0.0433333333333333,0.0566666666666667,0.0466666666666667,0.0233333333333333,0.0266666666666667,0.733333333333333
21,545.894020413684,558.846580269493,550.285572128595,577.443466429643,NA,0,0,0,0,NA,0,17.1210730075836,158.830964052677,0.289925567309062,0.272802495956421,NA,0.393333333333333,NA,0.0133333333333333,0.01,0.0433333333333333,0.03,0.06,0.03,0.0266666666666667,0.0333333333333333,0.0566666666666667,0.696666666666667
22,536.202336453941,541.703054134638,552.876072585466,565.374011857429,NA,0,0,0,0,NA,0,16.3817439079285,157.022729130586,0.260635145505269,0.265223630269369,NA,0.436666666666667,NA,0.00666666666666667,0.0233333333333333,0.03,0.0433333333333333,0.0233333333333333,0.0766666666666667,0.02,0.0533333333333333,0.03,0.693333333333333
23,541.499470452196,539.001409913709,548.151349736,572.826567160961,NA,0,0,0,0,NA,0,16.7153127193451,156.974390733242,0.271749305725098,0.2619402607282,NA,0.436666666666667,NA,0.0166666666666667,0.01,0.0233333333333333,0.03,0.0466666666666667,0.0333333333333333,0.0466666666666667,0.0366666666666667,0.05,0.706666666666667
24,550.619277959825,560.838818954902,554.837920991623,574.747147383564,NA,0,0,0,0,NA,0,37.3349442481995,343.002633710702,0.543072946866353,0.507910358905792,NA,0.43,NA,0.0333333333333333,0.0133333333333333,0.0133333333333333,0.04,0.0433333333333333,0.0266666666666667,0.0466666666666667,0.0366666666666667,0.0466666666666667,0.7
25,546.260019538787,553.042482628423,554.935568947789,584.602382892801,NA,0,0,0,0,NA,0,16.9224460124969,150.996763531367,0.26363240480423,0.255591535568237,NA,0.42,NA,0.0266666666666667,0.0266666666666667,0.04,0.00666666666666667,0.0333333333333333,0.0366666666666667,0.05,0.04,0.0533333333333333,0.686666666666667
26,545.088003475198,555.719038481009,551.640310113238,574.190232037179,NA,0,0,0,0,NA,0,36.1453683376312,232.042205905914,0.579624954859416,0.560855011145274,NA,0.446666666666667,NA,0.0166666666666667,0.0133333333333333,0.0266666666666667,0.0333333333333333,0.0433333333333333,0.0366666666666667,0.0266666666666667,0.0466666666666667,0.05,0.706666666666667
27,541.140909147526,574.775313230531,557.547943888661,573.151797282389,NA,0,0,0,0,NA,0,16.4531917572021,147.837696778774,0.251237559318542,0.242228806018829,NA,0.413333333333333,NA,0.0333333333333333,0.03,0.0166666666666667,0.03,0.05,0.05,0.04,0.03,0.03,0.69
28,545.919266405137,567.700701652618,553.0300018166,571.634537569507,NA,0,0,0,0,NA,0,17.4883818626404,158.484336817265,0.265474287668864,0.270840446154277,NA,0.45,NA,0.02,0.0233333333333333,0.01,0.0233333333333333,0.03,0.0266666666666667,0.0333333333333333,0.0833333333333333,0.0133333333333333,0.736666666666667
29,540.141726252895,544.69119422179,546.953515328852,570.577822204514,NA,0,0,0,0,NA,0,17.2659819126129,153.472323377927,0.259619077046712,0.247833069165548,NA,0.426666666666667,NA,0.0133333333333333,0.0233333333333333,0.04,0.0466666666666667,0.0266666666666667,0.0433333333333333,0.0166666666666667,0.04,0.08,0.67
30,542.987353173604,572.409132367745,551.44363902212,572.409132367745,NA,0,0,0,0,NA,0,16.6872620582581,98.894474709034,0.187310977776845,0.18414470354716,NA,0.41,NA,0.0166666666666667,0.02,0.02,0.0233333333333333,0.0366666666666667,0.0266666666666667,0.0466666666666667,0.04,0.0366666666666667,0.733333333333333
31,542.736902100821,571.265846615433,546.294658693397,579.973438262149,NA,0,0,0,0,NA,0,37.2338118553162,287.097121802966,0.288744298617045,0.316371409098307,NA,0.433333333333333,NA,0.0266666666666667,0.0233333333333333,0.02,0.03,0.03,0.0533333333333333,0.0333333333333333,0.0433333333333333,0.0366666666666667,0.703333333333333
32,544.403500653668,551.645787717472,546.475622627334,574.334725048854,NA,0,0,0,0,NA,0,16.6241502761841,140.220710221926,0.297090542316437,0.290181696414948,NA,0.503333333333333,NA,0.02,0.02,0.02,0.0466666666666667,0.0333333333333333,0.0633333333333333,0.05,0.0433333333333333,0.0466666666666667,0.656666666666667
33,536.861667456999,556.577485724129,562.712473692141,577.276408013477,NA,0,0,0,0,NA,0,30.1469073295593,226.810370075703,0.179104987780253,0.173437050978343,NA,0.403333333333333,NA,0.00666666666666667,0.0266666666666667,0.0166666666666667,0.02,0.03,0.0433333333333333,0.04,0.0366666666666667,0.04,0.74
34,541.892852045299,554.03874650215,552.367164994119,578.215208107208,NA,0,0,0,0,NA,0,15.4607853889465,148.860155661901,0.254438412189484,0.256631946563721,NA,0.43,NA,0.0266666666666667,0.0233333333333333,0.0166666666666667,0.0466666666666667,0.0233333333333333,0.04,0.05,0.0433333333333333,0.0533333333333333,0.676666666666667
35,535.027567282229,548.270535840643,545.433172428132,573.20680935201,NA,0,0,0,0,NA,0,17.5028138160706,154.676925698916,0.259484978516897,0.263986070950826,NA,0.453333333333333,NA,0.00666666666666667,0.0166666666666667,0.03,0.03,0.0333333333333333,0.0466666666666667,0.04,0.0366666666666667,0.0366666666666667,0.723333333333333
36,543.3887164449,548.908048310056,555.222288356442,574.440798158045,NA,0,0,0,0,NA,0,15.5720975399017,159.777601897717,0.549585588773092,0.560843602816264,NA,0.463333333333333,NA,0.0433333333333333,0.0266666666666667,0.0266666666666667,0.0333333333333333,0.0266666666666667,0.0333333333333333,0.0566666666666667,0.03,0.0466666666666667,0.676666666666667
37,539.838104156226,568.119090352077,546.960725688207,570.170984889217,NA,0,0,0,0,NA,0,11.7062404155731,75.1291076223056,0.175590817133586,0.181021253267924,NA,0.446666666666667,NA,0.03,0.0233333333333333,0.03,0.03,0.05,0.0366666666666667,0.0466666666666667,0.0466666666666667,0.0233333333333333,0.683333333333333
38,550.152618370366,561.094129824482,549.645855951996,573.085944635688,NA,0,0,0,0,NA,0,20.8064415454865,179.947506300608,0.189037676652273,0.186387852827708,NA,0.373333333333333,NA,0.02,0.00333333333333333,0.02,0.0266666666666667,0.04,0.0466666666666667,0.0366666666666667,0.0366666666666667,0.0266666666666667,0.743333333333333
39,540.072449211086,579.205962651858,555.494015345268,579.205962651858,NA,0,0,0,0,NA,0,17.7503061294556,147.144689595699,0.249137119452159,0.248578162988027,NA,0.47,NA,0.0266666666666667,0.01,0.0366666666666667,0.0333333333333333,0.0333333333333333,0.05,0.06,0.0433333333333333,0.04,0.666666666666667
40,539.786116620509,552.961781924354,552.654713638932,568.764035990633,NA,0,0,0,0,NA,0,11.1431324481964,78.9465148131053,0.176379477977753,0.171775090694427,NA,0.47,NA,0.0233333333333333,0.0266666666666667,0.04,0.0333333333333333,0.0466666666666667,0.0433333333333333,0.0466666666666667,0.0366666666666667,0.0266666666666667,0.676666666666667
41,544.200425177975,570.257775503612,555.647535512408,580.926777100025,NA,0,0,0,0,NA,0,15.8706908226013,154.605774132411,0.264311436812083,0.25591356754303,NA,0.426666666666667,NA,0.0133333333333333,0.0133333333333333,0.0133333333333333,0.0266666666666667,0.0333333333333333,0.0333333333333333,0.0566666666666667,0.0433333333333333,0.04,0.726666666666667
42,549.431679872089,557.048617317973,562.732119749988,575.358854383568,NA,0,0,0,0,NA,0,17.5587017536163,152.622324558099,0.260568225383759,0.261633157730103,NA,0.446666666666667,NA,0.02,0.0233333333333333,0.0133333333333333,0.0266666666666667,0.0533333333333333,0.0533333333333333,0.0366666666666667,0.0566666666666667,0.03,0.686666666666667
43,541.862274827069,574.595181007586,552.75518836574,575.826351665063,NA,0,0,0,0,NA,0,32.2401683330536,241.579989055792,0.262840755780538,0.260711514949799,NA,0.423333333333333,NA,0.0166666666666667,0.0133333333333333,0.0166666666666667,0.0133333333333333,0.0666666666666667,0.0366666666666667,0.0366666666666667,0.05,0.0466666666666667,0.703333333333333
44,544.695112677587,565.194002129281,548.7556676461,573.599593734864,NA,0,0,0,0,NA,0,11.9055712223053,91.7476583441099,0.184575963020325,0.186247479915619,NA,0.413333333333333,NA,0.0166666666666667,0.0166666666666667,0.0133333333333333,0.0333333333333333,0.03,0.0333333333333333,0.0333333333333333,0.04,0.0466666666666667,0.736666666666667
45,537.601744227039,547.479888612342,554.315523122561,571.569445633933,NA,0,0,0,0,NA,0,11.4621922969818,74.6042256156604,0.164430479208628,0.169167919953664,NA,0.423333333333333,NA,0.0266666666666667,0.0166666666666667,0.0433333333333333,0.03,0.0466666666666667,0.0366666666666667,0.0466666666666667,0.04,0.03,0.683333333333333
46,544.337815543872,555.853481160197,553.866881613132,577.298385825382,NA,0,0,0,0,NA,0,16.0277197360992,121.775797565778,0.273738431930542,0.275389925638835,NA,0.423333333333333,NA,0.02,0.04,0.04,0.0233333333333333,0.0266666666666667,0.0266666666666667,0.0233333333333333,0.03,0.0433333333333333,0.726666666666667
47,543.846573230885,554.885076057097,555.109044599395,579.466440262701,NA,0,0,0,0,NA,0,10.8829524517059,77.3783559203148,0.159699400266012,0.166483529408773,NA,0.43,NA,0.0233333333333333,0.0133333333333333,0.03,0.03,0.0333333333333333,0.0266666666666667,0.04,0.0433333333333333,0.0466666666666667,0.713333333333333
48,541.613454855027,569.789199039983,546.318977725897,571.708490933318,NA,0,0,0,0,NA,0,16.9350655078888,152.793653929234,0.256390929222107,0.260292633374532,NA,0.466666666666667,NA,0.01,0.03,0.0233333333333333,0.0133333333333333,0.0333333333333333,0.0566666666666667,0.05,0.04,0.0433333333333333,0.7
49,543.301782142616,538.805491125346,555.165595389645,571.402597214652,NA,0,0,0,0,NA,0,17.2152335643768,141.409678518772,0.189773734410604,0.190073986848195,NA,0.44,NA,0.0266666666666667,0.0133333333333333,0.0266666666666667,0.0466666666666667,0.0433333333333333,0.05,0.0333333333333333,0.0433333333333333,0.0366666666666667,0.68
50,543.362551317804,562.58824094717,554.721718422967,575.056032563896,NA,0,0,0,0,NA,0,15.8557827472687,87.2978479146957,0.184415014584859,0.184660534063975,NA,0.5,NA,0.03,0.0166666666666667,0.0266666666666667,0.0366666666666667,0.0766666666666667,0.0466666666666667,0.0533333333333333,0.04,0.0366666666666667,0.636666666666667
