"no","observed","IHsurvrf","trt1","trt0","trueopt","avg.prop.match.opt.obs","avg.prop.match.opt.IHsurvrf","avg.prop.match.opt.trt1","avg.prop.match.opt.trt0","avg.prop.match.opt.trueopt","change.integral","time.obs","time.IHsurvrf","time.trt1","time.trt0","time.trueopt","proportion.censor","num.convergence.it","n_1","n_2","n_3","n_4","n_5","n_6","n_7","n_8","n_9","n_10","n_11","n_12","n_13","n_14","n_15"
126,994.857061603051,1051.23804277222,1064.25387489821,1071.12875070586,NA,0,0,0,0,NA,0,26.5025098323822,1527.79928685029,0.455458887418111,0.456655597686768,NA,0.474,NA,0.004,0.004,0.008,0.02,0.02,0.034,0.03,0.04,0.038,0.026,0.034,0.028,0.028,0.03,0.656
127,1011.21139110783,1020.45672275289,1064.71373686088,1062.44269133069,NA,0,0,0,0,NA,0,26.5655190944672,1104.12507119973,0.330940691630046,0.339038407802582,NA,0.478,NA,0.01,0.004,0.016,0.014,0.028,0.028,0.02,0.022,0.036,0.028,0.038,0.032,0.032,0.016,0.676
128,1011.12164151238,982.33428905413,1071.1231439628,1064.93971280592,NA,0,0,0,0,NA,0,17.6381316184998,1578.89571260214,0.430969834327698,0.41419130563736,NA,0.514,NA,0.01,0.006,0.008,0.026,0.032,0.036,0.032,0.038,0.038,0.032,0.024,0.028,0.028,0.04,0.622
129,1008.73405899817,1042.64514141576,1069.39868294331,1053.58831149665,NA,0,0,0,0,NA,0,26.4550919532776,1538.5351289312,0.416935173670451,0.429953177769979,NA,0.496,NA,0.002,0.012,0.014,0.022,0.02,0.034,0.026,0.042,0.032,0.036,0.026,0.032,0.028,0.024,0.65
130,1005.81734368375,1051.84100323352,1068.57579280002,1066.94894175003,NA,0,0,0,0,NA,0,26.4367225170135,1537.79456151327,0.453547811508179,0.424117267131805,NA,0.49,NA,0.008,0.004,0.006,0.014,0.032,0.038,0.042,0.034,0.038,0.024,0.044,0.032,0.026,0.04,0.618
131,1007.79005169341,1018.2657783577,1064.11023724776,1068.82018967208,NA,0,0,0,0,NA,0,30.2437610626221,1589.66610713402,0.550531176726023,0.542885915438334,NA,0.472,NA,0.004,0.002,0.008,0.012,0.028,0.036,0.034,0.046,0.026,0.038,0.018,0.024,0.036,0.02,0.668
132,1007.35267421361,1044.77993706284,1076.20547504939,1071.75654712059,NA,0,0,0,0,NA,0,21.7649962902069,1097.18846801122,0.350109545389811,0.310167745749156,NA,0.482,NA,0.006,0.008,0.006,0.028,0.024,0.036,0.024,0.044,0.034,0.022,0.022,0.018,0.034,0.032,0.662
133,1014.28611882839,1044.31324346945,1075.58766370377,1079.36946277392,NA,0,0,0,0,NA,0,28.2388849258423,1856.34582311312,0.598057587941488,0.583949649333954,NA,0.464,NA,0.006,0.006,0.002,0.022,0.032,0.04,0.04,0.024,0.032,0.034,0.026,0.03,0.018,0.02,0.668
134,1011.61780689812,1046.66859512921,1070.83629391614,1057.52096961671,NA,0,0,0,0,NA,0,30.7316973209381,1396.05404756467,0.493729666868846,0.502695258458455,NA,0.472,NA,0.006,0.008,0.004,0.02,0.032,0.046,0.038,0.02,0.04,0.026,0.024,0.024,0.04,0.036,0.636
135,1009.81634519642,1076.82879399443,1064.8500678193,1067.19147034091,NA,0,0,0,0,NA,0,26.8772132396698,1413.43604433537,0.440097192923228,0.462053747971853,NA,0.538,NA,0.008,0.004,0.004,0.016,0.036,0.032,0.048,0.036,0.036,0.038,0.026,0.036,0.022,0.04,0.618
136,1001.92094694682,1038.69357016432,1072.53121016652,1056.65472517597,NA,0,0,0,0,NA,0,33.472909450531,1587.35239028533,0.467625852425893,0.455009778340658,NA,0.498,NA,0,0.004,0.008,0.012,0.03,0.028,0.034,0.032,0.034,0.034,0.024,0.028,0.042,0.028,0.662
137,1012.92755436199,1049.3858568835,1072.67126094927,1076.57568836772,NA,0,0,0,0,NA,0,21.4588651657104,881.195716114839,0.340231355031331,0.335272590319316,NA,0.52,NA,0.004,0.002,0.012,0.026,0.026,0.048,0.046,0.042,0.052,0.038,0.048,0.026,0.024,0.024,0.582
138,1008.24508329993,1041.6769454351,1067.3004318317,1070.59699453246,NA,0,0,0,0,NA,0,37.0648603439331,1696.18827799559,0.488211770852407,0.526841163635254,NA,0.494,NA,0.004,0.006,0.002,0.026,0.022,0.026,0.034,0.036,0.03,0.04,0.034,0.018,0.026,0.036,0.66
139,999.294228950059,1057.70789487433,1071.17433761126,1063.33233541628,NA,0,0,0,0,NA,0,31.3814604282379,1378.25812619925,0.465167391300201,0.443767730394999,NA,0.496,NA,0.006,0.002,0.018,0.02,0.038,0.032,0.046,0.036,0.022,0.036,0.036,0.04,0.026,0.016,0.626
140,990.197387998036,1047.6983181617,1068.4517614399,1065.66221234418,NA,0,0,0,0,NA,0,28.5029230117798,1484.40735532443,0.543876647949219,0.555931770801544,NA,0.52,NA,0.008,0.006,0.006,0.016,0.016,0.036,0.032,0.028,0.032,0.032,0.036,0.04,0.02,0.038,0.654
141,1014.16118075922,1020.79437366632,1072.98060072063,1066.04626150157,NA,0,0,0,0,NA,0,29.0501139163971,969.890769422054,0.307848485310872,0.290718710422516,NA,0.466,NA,0.004,0.012,0.006,0.022,0.03,0.03,0.042,0.028,0.036,0.046,0.03,0.022,0.024,0.028,0.64
142,1010.31546773888,1041.28321225619,1070.44024462938,1058.76330493012,NA,0,0,0,0,NA,0,20.9409320354462,935.819889299075,0.329126091798147,0.327301780382792,NA,0.51,NA,0.004,0.01,0.004,0.016,0.044,0.02,0.026,0.054,0.03,0.036,0.036,0.03,0.02,0.03,0.64
143,1003.30485168469,1009.09697734787,1069.50271883264,1061.25823100045,NA,0,0,0,0,NA,0,36.6863632202148,1324.06672608058,0.286911205450694,0.269459446271261,NA,0.5,NA,0.002,0.008,0.006,0.014,0.022,0.042,0.042,0.038,0.022,0.048,0.04,0.022,0.046,0.028,0.62
144,1014.13161792508,1048.04196059076,1063.8410713028,1053.29881423384,NA,0,0,0,0,NA,0,30.1011407375336,1329.24291384617,0.422146769364675,0.407628691196442,NA,0.482,NA,0.004,0.012,0.012,0.012,0.03,0.026,0.038,0.034,0.034,0.036,0.046,0.04,0.026,0.028,0.622
145,1002.55196519684,1014.3153810348,1067.63209472426,1064.32567834272,NA,0,0,0,0,NA,0,34.6817030906677,1022.4164933006,0.313580294450124,0.292548847198486,NA,0.494,NA,0.006,0.006,0.022,0.022,0.044,0.028,0.046,0.042,0.032,0.022,0.03,0.032,0.014,0.02,0.634
146,996.173812859624,1022.15355604901,1070.49983452279,1067.52074948107,NA,0,0,0,0,NA,0,21.5152962207794,802.101806533337,0.265919808546702,0.262303996086121,NA,0.472,NA,0.004,0.01,0.01,0.024,0.03,0.032,0.046,0.034,0.024,0.024,0.028,0.028,0.04,0.028,0.638
147,1005.20332822392,1036.59621700142,1069.03169296021,1066.61331310991,NA,0,0,0,0,NA,0,21.8786854743958,938.856832945347,0.296608567237854,0.298352154095968,NA,0.486,NA,0.006,0.01,0.014,0.026,0.026,0.036,0.026,0.036,0.046,0.034,0.036,0.036,0.036,0.03,0.602
148,999.150146017207,1044.11781642516,1067.57252868862,1069.84948310355,NA,0,0,0,0,NA,0,17.897980928421,691.074794650078,0.275096293290456,0.248532998561859,NA,0.45,NA,0.006,0.006,0.012,0.016,0.02,0.024,0.038,0.034,0.034,0.028,0.032,0.038,0.016,0.03,0.666
149,1015.28788461146,1059.56139336763,1070.20308122921,1057.62276087182,NA,0,0,0,0,NA,0,26.0047135353088,923.469404979547,0.252852404117584,0.252635737260183,NA,0.514,NA,0.002,0.01,0.004,0.016,0.024,0.05,0.034,0.042,0.034,0.034,0.046,0.034,0.034,0.022,0.614
150,1002.19441330244,1026.80932148292,1071.96191711288,1063.41850722202,NA,0,0,0,0,NA,0,19.481787443161,844.658786177635,0.283009620507558,0.293342502911886,NA,0.484,NA,0.006,0.004,0.014,0.012,0.026,0.02,0.032,0.054,0.034,0.032,0.032,0.036,0.026,0.032,0.64
