"no","observed","IHsurvrf","trt1","trt0","trueopt","avg.prop.match.opt.obs","avg.prop.match.opt.IHsurvrf","avg.prop.match.opt.trt1","avg.prop.match.opt.trt0","avg.prop.match.opt.trueopt","change.integral","time.obs","time.IHsurvrf","time.trt1","time.trt0","time.trueopt","proportion.censor","num.convergence.it","n_1","n_2","n_3","n_4","n_5","n_6","n_7","n_8","n_9","n_10","n_11","n_12","n_13","n_14","n_15"
201,697.105677243463,726.853988151212,771.211557552027,769.907262806681,NA,0,0,0,0,NA,0,30.5693161487579,853.695124228795,0.369071606794993,0.365889863173167,NA,0.32,NA,0.016,0.016,0.012,0.03,0.032,0.03,0.044,0.038,0.048,0.04,0.04,0.042,0.032,0.026,0.554
202,706.814899078295,747.865991200586,753.126785393329,754.485796481997,NA,0,0,0,0,NA,0,27.2348740100861,680.310584489505,0.360626784960429,0.356733477115631,NA,0.304,NA,0.02,0.016,0.02,0.03,0.036,0.056,0.04,0.042,0.036,0.048,0.036,0.022,0.018,0.026,0.554
203,699.260010960256,707.852598639791,748.715650080287,761.827503712734,NA,0,0,0,0,NA,0,27.4949498176575,839.033431438605,0.390035978953044,0.373061454296112,NA,0.296,NA,0.014,0.014,0.014,0.022,0.05,0.054,0.05,0.028,0.04,0.026,0.046,0.026,0.036,0.028,0.552
204,694.937775637561,723.26384460963,755.269941789015,761.523735143635,NA,0,0,0,0,NA,0,20.7171316146851,673.431628247102,0.257671654224396,0.263233653704325,NA,0.318,NA,0.02,0.022,0.016,0.032,0.034,0.036,0.056,0.034,0.044,0.03,0.028,0.026,0.03,0.03,0.562
205,695.799124367903,700.897305126853,757.001203364127,755.486717766847,NA,0,0,0,0,NA,0,27.4010233879089,846.761431435744,0.349540889263153,0.348648683230082,NA,0.324,NA,0.018,0.016,0.016,0.028,0.026,0.038,0.044,0.046,0.04,0.018,0.036,0.04,0.03,0.032,0.572
206,683.921572000705,736.308128251198,751.557119241631,741.047522977511,NA,0,0,0,0,NA,0,24.4548842906952,603.640113389492,0.251167778174082,0.242151892185211,NA,0.326,NA,0.03,0.02,0.014,0.016,0.034,0.05,0.032,0.02,0.036,0.04,0.042,0.05,0.044,0.04,0.532
207,700.792804044123,696.137088765207,762.285098652485,755.725565500396,NA,0,0,0,0,NA,0,22.91517162323,685.525570738316,0.378170255819956,0.371010303497314,NA,0.292,NA,0.022,0.03,0.022,0.034,0.028,0.04,0.04,0.046,0.024,0.048,0.026,0.048,0.042,0.03,0.52
208,694.457318361047,708.725569496414,757.756592551026,753.886099825607,NA,0,0,0,0,NA,0,24.9447374343872,688.596372628212,0.240928316116333,0.240139667193095,NA,0.316,NA,0.02,0.018,0.01,0.032,0.026,0.038,0.032,0.046,0.032,0.024,0.038,0.024,0.038,0.03,0.592
209,695.59535236159,717.674370466963,764.477209580537,757.839294768797,NA,0,0,0,0,NA,0,16.2695224285126,531.756014323235,0.256617097059886,0.246386770407359,NA,0.37,NA,0.018,0.012,0.016,0.02,0.052,0.052,0.05,0.048,0.034,0.046,0.032,0.03,0.026,0.032,0.532
210,690.629934307112,709.486159904684,741.704337728297,743.437235745393,NA,0,0,0,0,NA,0,23.3527903556824,614.668323294322,0.249219353993734,0.245211112499237,NA,0.308,NA,0.016,0.01,0.02,0.024,0.04,0.03,0.048,0.064,0.042,0.026,0.028,0.038,0.022,0.022,0.57
