"no","observed","IHsurvrf","trt1","trt0","trueopt","avg.prop.match.opt.obs","avg.prop.match.opt.IHsurvrf","avg.prop.match.opt.trt1","avg.prop.match.opt.trt0","avg.prop.match.opt.trueopt","change.integral","time.obs","time.IHsurvrf","time.trt1","time.trt0","time.trueopt","proportion.censor","num.convergence.it","n_1","n_2","n_3","n_4","n_5","n_6","n_7","n_8","n_9","n_10"
151,544.343965098193,543.16345927183,555.405239255071,579.518575580615,NA,0,0,0,0,NA,0,28.1369729042053,234.621564833323,0.656058037281036,0.614254128932953,NA,0.47,NA,0.02,0.0133333333333333,0.03,0.0166666666666667,0.05,0.04,0.03,0.04,0.06,0.7
152,537.73565477224,571.495321047028,553.830138461266,586.218263908682,NA,0,0,0,0,NA,0,28.0940444469452,233.294058914979,0.53279302517573,0.526296011606852,NA,0.446666666666667,NA,0.0166666666666667,0.03,0.0233333333333333,0.0366666666666667,0.03,0.0433333333333333,0.0433333333333333,0.0333333333333333,0.0433333333333333,0.7
153,542.615628599377,563.898608520557,545.815074233249,570.729813417166,NA,0,0,0,0,NA,0,28.0136618614197,225.218594443798,0.655922114849091,0.662114973862966,NA,0.506666666666667,NA,0.0166666666666667,0.02,0.02,0.0433333333333333,0.0466666666666667,0.03,0.06,0.06,0.08,0.623333333333333
154,544.373330997836,553.26895135209,555.788202706563,570.685033403426,NA,0,0,0,0,NA,0,16.0313289165497,142.924783217907,0.253203988075256,0.250845774014791,NA,0.386666666666667,NA,0.02,0.0133333333333333,0.0133333333333333,0.0366666666666667,0.0433333333333333,0.0433333333333333,0.0266666666666667,0.04,0.0266666666666667,0.736666666666667
155,542.398875319552,558.030078053897,553.285523214765,570.719685003053,NA,0,0,0,0,NA,0,28.0638296604156,232.368766462803,0.612112394968669,0.603481316566467,NA,0.426666666666667,NA,0.00666666666666667,0.03,0.0233333333333333,0.0333333333333333,0.0333333333333333,0.0266666666666667,0.0533333333333333,0.0433333333333333,0.0433333333333333,0.706666666666667
156,549.973065545055,571.854209745256,554.180023824964,574.192813340649,NA,0,0,0,0,NA,0,28.2460830211639,232.261141033967,0.698305837313334,0.629277269045512,NA,0.45,NA,0.01,0.0366666666666667,0.0266666666666667,0.0333333333333333,0.0433333333333333,0.0533333333333333,0.0133333333333333,0.0533333333333333,0.0266666666666667,0.703333333333333
157,539.663627065735,558.68616447656,548.445938610858,567.693823655888,NA,0,0,0,0,NA,0,28.1375141143799,245.641190393766,0.482815941174825,0.496655821800232,NA,0.386666666666667,NA,0.02,0.0133333333333333,0.0133333333333333,0.0266666666666667,0.0266666666666667,0.0433333333333333,0.04,0.04,0.0366666666666667,0.74
158,541.686453702636,570.418935155998,550.218975894947,574.019707261213,NA,0,0,0,0,NA,0,39.1292977333069,288.897710692883,0.442110061645508,0.432246740659078,NA,0.43,NA,0.0133333333333333,0.0166666666666667,0.00666666666666667,0.0266666666666667,0.05,0.0366666666666667,0.0566666666666667,0.0533333333333333,0.03,0.71
159,539.466663181652,540.668672636685,549.403848990699,569.130581345104,NA,0,0,0,0,NA,0,35.0024566650391,290.063312844435,0.417398679256439,0.433128352959951,NA,0.433333333333333,NA,0.0133333333333333,0.0233333333333333,0.0133333333333333,0.0266666666666667,0.03,0.0466666666666667,0.04,0.0366666666666667,0.0566666666666667,0.713333333333333
160,541.039424867548,562.429258544255,545.212340205359,571.024974976791,NA,0,0,0,0,NA,0,45.0032935142517,283.461696839333,0.519761141141256,0.526470987002055,NA,0.426666666666667,NA,0.0166666666666667,0.0266666666666667,0.02,0.03,0.04,0.07,0.0333333333333333,0.04,0.07,0.653333333333333
161,544.157103228065,553.060290178439,548.379121625594,561.943709519081,NA,0,0,0,0,NA,0,16.2719523906708,181.394759062926,0.31070689757665,0.318040303389231,NA,0.42,NA,0.0166666666666667,0.0166666666666667,0.0266666666666667,0.0333333333333333,0.0333333333333333,0.0333333333333333,0.06,0.04,0.03,0.71
162,538.665103314035,559.781064265108,551.037842898061,573.481426827434,NA,0,0,0,0,NA,0,38.1287462711334,278.853869227568,0.431681696573893,0.442115104198456,NA,0.42,NA,0.02,0.03,0.0266666666666667,0.0233333333333333,0.0433333333333333,0.05,0.0566666666666667,0.0233333333333333,0.0433333333333333,0.683333333333333
163,544.700041850296,555.843825068716,551.794943506437,573.477579210703,NA,0,0,0,0,NA,0,37.2923004627228,284.088889511426,0.553567922115326,0.541471719741821,NA,0.436666666666667,NA,0.0233333333333333,0.0233333333333333,0.0133333333333333,0.0533333333333333,0.0233333333333333,0.0433333333333333,0.0466666666666667,0.0466666666666667,0.0466666666666667,0.68
164,544.157891367442,550.888043448271,553.977884224359,573.321208836855,NA,0,0,0,0,NA,0,34.1033346652985,276.255930328369,0.525575363636017,0.528673227628072,NA,0.45,NA,0.0266666666666667,0.02,0.0233333333333333,0.0333333333333333,0.0466666666666667,0.0533333333333333,0.0433333333333333,0.07,0.04,0.643333333333333
165,539.503397544054,545.367258680569,550.330671426223,566.561950791152,NA,0,0,0,0,NA,0,27.0898199081421,232.003649453322,0.53464271624883,0.523848628997803,NA,0.476666666666667,NA,0.0133333333333333,0.02,0.0266666666666667,0.02,0.0266666666666667,0.0533333333333333,0.0866666666666667,0.0733333333333333,0.0433333333333333,0.636666666666667
166,544.060198368417,550.000582139831,548.655268797866,571.030966049489,NA,0,0,0,0,NA,0,28.0137054920197,228.528088390827,0.521489775180817,0.519416928291321,NA,0.473333333333333,NA,0.0266666666666667,0.0233333333333333,0.0233333333333333,0.04,0.04,0.0166666666666667,0.0566666666666667,0.04,0.05,0.683333333333333
167,548.153840762811,556.790784517782,544.731379433177,572.439551368475,NA,0,0,0,0,NA,0,33.9308815002441,229.703483219941,0.527206814289093,0.518702272574107,NA,0.416666666666667,NA,0.02,0.03,0.01,0.0366666666666667,0.03,0.0566666666666667,0.0466666666666667,0.05,0.0533333333333333,0.666666666666667
168,538.476779114642,572.329322455443,550.635529713467,572.329322455443,NA,0,0,0,0,NA,0,21.4495370388031,168.076734304428,0.252677893638611,0.247663557529449,NA,0.45,NA,0.01,0.01,0.0366666666666667,0.04,0.03,0.03,0.0466666666666667,0.0366666666666667,0.0466666666666667,0.713333333333333
169,546.227897336598,563.171356969808,550.157663881109,571.802360567533,NA,0,0,0,0,NA,0,28.8130311965942,232.065728167693,0.422048437595367,0.409104375044505,NA,0.49,NA,0.02,0.00666666666666667,0.04,0.0266666666666667,0.04,0.0533333333333333,0.03,0.04,0.0433333333333333,0.7
170,539.453311508302,543.343689712504,552.628733858886,565.444006956384,NA,0,0,0,0,NA,0,34.2816617488861,236.65406092008,0.423334081967672,0.42891964117686,NA,0.436666666666667,NA,0.0166666666666667,0.03,0.0233333333333333,0.0233333333333333,0.0466666666666667,0.0333333333333333,0.0533333333333333,0.0466666666666667,0.0566666666666667,0.67
171,543.347624782787,561.737371839864,554.276644804776,573.228421077648,NA,0,0,0,0,NA,0,34.8412683010101,239.896334981918,0.426582280794779,0.419181450208028,NA,0.366666666666667,NA,0.02,0.02,0.0133333333333333,0.04,0.0366666666666667,0.04,0.05,0.0366666666666667,0.0333333333333333,0.71
172,545.808924812328,575.131283035435,550.665045628819,574.7722052385,NA,0,0,0,0,NA,0,32.9510700702667,240.024327298005,0.427957491079966,0.420306468009949,NA,0.436666666666667,NA,0.02,0.0233333333333333,0.0266666666666667,0.02,0.03,0.0166666666666667,0.05,0.0366666666666667,0.0433333333333333,0.733333333333333
173,543.944319513656,550.302475347293,552.211410395091,566.957900564788,NA,0,0,0,0,NA,0,32.5992782115936,235.617061225573,0.427384233474731,0.417272718747457,NA,0.433333333333333,NA,0.0266666666666667,0.01,0.02,0.0233333333333333,0.0366666666666667,0.04,0.05,0.0533333333333333,0.0233333333333333,0.716666666666667
174,550.937321782906,559.460697999036,552.812020612815,571.210732501091,NA,0,0,0,0,NA,0,33.0873985290527,220.745215205352,0.515197169780731,0.528790251413981,NA,0.423333333333333,NA,0.0466666666666667,0.0133333333333333,0.03,0.03,0.04,0.05,0.0366666666666667,0.05,0.0366666666666667,0.666666666666667
175,544.995943211555,564.457706219762,553.1393278386,576.02823281595,NA,0,0,0,0,NA,0,15.5636546611786,144.22283299764,0.255097949504852,0.256312926610311,NA,0.44,NA,0.0266666666666667,0.0133333333333333,0.03,0.0333333333333333,0.0333333333333333,0.0433333333333333,0.0466666666666667,0.0466666666666667,0.0433333333333333,0.683333333333333
176,546.559658980669,552.451781061773,558.127380364271,577.475985348698,NA,0,0,0,0,NA,0,26.6237988471985,228.502931209405,0.43077932993571,0.417651283740997,NA,0.443333333333333,NA,0.01,0.0266666666666667,0.0233333333333333,0.0466666666666667,0.0166666666666667,0.06,0.0466666666666667,0.0433333333333333,0.0366666666666667,0.69
177,538.15039540475,547.251939892631,550.010712857927,565.895154367844,NA,0,0,0,0,NA,0,27.7949831485748,228.838089915117,0.517857189973195,0.511875156561534,NA,0.456666666666667,NA,0.02,0.0133333333333333,0.03,0.0533333333333333,0.0333333333333333,0.0433333333333333,0.0433333333333333,0.06,0.0666666666666667,0.636666666666667
178,548.381513426182,571.8676744335,554.247595782988,576.560964910473,NA,0,0,0,0,NA,0,27.3438744544983,233.345554784934,0.528066182136536,0.463739403088888,NA,0.473333333333333,NA,0.02,0.0266666666666667,0.03,0.0466666666666667,0.05,0.05,0.0266666666666667,0.0233333333333333,0.0433333333333333,0.683333333333333
179,544.131721160653,566.864156144807,557.66957222007,579.325795169884,NA,0,0,0,0,NA,0,27.1271789073944,176.125797108809,0.25524248679479,0.257821345329285,NA,0.423333333333333,NA,0.0166666666666667,0.02,0.0233333333333333,0.03,0.0466666666666667,0.04,0.0633333333333333,0.0366666666666667,0.02,0.703333333333333
180,539.708802613947,579.483822190741,554.533959720822,579.483822190741,NA,0,0,0,0,NA,0,26.4693183898926,226.882928641637,0.516788427035014,0.515606852372487,NA,0.44,NA,0.0266666666666667,0.02,0.0333333333333333,0.0166666666666667,0.0533333333333333,0.0533333333333333,0.05,0.0233333333333333,0.03,0.693333333333333
181,547.74898950137,564.765603488241,557.150157785246,578.777584156573,NA,0,0,0,0,NA,0,34.1452429294586,227.965172994137,0.510253250598907,0.514122092723846,NA,0.45,NA,0.0166666666666667,0.0166666666666667,0.0333333333333333,0.0466666666666667,0.03,0.0366666666666667,0.0333333333333333,0.0433333333333333,0.0433333333333333,0.7
182,546.018326941479,558.839194142567,552.868848941261,574.63848796547,NA,0,0,0,0,NA,0,16.0988385677338,142.90668618679,0.272151700655619,0.270083979765574,NA,0.44,NA,0.02,0.0233333333333333,0.04,0.04,0.0366666666666667,0.0533333333333333,0.0366666666666667,0.0533333333333333,0.0233333333333333,0.673333333333333
183,546.88891648887,560.65929627783,557.604776991854,573.109537128836,NA,0,0,0,0,NA,0,27.0071887969971,224.333842984835,0.422201653321584,0.426339010397593,NA,0.48,NA,0.03,0.0133333333333333,0.0333333333333333,0.0333333333333333,0.0566666666666667,0.0333333333333333,0.0566666666666667,0.0333333333333333,0.0433333333333333,0.666666666666667
184,544.842401211023,552.220054052661,555.767486501997,580.773765132595,NA,0,0,0,0,NA,0,32.9699518680573,233.175977480412,0.425275643666585,0.4337819536527,NA,0.496666666666667,NA,0.0166666666666667,0.02,0.0133333333333333,0.0433333333333333,0.0466666666666667,0.0433333333333333,0.0533333333333333,0.0466666666666667,0.0266666666666667,0.69
185,540.257646364158,557.444278409076,550.640357894621,574.006393457797,NA,0,0,0,0,NA,0,27.4104681015015,180.111626505852,0.246005340417226,0.249949753284454,NA,0.413333333333333,NA,0.01,0.0166666666666667,0.0233333333333333,0.0266666666666667,0.0333333333333333,0.0433333333333333,0.05,0.0433333333333333,0.0366666666666667,0.716666666666667
186,549.52463999918,566.687567286495,551.940264096447,573.36983911148,NA,0,0,0,0,NA,0,15.6294069290161,141.313087149461,0.253962890307109,0.252976965904236,NA,0.436666666666667,NA,0.04,0.0233333333333333,0.0266666666666667,0.0333333333333333,0.0466666666666667,0.03,0.04,0.0333333333333333,0.0366666666666667,0.69
187,544.346398764018,561.550455407863,551.146494242562,574.931232901907,NA,0,0,0,0,NA,0,29.8573880195618,229.760038137436,0.520930830637614,0.528301588694255,NA,0.423333333333333,NA,0.03,0.01,0.03,0.0233333333333333,0.0333333333333333,0.0633333333333333,0.06,0.0366666666666667,0.02,0.693333333333333
188,549.664203713039,552.091240156056,559.433998801461,571.745370742497,NA,0,0,0,0,NA,0,33.8328545093536,225.391333429019,0.517483687400818,0.506333565711975,NA,0.496666666666667,NA,0.0266666666666667,0.01,0.04,0.0266666666666667,0.03,0.0366666666666667,0.0466666666666667,0.0666666666666667,0.06,0.656666666666667
189,545.168421040194,549.971166786205,552.793187927931,576.85651262075,NA,0,0,0,0,NA,0,17.3640582561493,148.152374784152,0.247530869642893,0.248991346359253,NA,0.433333333333333,NA,0.0166666666666667,0.0166666666666667,0.0266666666666667,0.0266666666666667,0.03,0.0366666666666667,0.0433333333333333,0.03,0.0566666666666667,0.716666666666667
190,545.407800470078,563.706526350371,550.1200712391,576.60071957413,NA,0,0,0,0,NA,0,27.1320779323578,221.657433871428,0.409646634260813,0.412385420004527,NA,0.423333333333333,NA,0.0366666666666667,0.0266666666666667,0.0133333333333333,0.0433333333333333,0.0433333333333333,0.04,0.0366666666666667,0.0366666666666667,0.05,0.673333333333333
191,545.567346995974,564.792574074223,545.301795115921,572.307437181352,NA,0,0,0,0,NA,0,27.510445356369,230.408441988627,0.421580533186595,0.41102663675944,NA,0.433333333333333,NA,0.0333333333333333,0.0133333333333333,0.0333333333333333,0.0166666666666667,0.0533333333333333,0.0433333333333333,0.0333333333333333,0.03,0.04,0.703333333333333
192,544.09222454246,552.876971919168,552.876971919168,572.914838983233,NA,0,0,0,0,NA,0,16.0607147216797,148.885473577182,0.260191202163696,0.255708225568136,NA,0.4,NA,0.02,0.0266666666666667,0.0233333333333333,0.0233333333333333,0.0433333333333333,0.0433333333333333,0.0366666666666667,0.0233333333333333,0.0366666666666667,0.723333333333333
193,544.926123142886,566.527697840336,553.605362158596,579.208902270521,NA,0,0,0,0,NA,0,15.8718812465668,147.806354312102,0.250487681229909,0.257651635011037,NA,0.376666666666667,NA,0.02,0.0233333333333333,0.01,0.0166666666666667,0.0333333333333333,0.0533333333333333,0.0366666666666667,0.0466666666666667,0.05,0.71
194,541.279828635753,552.599698769552,550.136619564406,576.867141045022,NA,0,0,0,0,NA,0,34.1039447784424,191.421993350983,0.263393779595693,0.25938446521759,NA,0.456666666666667,NA,0.0166666666666667,0.0333333333333333,0.0266666666666667,0.03,0.02,0.0466666666666667,0.0433333333333333,0.0466666666666667,0.0433333333333333,0.693333333333333
195,534.960620654883,559.089206827579,555.71831485133,578.363541223587,NA,0,0,0,0,NA,0,32.9550695419312,164.558250526587,0.263588547706604,0.248220026493073,NA,0.426666666666667,NA,0.02,0.00666666666666667,0.0166666666666667,0.0466666666666667,0.0533333333333333,0.0566666666666667,0.02,0.0333333333333333,0.0433333333333333,0.703333333333333
196,543.868699827966,563.208704604018,561.547227955303,584.162363912316,NA,0,0,0,0,NA,0,16.2218291759491,147.148868715763,0.252497243881226,0.257149616877238,NA,0.42,NA,0.0233333333333333,0.0133333333333333,0.0233333333333333,0.02,0.06,0.0433333333333333,0.0433333333333333,0.0433333333333333,0.0466666666666667,0.683333333333333
197,546.137194098515,565.941437079853,554.955254671405,574.591770207852,NA,0,0,0,0,NA,0,26.9655303955078,158.409593582153,0.263735389709473,0.258254849910736,NA,0.46,NA,0.02,0.0166666666666667,0.0233333333333333,0.0566666666666667,0.07,0.0566666666666667,0.05,0.0166666666666667,0.03,0.66
198,540.669556166867,559.161300254887,556.316843846508,581.050277280648,NA,0,0,0,0,NA,0,26.7025854587555,192.135052450498,0.248756210009257,0.24235755999883,NA,0.45,NA,0.03,0.02,0.01,0.0366666666666667,0.04,0.0433333333333333,0.05,0.04,0.05,0.68
199,545.966156918109,561.596761093815,551.492297237172,573.227853256452,NA,0,0,0,0,NA,0,16.0177946090698,147.147526224454,0.259513743718465,0.257172115643819,NA,0.426666666666667,NA,0.02,0.02,0.0233333333333333,0.05,0.03,0.0466666666666667,0.0233333333333333,0.07,0.0466666666666667,0.67
200,536.471348295258,545.027176575273,550.911309626101,578.262043577481,NA,0,0,0,0,NA,0,16.2507240772247,144.248347640038,0.254972740014394,0.251739207903544,NA,0.443333333333333,NA,0.02,0.0233333333333333,0.0233333333333333,0.0233333333333333,0.02,0.0433333333333333,0.04,0.05,0.0366666666666667,0.72
