"no","observed","IHsurvrf","trt1","trt0","trueopt","avg.prop.match.opt.obs","avg.prop.match.opt.IHsurvrf","avg.prop.match.opt.trt1","avg.prop.match.opt.trt0","avg.prop.match.opt.trueopt","change.integral","time.obs","time.IHsurvrf","time.trt1","time.trt0","time.trueopt","proportion.censor","num.convergence.it","n_1","n_2","n_3","n_4","n_5","n_6","n_7","n_8","n_9","n_10","n_11","n_12","n_13","n_14","n_15"
76,1005.42786993324,1003.80729836899,1069.52823533278,1056.56907232229,NA,0,0,0,0,NA,0,25.9719989299774,1100.59379235903,0.368859299023946,0.370690902074178,NA,0.506,NA,0.006,0.008,0.01,0.018,0.028,0.026,0.042,0.044,0.046,0.03,0.024,0.03,0.032,0.02,0.636
77,1003.42442458541,1031.0091129422,1065.96824418664,1059.3000236385,NA,0,0,0,0,NA,0,25.8315682411194,1133.54156636794,0.375662000974019,0.375437140464783,NA,0.52,NA,0.01,0.004,0.004,0.03,0.024,0.03,0.032,0.028,0.042,0.032,0.034,0.028,0.03,0.028,0.644
78,1006.9452824852,1038.28076063585,1078.13870744027,1063.4067805899,NA,0,0,0,0,NA,0,25.9815623760223,1144.11027369499,0.385174997647603,0.378932217756907,NA,0.494,NA,0.008,0.004,0.012,0.014,0.046,0.034,0.026,0.034,0.034,0.044,0.026,0.02,0.018,0.022,0.658
79,1011.24639265198,1058.38212385048,1070.6788860578,1055.07491254714,NA,0,0,0,0,NA,0,25.7991471290588,1143.23064517975,0.369438608487447,0.376757880051931,NA,0.536,NA,0.01,0.006,0.008,0.022,0.026,0.038,0.044,0.036,0.028,0.048,0.038,0.038,0.034,0.016,0.608
80,1015.34740939073,1034.73887954622,1070.24391039057,1063.14931745417,NA,0,0,0,0,NA,0,25.7768933773041,1107.29535113573,0.368469305833181,0.363314807415009,NA,0.456,NA,0.01,0.006,0.004,0.016,0.032,0.036,0.044,0.032,0.046,0.036,0.04,0.02,0.028,0.028,0.622
81,1012.50380973899,1042.6331597686,1058.50426290851,1050.24160831498,NA,0,0,0,0,NA,0,24.2677760124207,1159.28270476262,0.374739642937978,0.380240706602732,NA,0.516,NA,0.004,0.004,0.006,0.016,0.034,0.042,0.038,0.048,0.03,0.03,0.04,0.028,0.026,0.032,0.622
82,998.52748372479,1033.29302210142,1074.67318844763,1061.09046443932,NA,0,0,0,0,NA,0,23.8451678752899,1480.66250914335,0.377373524506887,0.366538556416829,NA,0.48,NA,0.004,0.004,0.012,0.016,0.02,0.024,0.036,0.018,0.042,0.034,0.036,0.03,0.02,0.03,0.674
83,1009.44866121255,1050.2808739026,1065.39934541441,1056.87357203115,NA,0,0,0,0,NA,0,24.3782184123993,1237.48528549274,0.375274606545766,0.376865955193837,NA,0.5,NA,0.004,0.006,0.014,0.014,0.034,0.036,0.032,0.024,0.038,0.036,0.024,0.02,0.04,0.016,0.662
84,1018.76999294396,1031.42420444812,1057.7035382687,1062.33604381713,NA,0,0,0,0,NA,0,24.8245532512665,1336.16447710991,0.373581941922506,0.370503524939219,NA,0.474,NA,0.004,0.006,0.01,0.026,0.038,0.028,0.036,0.032,0.034,0.036,0.02,0.018,0.026,0.028,0.658
85,1010.75490652602,1052.23490789405,1065.46140082227,1057.23168007882,NA,0,0,0,0,NA,0,24.4753000736237,1261.31877724727,0.38436100880305,0.375924706459045,NA,0.466,NA,0.01,0.014,0.014,0.02,0.028,0.038,0.028,0.038,0.03,0.03,0.018,0.018,0.032,0.026,0.656
86,997.816641783298,1039.19422077982,1077.20672760157,1063.55930314088,NA,0,0,0,0,NA,0,24.3233683109283,1056.87346808116,0.37865777015686,0.371467351913452,NA,0.478,NA,0.006,0.012,0.006,0.026,0.028,0.016,0.024,0.03,0.034,0.024,0.042,0.026,0.038,0.026,0.662
87,1012.82462010689,1051.27694530474,1072.80146553387,1058.3984177715,NA,0,0,0,0,NA,0,24.6739730834961,1069.08017963966,0.36495623588562,0.358285880088806,NA,0.518,NA,0.004,0.006,0.01,0.014,0.022,0.036,0.042,0.05,0.028,0.042,0.016,0.032,0.034,0.03,0.634
88,1016.1149764735,1061.30494413795,1069.10925087601,1064.35777417316,NA,0,0,0,0,NA,0,24.5930256843567,1079.04308811824,0.371266035238902,0.360636782646179,NA,0.464,NA,0.004,0.014,0.01,0.006,0.04,0.028,0.014,0.032,0.022,0.026,0.03,0.04,0.04,0.016,0.678
89,1012.23302748278,1038.51938876934,1069.23773506964,1064.86887916406,NA,0,0,0,0,NA,0,24.5250034332275,1055.95039050976,0.35682030916214,0.352452397346497,NA,0.492,NA,0,0.006,0.002,0.03,0.03,0.022,0.026,0.03,0.04,0.03,0.044,0.022,0.026,0.028,0.664
90,1008.96672277141,1030.81276466213,1075.3907110763,1056.50949493927,NA,0,0,0,0,NA,0,24.1132433414459,1082.74042555094,0.360494136810303,0.350064094861348,NA,0.496,NA,0.006,0.008,0.02,0.008,0.028,0.034,0.032,0.034,0.05,0.028,0.04,0.026,0.02,0.024,0.642
91,1017.95347138031,1019.11675552015,1065.19080773969,1066.81602510277,NA,0,0,0,0,NA,0,24.4126245975494,1003.6691889445,0.369400505224864,0.359999573230743,NA,0.48,NA,0.01,0.01,0.014,0.024,0.03,0.028,0.04,0.032,0.04,0.032,0.024,0.042,0.038,0.012,0.624
92,1005.46966630199,1037.8333829783,1064.05684292573,1064.54514659097,NA,0,0,0,0,NA,0,23.7771308422089,1053.41646416982,0.362500095367432,0.358523639043172,NA,0.518,NA,0.006,0.002,0.008,0.014,0.04,0.046,0.04,0.046,0.028,0.028,0.024,0.034,0.024,0.018,0.642
93,1005.59076777173,1058.03300957718,1076.49675598518,1058.22255354192,NA,0,0,0,0,NA,0,23.5871212482452,1021.61499055227,0.368037939071655,0.356415859858195,NA,0.506,NA,0.01,0.004,0.008,0.03,0.032,0.042,0.034,0.028,0.034,0.036,0.036,0.026,0.02,0.016,0.644
94,1006.08057317378,1041.02661947299,1070.82992176214,1056.56056074304,NA,0,0,0,0,NA,0,24.0262489318848,1015.39947423935,0.359176715215047,0.354555213451386,NA,0.518,NA,0.006,0.002,0.012,0.024,0.036,0.028,0.038,0.036,0.042,0.006,0.052,0.034,0.042,0.014,0.628
95,1016.5857479465,1044.64114739054,1067.52545866263,1049.29146647361,NA,0,0,0,0,NA,0,23.9001476764679,1070.7353870074,0.371975525220235,0.358024926980336,NA,0.504,NA,0.004,0.006,0.012,0.014,0.042,0.026,0.036,0.034,0.036,0.026,0.038,0.048,0.032,0.016,0.63
96,1014.54475933571,1050.87043256854,1062.86554526673,1055.32640571269,NA,0,0,0,0,NA,0,23.3589339256287,984.98193239371,0.358698264757792,0.360456975301107,NA,0.526,NA,0.01,0.004,0.012,0.02,0.038,0.042,0.022,0.036,0.03,0.038,0.028,0.014,0.046,0.022,0.638
97,1006.24824828014,1042.93891350601,1067.61595717072,1060.54263420154,NA,0,0,0,0,NA,0,23.942556142807,964.530910785993,0.322831781705221,0.319111184279124,NA,0.47,NA,0.01,0.008,0.01,0.034,0.034,0.022,0.03,0.03,0.038,0.028,0.022,0.012,0.016,0.032,0.674
98,1007.42602396495,991.738759223148,1061.19434067836,1055.76136414296,NA,0,0,0,0,NA,0,23.5492944717407,955.703273173173,0.367621902624766,0.358046011130015,NA,0.488,NA,0.008,0.012,0.014,0.026,0.04,0.034,0.034,0.028,0.03,0.032,0.03,0.028,0.026,0.022,0.636
99,1003.38128383504,1022.33435228798,1068.66293521885,1069.59754036303,NA,0,0,0,0,NA,0,24.1755628585815,976.816235458851,0.348836247126261,0.354554911454519,NA,0.492,NA,0.002,0.006,0.01,0.02,0.038,0.022,0.026,0.04,0.034,0.03,0.026,0.038,0.024,0.03,0.654
100,1006.69602694741,1054.99015658434,1067.81981949782,1057.08367817978,NA,0,0,0,0,NA,0,23.3928277492523,1070.32271782955,0.351218752066294,0.33887349764506,NA,0.442,NA,0.004,0.014,0.008,0.016,0.026,0.032,0.03,0.038,0.022,0.028,0.03,0.018,0.02,0.03,0.684
