"no","observed","IHsurvrf","trt1","trt0","trueopt","avg.prop.match.opt.obs","avg.prop.match.opt.IHsurvrf","avg.prop.match.opt.trt1","avg.prop.match.opt.trt0","avg.prop.match.opt.trueopt","change.integral","time.obs","time.IHsurvrf","time.trt1","time.trt0","time.trueopt","proportion.censor","num.convergence.it","n_1","n_2","n_3","n_4","n_5","n_6","n_7","n_8","n_9","n_10"
1,115.759580535669,112.826482500105,119.200326598588,127.5282291259,NA,0,0,0,0,NA,0,13.2663135528564,29.3482498884201,0.236857922871908,0.216088918844859,NA,0.87,NA,0.17,0.166666666666667,0.136666666666667,0.113333333333333,0.103333333333333,0.0666666666666667,0.0666666666666667,0.0366666666666667,0.0266666666666667,0.113333333333333
2,113.970037787934,129.938740063235,119.239641648911,127.707282117012,NA,0,0,0,0,NA,0,13.2327682971954,17.3095398624738,0.156132431825002,0.156175855795542,NA,0.873333333333333,NA,0.203333333333333,0.196666666666667,0.11,0.133333333333333,0.0566666666666667,0.07,0.05,0.0266666666666667,0.0266666666666667,0.126666666666667
3,115.634780933723,117.734834995338,118.308435006087,126.788731642361,NA,0,0,0,0,NA,0,13.2573173046112,25.5882293303808,0.219976564248403,0.212831099828084,NA,0.87,NA,0.206666666666667,0.16,0.143333333333333,0.1,0.0633333333333333,0.06,0.05,0.0666666666666667,0.0233333333333333,0.126666666666667
4,115.962648104005,115.206504567928,115.972721609356,125.059213903558,NA,0,0,0,0,NA,0,9.04656767845154,28.684840297699,0.218895586331685,0.230473124980927,NA,0.85,NA,0.186666666666667,0.156666666666667,0.126666666666667,0.123333333333333,0.0833333333333333,0.0833333333333333,0.0233333333333333,0.03,0.0333333333333333,0.153333333333333
5,113.338860020082,115.036234794649,116.593921275528,132.661872347872,NA,0,0,0,0,NA,0,13.2712907791138,27.7462876558304,0.232221742471059,0.233608043193817,NA,0.88,NA,0.193333333333333,0.18,0.156666666666667,0.0833333333333333,0.0633333333333333,0.05,0.05,0.0466666666666667,0.0333333333333333,0.143333333333333
6,113.26881957139,118.092089479986,116.550755143678,123.326117389938,NA,0,0,0,0,NA,0,13.4725806713104,29.3592240929604,0.207682208220164,0.214115285873413,NA,0.893333333333333,NA,0.213333333333333,0.143333333333333,0.12,0.08,0.07,0.0666666666666667,0.0866666666666667,0.0566666666666667,0.0366666666666667,0.126666666666667
7,116.155175809489,118.789069553329,116.55864233601,125.765137972214,NA,0,0,0,0,NA,0,12.325315952301,18.6920682907104,0.148255681991577,0.164369698365529,NA,0.83,NA,0.213333333333333,0.183333333333333,0.11,0.08,0.0666666666666667,0.05,0.0866666666666667,0.0366666666666667,0.02,0.153333333333333
8,115.587963739739,120.607430187515,114.11599901184,126.590650105179,NA,0,0,0,0,NA,0,13.6284530162811,24.0885483503342,0.209217735131582,0.228905077775319,NA,0.893333333333333,NA,0.213333333333333,0.166666666666667,0.116666666666667,0.0933333333333333,0.1,0.08,0.0566666666666667,0.0366666666666667,0.03,0.106666666666667
9,113.572900148741,121.350854897823,118.917484522825,121.457763692609,NA,0,0,0,0,NA,0,13.7421905994415,27.1824612339338,0.228226431210836,0.235480193297068,NA,0.9,NA,0.183333333333333,0.15,0.14,0.09,0.103333333333333,0.0966666666666667,0.06,0.0466666666666667,0.0433333333333333,0.0866666666666667
10,116.485313076128,118.972227022941,121.620909766141,123.625430881871,NA,0,0,0,0,NA,0,16.5082793235779,30.3946002364159,0.256803913911184,0.221072014172872,NA,0.886666666666667,NA,0.19,0.163333333333333,0.11,0.1,0.08,0.0733333333333333,0.07,0.0366666666666667,0.0233333333333333,0.153333333333333
11,111.899178640998,117.139413416039,116.110152273279,124.348119494334,NA,0,0,0,0,NA,0,13.5292172431946,23.6505823930105,0.219710926214854,0.208464546998342,NA,0.873333333333333,NA,0.216666666666667,0.16,0.1,0.116666666666667,0.0833333333333333,0.0733333333333333,0.0333333333333333,0.04,0.0433333333333333,0.133333333333333
12,113.685487300697,122.812970355241,119.651846030355,129.064418414378,NA,0,0,0,0,NA,0,9.19358253479004,20.2554639776548,0.150590972105662,0.14716622432073,NA,0.856666666666667,NA,0.19,0.133333333333333,0.14,0.0966666666666667,0.0866666666666667,0.05,0.07,0.0466666666666667,0.03,0.156666666666667
13,121.779231837405,120.990686045485,121.015758767127,124.742168167269,NA,0,0,0,0,NA,0,13.7373096942902,24.8547758301099,0.216712474822998,0.225217703978221,NA,0.893333333333333,NA,0.18,0.2,0.126666666666667,0.0733333333333333,0.0533333333333333,0.0766666666666667,0.0666666666666667,0.0666666666666667,0.0133333333333333,0.143333333333333
14,116.077801008003,112.502226146293,115.556107603385,119.835378531638,NA,0,0,0,0,NA,0,13.8547914028168,25.6863055666288,0.210519293944041,0.214323230584462,NA,0.903333333333333,NA,0.236666666666667,0.18,0.116666666666667,0.0866666666666667,0.0666666666666667,0.0733333333333333,0.04,0.0366666666666667,0.0433333333333333,0.12
15,115.811627029944,121.944662841608,116.764697365894,125.454975198457,NA,0,0,0,0,NA,0,13.1836812496185,29.5298079411189,0.23854771455129,0.240528766314189,NA,0.833333333333333,NA,0.136666666666667,0.176666666666667,0.13,0.13,0.1,0.0733333333333333,0.05,0.05,0.0333333333333333,0.12
16,117.481434462572,117.837760727349,118.270757437361,128.614939665552,NA,0,0,0,0,NA,0,12.2006084918976,30.5635077873866,0.224392108122508,0.23083108663559,NA,0.87,NA,0.196666666666667,0.146666666666667,0.103333333333333,0.0966666666666667,0.0933333333333333,0.06,0.0533333333333333,0.04,0.0433333333333333,0.166666666666667
17,117.111373495814,118.180812596505,122.955991698031,131.398753760283,NA,0,0,0,0,NA,0,8.60084342956543,19.7733879089355,0.144419574737549,0.144429500897725,NA,0.87,NA,0.166666666666667,0.143333333333333,0.176666666666667,0.0866666666666667,0.0533333333333333,0.06,0.0633333333333333,0.0666666666666667,0.0333333333333333,0.15
18,117.557701139259,116.210972371174,114.263466825103,127.753936181692,NA,0,0,0,0,NA,0,13.8666529655457,23.7507060130437,0.21478845278422,0.2076043287913,NA,0.883333333333333,NA,0.203333333333333,0.176666666666667,0.12,0.0966666666666667,0.0866666666666667,0.0566666666666667,0.08,0.0333333333333333,0.0333333333333333,0.113333333333333
19,113.260600102954,118.903519574644,115.801553952147,121.700593461628,NA,0,0,0,0,NA,0,13.383091211319,26.5921429077784,0.210803937911987,0.231686826546987,NA,0.876666666666667,NA,0.17,0.183333333333333,0.123333333333333,0.126666666666667,0.0766666666666667,0.0566666666666667,0.0466666666666667,0.06,0.0333333333333333,0.123333333333333
20,112.808660129752,112.041866487945,118.436646493874,122.860708468822,NA,0,0,0,0,NA,0,13.3077864646912,24.7865694522858,0.227686623732249,0.218458271026611,NA,0.913333333333333,NA,0.18,0.143333333333333,0.156666666666667,0.0833333333333333,0.0833333333333333,0.0666666666666667,0.06,0.06,0.0366666666666667,0.13
21,117.160447724139,115.683631228032,117.097694165275,126.869652609386,NA,0,0,0,0,NA,0,12.5841429233551,30.5233567555745,0.220453504721324,0.202122330665588,NA,0.836666666666667,NA,0.173333333333333,0.136666666666667,0.106666666666667,0.103333333333333,0.106666666666667,0.0966666666666667,0.0433333333333333,0.04,0.0533333333333333,0.14
22,114.268585295124,116.464930779362,118.252988053104,123.802584521952,NA,0,0,0,0,NA,0,9.3374035358429,19.5225672960281,0.16885453859965,0.179102027416229,NA,0.89,NA,0.193333333333333,0.146666666666667,0.123333333333333,0.0866666666666667,0.06,0.0933333333333333,0.0633333333333333,0.05,0.0466666666666667,0.136666666666667
23,115.128890567685,124.142000648555,122.77789390369,124.808731911527,NA,0,0,0,0,NA,0,13.8892436027527,25.3733606338501,0.198698385556539,0.201687335968018,NA,0.886666666666667,NA,0.17,0.166666666666667,0.12,0.103333333333333,0.09,0.0766666666666667,0.0666666666666667,0.04,0.0466666666666667,0.12
24,116.437125913351,118.933204739274,115.39238226889,127.421955347446,NA,0,0,0,0,NA,0,15.2064929008484,24.939636572202,0.214756373564402,0.207559057076772,NA,0.87,NA,0.236666666666667,0.126666666666667,0.136666666666667,0.106666666666667,0.0866666666666667,0.0466666666666667,0.0633333333333333,0.0366666666666667,0.0366666666666667,0.123333333333333
25,120.895538047877,116.320818494348,116.229429416446,123.075032573734,NA,0,0,0,0,NA,0,14.8797106742859,23.2870871742566,0.210837996006012,0.215170097351074,NA,0.863333333333333,NA,0.213333333333333,0.16,0.15,0.08,0.09,0.0633333333333333,0.0533333333333333,0.0333333333333333,0.03,0.126666666666667
26,116.550180535603,124.839428386231,117.911290696235,127.933172017387,NA,0,0,0,0,NA,0,14.4516234397888,27.5729657570521,0.22222451766332,0.231341771284739,NA,0.87,NA,0.203333333333333,0.183333333333333,0.0966666666666667,0.106666666666667,0.08,0.0733333333333333,0.0533333333333333,0.04,0.0333333333333333,0.13
27,120.401773947288,125.256550235681,119.880511832286,127.706870787026,NA,0,0,0,0,NA,0,10.2296392917633,17.4419293403625,0.148794563611348,0.14307709534963,NA,0.856666666666667,NA,0.18,0.143333333333333,0.113333333333333,0.113333333333333,0.0766666666666667,0.0833333333333333,0.0533333333333333,0.0333333333333333,0.0366666666666667,0.166666666666667
28,114.010464584763,116.662170035193,119.688557369876,125.217259968891,NA,0,0,0,0,NA,0,12.1536822319031,26.3758324702581,0.204820052782694,0.203710766633352,NA,0.843333333333333,NA,0.186666666666667,0.136666666666667,0.13,0.11,0.08,0.0633333333333333,0.0733333333333333,0.0433333333333333,0.0133333333333333,0.163333333333333
29,114.504168933953,113.821759987806,115.914163788286,124.828331673819,NA,0,0,0,0,NA,0,13.7676184177399,26.8256661693255,0.227511648337046,0.218075176080068,NA,0.856666666666667,NA,0.176666666666667,0.156666666666667,0.143333333333333,0.116666666666667,0.0966666666666667,0.0466666666666667,0.06,0.04,0.0133333333333333,0.15
30,120.008630661238,115.834790466686,116.973763511881,122.252569520012,NA,0,0,0,0,NA,0,13.0267634391785,25.4824764291445,0.21409193277359,0.20488448937734,NA,0.87,NA,0.186666666666667,0.156666666666667,0.13,0.116666666666667,0.0666666666666667,0.06,0.0533333333333333,0.0566666666666667,0.0266666666666667,0.146666666666667
31,116.098249668726,117.640778340124,124.543596582057,127.948104488047,NA,0,0,0,0,NA,0,13.4992640018463,26.124333135287,0.235710684458415,0.20923718214035,NA,0.896666666666667,NA,0.21,0.203333333333333,0.09,0.113333333333333,0.0833333333333333,0.0533333333333333,0.07,0.0366666666666667,0.03,0.11
32,117.179312445592,123.326490612222,112.298717832858,125.361108176782,NA,0,0,0,0,NA,0,9.2844660282135,17.6610993226369,0.143819157282511,0.150689876079559,NA,0.873333333333333,NA,0.186666666666667,0.15,0.09,0.09,0.106666666666667,0.0766666666666667,0.06,0.0566666666666667,0.05,0.133333333333333
33,117.799507064225,118.250982108492,113.242964632526,122.949872484569,NA,0,0,0,0,NA,0,12.8780207633972,27.2995635549227,0.213191270828247,0.200202997525533,NA,0.84,NA,0.16,0.173333333333333,0.11,0.103333333333333,0.0833333333333333,0.0766666666666667,0.0433333333333333,0.0633333333333333,0.02,0.166666666666667
34,112.354390121352,120.233048810985,113.240193062541,120.233048810985,NA,0,0,0,0,NA,0,13.804615020752,27.3160424073537,0.212653434276581,0.21295131444931,NA,0.88,NA,0.186666666666667,0.156666666666667,0.116666666666667,0.09,0.106666666666667,0.07,0.0533333333333333,0.0533333333333333,0.0333333333333333,0.133333333333333
35,115.902435991957,124.088571737943,116.837357800544,126.05603288317,NA,0,0,0,0,NA,0,12.6301629543304,24.8375619252523,0.218159552415212,0.254655452569326,NA,0.893333333333333,NA,0.233333333333333,0.14,0.106666666666667,0.09,0.07,0.08,0.07,0.0566666666666667,0.02,0.133333333333333
36,116.08818113021,117.331851368908,115.4006579972,123.155627819887,NA,0,0,0,0,NA,0,12.4569568634033,21.8863419572512,0.259569227695465,0.223812973499298,NA,0.903333333333333,NA,0.223333333333333,0.163333333333333,0.126666666666667,0.09,0.0966666666666667,0.0666666666666667,0.0333333333333333,0.0566666666666667,0.02,0.123333333333333
37,113.352853920546,116.437511449861,117.228047441655,128.532012578743,NA,0,0,0,0,NA,0,8.88080072402954,17.1202583909035,0.160781931877136,0.166150776545207,NA,0.89,NA,0.206666666666667,0.16,0.103333333333333,0.0933333333333333,0.0633333333333333,0.05,0.0733333333333333,0.04,0.0466666666666667,0.163333333333333
38,114.984509845458,121.130406099481,113.250793521611,124.239414550354,NA,0,0,0,0,NA,0,12.2937977313995,24.3589170217514,0.221268153190613,0.237620302041372,NA,0.89,NA,0.23,0.133333333333333,0.106666666666667,0.116666666666667,0.0866666666666667,0.0466666666666667,0.0433333333333333,0.0666666666666667,0.05,0.12
39,117.45871378807,115.572749479996,118.356718659264,128.138641636239,NA,0,0,0,0,NA,0,12.5552060604095,23.9901329477628,0.218486094474792,0.261071133613586,NA,0.873333333333333,NA,0.206666666666667,0.156666666666667,0.13,0.116666666666667,0.0766666666666667,0.05,0.0366666666666667,0.04,0.04,0.146666666666667
40,115.485471662649,116.630138356701,113.997820560918,122.912321077509,NA,0,0,0,0,NA,0,15.2727022171021,25.1188027938207,0.236357458432515,0.250016005833944,NA,0.846666666666667,NA,0.203333333333333,0.123333333333333,0.0966666666666667,0.116666666666667,0.0866666666666667,0.103333333333333,0.0566666666666667,0.0366666666666667,0.0333333333333333,0.143333333333333
41,118.497554783387,117.500138785563,116.668439444206,128.885499575548,NA,0,0,0,0,NA,0,17.5314011573792,23.0145365873973,0.22153609196345,0.218747242291768,NA,0.836666666666667,NA,0.163333333333333,0.143333333333333,0.11,0.126666666666667,0.0833333333333333,0.06,0.0566666666666667,0.05,0.0566666666666667,0.15
42,114.298433760172,127.252170005049,115.343701669015,122.908790664177,NA,0,0,0,0,NA,0,9.61214995384216,15.8742700497309,0.149818766117096,0.15952881971995,NA,0.873333333333333,NA,0.16,0.2,0.143333333333333,0.11,0.08,0.0566666666666667,0.06,0.0366666666666667,0.0366666666666667,0.116666666666667
43,113.732512285506,120.343583053166,118.143090612377,119.288920297952,NA,0,0,0,0,NA,0,14.2985272407532,23.8030651370684,0.266487797101339,0.262837425867716,NA,0.85,NA,0.196666666666667,0.176666666666667,0.11,0.09,0.09,0.06,0.0533333333333333,0.0366666666666667,0.0333333333333333,0.153333333333333
44,109.671117973378,119.086517143746,116.995546883817,128.743455277192,NA,0,0,0,0,NA,0,13.7881038188934,22.7086146036784,0.238389019171397,0.272176166375478,NA,0.856666666666667,NA,0.196666666666667,0.143333333333333,0.146666666666667,0.08,0.103333333333333,0.08,0.0466666666666667,0.0266666666666667,0.0233333333333333,0.153333333333333
45,117.577040733415,112.401326358814,118.79249171633,122.524015516876,NA,0,0,0,0,NA,0,12.4374158382416,23.0736297488213,0.218495007356008,0.234391125043233,NA,0.866666666666667,NA,0.173333333333333,0.183333333333333,0.1,0.133333333333333,0.05,0.07,0.0666666666666667,0.05,0.0433333333333333,0.13
46,115.420155531611,116.43276332009,119.183970075267,122.99304035512,NA,0,0,0,0,NA,0,13.1860826015472,21.2363708734512,0.212104880809784,0.212303570906321,NA,0.856666666666667,NA,0.2,0.143333333333333,0.116666666666667,0.0933333333333333,0.09,0.0833333333333333,0.0466666666666667,0.04,0.05,0.136666666666667
47,120.468830795637,118.32067737291,116.050534226937,125.994179152915,NA,0,0,0,0,NA,0,10.7150025367737,16.9051073511442,0.14245799779892,0.162245539824168,NA,0.883333333333333,NA,0.186666666666667,0.14,0.13,0.116666666666667,0.0866666666666667,0.0833333333333333,0.0566666666666667,0.0333333333333333,0.03,0.136666666666667
48,121.954363969113,114.179606881624,122.482547663476,128.474325019032,NA,0,0,0,0,NA,0,14.6373834609985,19.7833033124606,0.217256267865499,0.205142827828725,NA,0.893333333333333,NA,0.233333333333333,0.163333333333333,0.106666666666667,0.0866666666666667,0.0966666666666667,0.0566666666666667,0.0433333333333333,0.0266666666666667,0.0366666666666667,0.15
49,113.786698618681,114.533894568452,116.745840656235,125.507879205299,NA,0,0,0,0,NA,0,13.4883558750153,22.311071395874,0.206943758328756,0.217334671815236,NA,0.86,NA,0.19,0.156666666666667,0.123333333333333,0.103333333333333,0.0733333333333333,0.106666666666667,0.0333333333333333,0.0466666666666667,0.0233333333333333,0.143333333333333
50,114.529402322103,123.147821770079,115.694655806021,125.887394776282,NA,0,0,0,0,NA,0,14.1478819847107,21.2583657741547,0.221993136405945,0.224664044380188,NA,0.893333333333333,NA,0.216666666666667,0.163333333333333,0.113333333333333,0.1,0.09,0.0633333333333333,0.04,0.0466666666666667,0.0366666666666667,0.13
51,113.684997301264,113.441741090324,117.750505128434,122.838324452036,NA,0,0,0,0,NA,0,12.4023180007935,20.541570075353,0.230515579382579,0.236100443204244,NA,0.896666666666667,NA,0.22,0.136666666666667,0.116666666666667,0.126666666666667,0.08,0.0533333333333333,0.06,0.04,0.05,0.116666666666667
52,109.832081222556,117.555983624699,121.688353598843,125.846223221824,NA,0,0,0,0,NA,0,10.4678611755371,17.792922270298,0.149042856693268,0.153306941191355,NA,0.853333333333333,NA,0.186666666666667,0.143333333333333,0.113333333333333,0.116666666666667,0.0733333333333333,0.04,0.0766666666666667,0.0366666666666667,0.05,0.163333333333333
53,112.346244177802,117.609035949224,115.76708158594,126.961842958563,NA,0,0,0,0,NA,0,12.8430490493774,23.2923328200976,0.197315975030263,0.205051632722219,NA,0.856666666666667,NA,0.153333333333333,0.146666666666667,0.12,0.116666666666667,0.0766666666666667,0.06,0.06,0.05,0.0533333333333333,0.163333333333333
54,118.098828998798,120.60756431837,119.62067829128,126.753249802708,NA,0,0,0,0,NA,0,13.0902190208435,20.4520024259885,0.231348057587941,0.206087958812714,NA,0.88,NA,0.186666666666667,0.16,0.14,0.103333333333333,0.09,0.0666666666666667,0.06,0.0533333333333333,0.04,0.1
55,115.267093160337,120.657170373022,116.053466107737,126.771487341313,NA,0,0,0,0,NA,0,13.2403891086578,22.625756863753,0.197547427813212,0.216891944408417,NA,0.866666666666667,NA,0.18,0.156666666666667,0.126666666666667,0.09,0.0733333333333333,0.0633333333333333,0.0666666666666667,0.05,0.0466666666666667,0.146666666666667
56,119.348355463808,118.279518805106,121.626696438686,125.994938504447,NA,0,0,0,0,NA,0,12.1492350101471,21.6884728630384,0.217602781454722,0.215015931924184,NA,0.87,NA,0.186666666666667,0.156666666666667,0.15,0.07,0.08,0.07,0.04,0.0566666666666667,0.0433333333333333,0.146666666666667
57,117.621762186421,120.681744525039,117.221155311338,126.516157245044,NA,0,0,0,0,NA,0,9.27308130264282,16.735462752978,0.152478690942128,0.163488101959229,NA,0.86,NA,0.166666666666667,0.143333333333333,0.15,0.0866666666666667,0.0966666666666667,0.08,0.0466666666666667,0.04,0.0366666666666667,0.153333333333333
58,114.729793495167,115.99359254984,120.314389275627,130.255439634076,NA,0,0,0,0,NA,0,12.4583275318146,20.7565689722697,0.201622974872589,0.197673161824544,NA,0.883333333333333,NA,0.213333333333333,0.146666666666667,0.123333333333333,0.0933333333333333,0.0866666666666667,0.0533333333333333,0.0533333333333333,0.0533333333333333,0.04,0.136666666666667
59,114.111658108379,114.606331857166,113.569341598023,123.795300599699,NA,0,0,0,0,NA,0,13.3489410877228,20.7388342221578,0.208371873696645,0.226136191685994,NA,0.89,NA,0.196666666666667,0.153333333333333,0.126666666666667,0.1,0.0733333333333333,0.0866666666666667,0.0633333333333333,0.0266666666666667,0.0433333333333333,0.13
60,117.909226500673,118.122318057391,120.032150552628,125.29545311791,NA,0,0,0,0,NA,0,13.2984595298767,23.5501935680707,0.19632736047109,0.215918330351512,NA,0.853333333333333,NA,0.136666666666667,0.146666666666667,0.126666666666667,0.113333333333333,0.0833333333333333,0.09,0.0666666666666667,0.06,0.03,0.146666666666667
61,118.792865952699,120.931833742488,119.895149709868,125.897609102244,NA,0,0,0,0,NA,0,13.2537560462952,20.6075127522151,0.217633334795634,0.197336403528849,NA,0.883333333333333,NA,0.22,0.146666666666667,0.12,0.09,0.0766666666666667,0.0866666666666667,0.0466666666666667,0.0366666666666667,0.0433333333333333,0.133333333333333
62,121.811512513625,113.980681423083,116.295333553102,121.046355235983,NA,0,0,0,0,NA,0,12.1834237575531,14.7232502063115,0.142589624722799,0.145411125818888,NA,0.893333333333333,NA,0.203333333333333,0.16,0.116666666666667,0.103333333333333,0.0733333333333333,0.07,0.0833333333333333,0.0466666666666667,0.03,0.113333333333333
63,112.762846242479,113.877168935863,115.444062375347,120.668370243834,NA,0,0,0,0,NA,0,12.9725003242493,20.7267169038455,0.204541981220245,0.224112200737,NA,0.856666666666667,NA,0.2,0.153333333333333,0.133333333333333,0.116666666666667,0.08,0.06,0.0433333333333333,0.0433333333333333,0.03,0.14
64,118.155291710675,128.794067591644,117.00010615647,128.821788809776,NA,0,0,0,0,NA,0,12.4603605270386,20.3886335690816,0.204309499263763,0.199633053938548,NA,0.863333333333333,NA,0.203333333333333,0.136666666666667,0.14,0.09,0.09,0.0866666666666667,0.07,0.03,0.02,0.133333333333333
65,119.142793588932,120.762839487717,122.394447133954,126.040039075267,NA,0,0,0,0,NA,0,12.660252571106,20.5077472647031,0.226398356755575,0.201287194093068,NA,0.89,NA,0.13,0.166666666666667,0.17,0.113333333333333,0.1,0.07,0.0566666666666667,0.05,0.0366666666666667,0.106666666666667
66,120.1616339283,120.750599702399,118.864720065772,127.574714327629,NA,0,0,0,0,NA,0,13.4841907024384,22.3948884646098,0.18842830657959,0.193305516242981,NA,0.863333333333333,NA,0.17,0.17,0.133333333333333,0.0933333333333333,0.1,0.0533333333333333,0.04,0.0433333333333333,0.0266666666666667,0.17
67,114.487864899192,116.64751469386,117.669710827159,129.43292518084,NA,0,0,0,0,NA,0,9.42740678787231,13.0319466312726,0.137063519159953,0.148267777760824,NA,0.883333333333333,NA,0.206666666666667,0.176666666666667,0.113333333333333,0.0966666666666667,0.1,0.0433333333333333,0.0666666666666667,0.0366666666666667,0.0366666666666667,0.123333333333333
68,114.062475943301,121.672731803017,117.452793747829,124.673165534704,NA,0,0,0,0,NA,0,13.1625771522522,21.4228505253792,0.212363652388255,0.192524210611979,NA,0.88,NA,0.176666666666667,0.12,0.163333333333333,0.103333333333333,0.08,0.0866666666666667,0.05,0.06,0.0333333333333333,0.126666666666667
69,111.930393157819,114.928013354168,116.732987926973,126.000615063594,NA,0,0,0,0,NA,0,13.539543390274,22.0918321927389,0.203468108177185,0.20977193514506,NA,0.84,NA,0.196666666666667,0.113333333333333,0.15,0.113333333333333,0.0666666666666667,0.0666666666666667,0.05,0.03,0.0266666666666667,0.186666666666667
70,114.302463778289,114.985115045517,116.112991912907,126.164117073425,NA,0,0,0,0,NA,0,13.2957615852356,20.5812801480293,0.306033643086751,0.205666963259379,NA,0.866666666666667,NA,0.203333333333333,0.166666666666667,0.113333333333333,0.12,0.08,0.0633333333333333,0.0466666666666667,0.05,0.0333333333333333,0.123333333333333
71,118.671331677364,115.110527161648,116.725145000527,125.76874530751,NA,0,0,0,0,NA,0,11.5404803752899,20.9800904830297,0.198321827252706,0.195213647683461,NA,0.866666666666667,NA,0.173333333333333,0.17,0.123333333333333,0.1,0.0766666666666667,0.0966666666666667,0.06,0.0433333333333333,0.02,0.136666666666667
72,118.814152349257,115.050919333457,119.118805247838,123.78034483175,NA,0,0,0,0,NA,0,9.42439484596252,16.6294592897097,0.14043931166331,0.152129459381104,NA,0.82,NA,0.18,0.143333333333333,0.123333333333333,0.0633333333333333,0.0733333333333333,0.04,0.0833333333333333,0.0766666666666667,0.04,0.176666666666667
73,114.376064885271,125.327354433015,121.055461642462,127.191181047844,NA,0,0,0,0,NA,0,12.932296037674,22.4791813929876,0.221562560399373,0.22985862493515,NA,0.866666666666667,NA,0.21,0.12,0.12,0.0933333333333333,0.0833333333333333,0.08,0.0433333333333333,0.05,0.03,0.17
74,116.09238928261,120.559863982871,114.920489185099,124.803428455842,NA,0,0,0,0,NA,0,13.1066660881042,21.0333930412928,0.201789359251658,0.20302977959315,NA,0.9,NA,0.19,0.16,0.146666666666667,0.0866666666666667,0.0633333333333333,0.0666666666666667,0.06,0.0533333333333333,0.0366666666666667,0.136666666666667
75,117.475363408387,127.547813144785,120.783262526923,131.218053121674,NA,0,0,0,0,NA,0,12.7947871685028,20.8925563732783,0.263447248935699,0.219006403287252,NA,0.856666666666667,NA,0.186666666666667,0.143333333333333,0.146666666666667,0.07,0.13,0.0733333333333333,0.0333333333333333,0.0466666666666667,0.0366666666666667,0.133333333333333
76,116.508140424726,112.323163453447,114.579315156117,121.268303620468,NA,0,0,0,0,NA,0,12.6868200302124,20.9285535216331,0.204609986146291,0.19449747800827,NA,0.893333333333333,NA,0.203333333333333,0.14,0.11,0.116666666666667,0.0833333333333333,0.0766666666666667,0.0633333333333333,0.0433333333333333,0.04,0.123333333333333
77,115.689464139323,120.912551506398,114.484935241801,124.087400505322,NA,0,0,0,0,NA,0,8.52893304824829,13.5047920743624,0.137717986106873,0.144114168485006,NA,0.87,NA,0.233333333333333,0.14,0.123333333333333,0.0833333333333333,0.1,0.0566666666666667,0.05,0.05,0.0433333333333333,0.12
78,118.060898364383,113.836260445892,115.897342882003,123.682307432783,NA,0,0,0,0,NA,0,13.7460064888,22.0901807308197,0.209367366631826,0.238189625740051,NA,0.873333333333333,NA,0.166666666666667,0.15,0.16,0.0833333333333333,0.0766666666666667,0.0966666666666667,0.04,0.0733333333333333,0.0466666666666667,0.106666666666667
79,117.038520146598,128.608906712559,121.022555643335,126.45242133891,NA,0,0,0,0,NA,0,12.2238521575928,24.3829078833262,0.20707862774531,0.217843004067739,NA,0.843333333333333,NA,0.15,0.136666666666667,0.11,0.146666666666667,0.09,0.0633333333333333,0.0733333333333333,0.0433333333333333,0.0266666666666667,0.16
80,112.35022945135,117.224522108721,117.223216334035,123.016902990317,NA,0,0,0,0,NA,0,12.7739608287811,22.1492535630862,0.20650726556778,0.204479618867238,NA,0.843333333333333,NA,0.18,0.166666666666667,0.0866666666666667,0.14,0.0533333333333333,0.0866666666666667,0.07,0.0433333333333333,0.02,0.153333333333333
81,114.581740909743,122.456508052557,115.466752823134,123.399683973072,NA,0,0,0,0,NA,0,11.7750988006592,21.1081054528554,0.219846077760061,0.217030795415243,NA,0.86,NA,0.176666666666667,0.156666666666667,0.1,0.0966666666666667,0.113333333333333,0.0666666666666667,0.0633333333333333,0.0533333333333333,0.03,0.143333333333333
82,115.91680170412,126.204813284136,115.214011585707,124.433763139047,NA,0,0,0,0,NA,0,8.79164958000183,14.4903347253799,0.149383083979289,0.141498915354411,NA,0.843333333333333,NA,0.196666666666667,0.176666666666667,0.106666666666667,0.0766666666666667,0.106666666666667,0.0833333333333333,0.05,0.04,0.01,0.153333333333333
83,116.544974186329,118.961044652398,119.104934131106,124.998559829143,NA,0,0,0,0,NA,0,12.2170395851135,23.6742330590884,0.244318457444509,0.244755756855011,NA,0.843333333333333,NA,0.21,0.13,0.113333333333333,0.0766666666666667,0.0766666666666667,0.0666666666666667,0.0533333333333333,0.0433333333333333,0.0566666666666667,0.173333333333333
84,116.408146267373,114.453326279332,115.56702707696,128.256303795778,NA,0,0,0,0,NA,0,13.8981714248657,20.0298997441928,0.223544295628866,0.215127432346344,NA,0.893333333333333,NA,0.216666666666667,0.163333333333333,0.103333333333333,0.113333333333333,0.103333333333333,0.08,0.0366666666666667,0.05,0.0166666666666667,0.116666666666667
85,115.39066409842,123.070852313707,116.826001660838,126.270847509166,NA,0,0,0,0,NA,0,12.2713851928711,21.598633825779,0.206908365090688,0.234045616785685,NA,0.86,NA,0.14,0.196666666666667,0.126666666666667,0.1,0.0866666666666667,0.0533333333333333,0.0766666666666667,0.0366666666666667,0.04,0.143333333333333
86,112.875291083154,117.416883306819,117.384569603513,121.684326968231,NA,0,0,0,0,NA,0,13.051917552948,19.2269816756248,0.18755476474762,0.187915770212809,NA,0.863333333333333,NA,0.186666666666667,0.186666666666667,0.0966666666666667,0.116666666666667,0.08,0.0733333333333333,0.0266666666666667,0.04,0.0433333333333333,0.15
87,120.316588126967,115.472593204773,114.050708363196,128.602636631346,NA,0,0,0,0,NA,0,9.37450981140137,13.4744306842486,0.148904506365458,0.148161498705546,NA,0.883333333333333,NA,0.243333333333333,0.12,0.123333333333333,0.0866666666666667,0.12,0.0666666666666667,0.0733333333333333,0.04,0.0266666666666667,0.1
88,118.444925790422,122.589682365008,116.422025777222,128.460078974741,NA,0,0,0,0,NA,0,12.644433259964,21.2546876986822,0.208247145016988,0.204818411668142,NA,0.87,NA,0.2,0.166666666666667,0.13,0.0933333333333333,0.0733333333333333,0.06,0.0433333333333333,0.0433333333333333,0.0433333333333333,0.146666666666667
89,117.015341848862,109.634676841125,117.58269951276,121.607754475898,NA,0,0,0,0,NA,0,13.2112941741943,20.9835968136787,0.203526842594147,0.204147692521413,NA,0.913333333333333,NA,0.183333333333333,0.136666666666667,0.153333333333333,0.106666666666667,0.0733333333333333,0.07,0.06,0.0366666666666667,0.05,0.13
90,118.758330900933,118.21085408756,118.189319521401,127.639516582244,NA,0,0,0,0,NA,0,14.2105627059937,22.2047499696414,0.20838276942571,0.24564616282781,NA,0.833333333333333,NA,0.16,0.133333333333333,0.16,0.123333333333333,0.0766666666666667,0.08,0.03,0.0466666666666667,0.03,0.16
91,115.882080309195,116.197723436607,113.867814399619,124.80779038411,NA,0,0,0,0,NA,0,11.9139935970306,18.7915199756622,0.189533845583598,0.192918964227041,NA,0.883333333333333,NA,0.193333333333333,0.14,0.146666666666667,0.123333333333333,0.0833333333333333,0.06,0.0333333333333333,0.0466666666666667,0.03,0.143333333333333
92,116.035400183667,120.169306879522,116.284084151045,123.795919149945,NA,0,0,0,0,NA,0,8.51934909820557,15.5875661969185,0.157424036661784,0.150850224494934,NA,0.866666666666667,NA,0.176666666666667,0.146666666666667,0.12,0.103333333333333,0.0733333333333333,0.07,0.05,0.0633333333333333,0.0533333333333333,0.143333333333333
93,116.605890774113,114.623998317944,115.104638634565,119.473811747285,NA,0,0,0,0,NA,0,12.6512756347656,20.976231388251,0.198939096927643,0.203813521067301,NA,0.9,NA,0.19,0.15,0.126666666666667,0.09,0.0766666666666667,0.0766666666666667,0.0766666666666667,0.0466666666666667,0.0366666666666667,0.13
94,116.539814274782,116.939743716099,113.388879409923,127.079224539724,NA,0,0,0,0,NA,0,12.6152858734131,21.8500198364258,0.215854036808014,0.234378457069397,NA,0.883333333333333,NA,0.183333333333333,0.173333333333333,0.106666666666667,0.0933333333333333,0.07,0.0733333333333333,0.0533333333333333,0.05,0.06,0.136666666666667
95,115.453267305888,130.697761547204,119.186346184153,127.448713529659,NA,0,0,0,0,NA,0,13.7599012851715,20.4651828130086,0.206589833895365,0.206901466846466,NA,0.893333333333333,NA,0.2,0.16,0.14,0.0966666666666667,0.0666666666666667,0.07,0.03,0.0533333333333333,0.0433333333333333,0.14
96,118.261242450038,124.052120106797,117.449719889045,123.613906389534,NA,0,0,0,0,NA,0,12.2397699356079,19.260838619868,0.184048549334208,0.192922019958496,NA,0.9,NA,0.17,0.146666666666667,0.133333333333333,0.136666666666667,0.0933333333333333,0.0866666666666667,0.04,0.03,0.0233333333333333,0.14
97,115.550138595174,122.784050837562,120.813976813173,128.911852796697,NA,0,0,0,0,NA,0,9.43187427520752,14.2295059760412,0.154701161384583,0.152839398384094,NA,0.87,NA,0.21,0.163333333333333,0.12,0.0933333333333333,0.0766666666666667,0.0566666666666667,0.06,0.0466666666666667,0.04,0.133333333333333
98,116.685884310449,131.444085069721,118.367305023273,124.862900390812,NA,0,0,0,0,NA,0,12.5881435871124,18.9709219733874,0.193996727466583,0.19685027996699,NA,0.92,NA,0.193333333333333,0.18,0.153333333333333,0.08,0.09,0.0666666666666667,0.07,0.0366666666666667,0.03,0.1
99,117.580660639471,117.341723380059,118.028377889182,125.3223632392,NA,0,0,0,0,NA,0,15.1063179969788,20.0598158955574,0.205284202098846,0.202539976437887,NA,0.883333333333333,NA,0.19,0.133333333333333,0.143333333333333,0.0933333333333333,0.09,0.0966666666666667,0.0533333333333333,0.0566666666666667,0.0333333333333333,0.11
100,115.332943907239,119.355186390585,118.926923028125,128.790593301542,NA,0,0,0,0,NA,0,12.2373716831207,21.8476048429807,0.206816871960958,0.204324384530385,NA,0.856666666666667,NA,0.163333333333333,0.133333333333333,0.153333333333333,0.113333333333333,0.0933333333333333,0.07,0.03,0.04,0.0333333333333333,0.17
101,118.605016356501,115.308488929092,118.833445840436,124.567520746506,NA,0,0,0,0,NA,0,12.6726403236389,19.5574800054232,0.206061764558156,0.202949134508769,NA,0.886666666666667,NA,0.163333333333333,0.176666666666667,0.14,0.08,0.09,0.09,0.0533333333333333,0.06,0.04,0.106666666666667
102,117.008280205898,118.911420040337,115.811804615536,126.405694125637,NA,0,0,0,0,NA,0,8.69394373893738,13.3287534713745,0.14366881052653,0.147652093569438,NA,0.87,NA,0.22,0.16,0.106666666666667,0.113333333333333,0.0966666666666667,0.0466666666666667,0.06,0.0433333333333333,0.0266666666666667,0.126666666666667
103,117.767749521595,110.795188185677,117.614866869365,123.838000762182,NA,0,0,0,0,NA,0,11.6401929855347,19.1178880254428,0.20036719640096,0.198689957459768,NA,0.926666666666667,NA,0.213333333333333,0.146666666666667,0.123333333333333,0.07,0.0866666666666667,0.0766666666666667,0.0566666666666667,0.05,0.05,0.126666666666667
104,118.451580111904,117.627017979246,120.604211537943,121.451485598976,NA,0,0,0,0,NA,0,12.4525744915009,18.6839045683543,0.197287646929423,0.201017840703328,NA,0.88,NA,0.216666666666667,0.17,0.123333333333333,0.08,0.103333333333333,0.0666666666666667,0.05,0.0433333333333333,0.0233333333333333,0.123333333333333
105,116.234477278954,125.02592037163,115.046769051542,125.193957412825,NA,0,0,0,0,NA,0,11.6861124038696,19.354113483429,0.220673636595408,0.201778217156728,NA,0.88,NA,0.233333333333333,0.133333333333333,0.116666666666667,0.103333333333333,0.103333333333333,0.05,0.07,0.0266666666666667,0.0333333333333333,0.13
106,113.316393263319,115.643953723767,118.114235252456,126.046721744791,NA,0,0,0,0,NA,0,11.8792285919189,19.2080058932304,0.186135164896647,0.191613411903381,NA,0.88,NA,0.193333333333333,0.146666666666667,0.116666666666667,0.0833333333333333,0.103333333333333,0.0533333333333333,0.0766666666666667,0.05,0.0466666666666667,0.13
107,117.642445241505,119.039496995077,120.522107708734,126.225164079006,NA,0,0,0,0,NA,0,8.61231470108032,14.9969135244687,0.154148944218953,0.153171173731486,NA,0.876666666666667,NA,0.19,0.14,0.0966666666666667,0.133333333333333,0.09,0.0733333333333333,0.0333333333333333,0.0533333333333333,0.0566666666666667,0.133333333333333
108,115.311223686886,115.801726041946,116.107540700258,122.096608676864,NA,0,0,0,0,NA,0,11.8732113838196,19.4102891882261,0.194829042752584,0.192834742863973,NA,0.85,NA,0.203333333333333,0.19,0.106666666666667,0.0833333333333333,0.106666666666667,0.0466666666666667,0.04,0.0366666666666667,0.04,0.146666666666667
109,117.623637638663,116.314157087531,116.748359039857,124.153489070594,NA,0,0,0,0,NA,0,12.0078999996185,17.9125916719437,0.189763887723287,0.188032492001851,NA,0.896666666666667,NA,0.24,0.14,0.146666666666667,0.09,0.0733333333333333,0.0466666666666667,0.0666666666666667,0.0366666666666667,0.03,0.13
110,119.805944940639,120.796105746732,119.379517113005,124.18102843194,NA,0,0,0,0,NA,0,12.1051161289215,19.2575891693433,0.208370872338613,0.207268706957499,NA,0.876666666666667,NA,0.23,0.133333333333333,0.126666666666667,0.0833333333333333,0.12,0.06,0.0433333333333333,0.05,0.0166666666666667,0.136666666666667
111,112.255921603899,123.95533509939,117.926415753785,123.849117669866,NA,0,0,0,0,NA,0,12.6137738227844,21.0755600333214,0.194715535640717,0.189894274870555,NA,0.86,NA,0.186666666666667,0.14,0.11,0.103333333333333,0.0833333333333333,0.0866666666666667,0.0366666666666667,0.05,0.0433333333333333,0.16
112,116.523285611096,117.534331382546,116.060009517415,121.708304335687,NA,0,0,0,0,NA,0,8.76307725906372,14.8117802421252,0.14149075349172,0.144005040327708,NA,0.893333333333333,NA,0.17,0.176666666666667,0.113333333333333,0.11,0.0966666666666667,0.09,0.0533333333333333,0.0266666666666667,0.0233333333333333,0.14
113,115.551004145539,111.675880271855,110.747567991161,122.033205891759,NA,0,0,0,0,NA,0,11.5659506320953,19.8694780667623,0.20511732896169,0.212452594439189,NA,0.81,NA,0.176666666666667,0.163333333333333,0.11,0.0866666666666667,0.106666666666667,0.0633333333333333,0.05,0.0533333333333333,0.02,0.17
114,119.581763657959,118.603450840424,116.575460731539,128.346819762175,NA,0,0,0,0,NA,0,11.8357920646667,20.7935090462367,0.186127058664958,0.190361535549164,NA,0.863333333333333,NA,0.18,0.123333333333333,0.176666666666667,0.103333333333333,0.0866666666666667,0.0666666666666667,0.0366666666666667,0.0133333333333333,0.0433333333333333,0.17
115,115.830072192205,130.634150129185,121.578503985945,126.578161194844,NA,0,0,0,0,NA,0,12.9944941997528,21.564294954141,0.198500462373098,0.197702670097351,NA,0.866666666666667,NA,0.186666666666667,0.13,0.103333333333333,0.123333333333333,0.0666666666666667,0.103333333333333,0.0433333333333333,0.0533333333333333,0.0433333333333333,0.146666666666667
116,116.498140797501,123.099675092408,116.315706950033,121.730805113797,NA,0,0,0,0,NA,0,11.552077293396,21.2460954944293,0.198808252811432,0.186515251795451,NA,0.886666666666667,NA,0.17,0.163333333333333,0.0866666666666667,0.123333333333333,0.0766666666666667,0.0833333333333333,0.05,0.06,0.0266666666666667,0.16
117,113.094392480937,127.146277946347,117.452202329641,125.270163652417,NA,0,0,0,0,NA,0,8.87549686431885,15.9434421658516,0.137020472685496,0.14357795715332,NA,0.86,NA,0.19,0.14,0.14,0.0733333333333333,0.0966666666666667,0.0533333333333333,0.0566666666666667,0.0466666666666667,0.02,0.183333333333333
118,119.001346900639,124.4784044479,120.183899774069,129.025332166164,NA,0,0,0,0,NA,0,12.9045391082764,19.9018332481384,0.191683463255564,0.202821564674377,NA,0.903333333333333,NA,0.17,0.17,0.11,0.13,0.0966666666666667,0.0766666666666667,0.0533333333333333,0.0366666666666667,0.02,0.136666666666667
119,116.917935906237,121.454502993052,114.614156447732,126.754006074193,NA,0,0,0,0,NA,0,12.3616025447845,21.8007366577784,0.188296214739482,0.196174069245656,NA,0.873333333333333,NA,0.18,0.126666666666667,0.116666666666667,0.0833333333333333,0.116666666666667,0.09,0.0533333333333333,0.0766666666666667,0.0266666666666667,0.13
120,117.74298018901,118.404932234008,116.756541702962,124.699885248973,NA,0,0,0,0,NA,0,12.6356325149536,22.0432062824567,0.217622025807699,0.208048915863037,NA,0.86,NA,0.176666666666667,0.156666666666667,0.0933333333333333,0.09,0.0766666666666667,0.07,0.0766666666666667,0.0566666666666667,0.0633333333333333,0.14
121,116.511423135033,118.691142849976,113.187264509375,124.395126629899,NA,0,0,0,0,NA,0,11.3244860172272,19.6811913927396,0.199136888980865,0.185357840855916,NA,0.9,NA,0.173333333333333,0.186666666666667,0.136666666666667,0.103333333333333,0.11,0.0466666666666667,0.0366666666666667,0.0433333333333333,0.0433333333333333,0.12
122,117.765009267139,128.799950368417,120.134767793334,129.339225185846,NA,0,0,0,0,NA,0,9.44036841392517,15.1462163805962,0.150693559646606,0.156475814183553,NA,0.863333333333333,NA,0.18,0.14,0.126666666666667,0.143333333333333,0.0633333333333333,0.0666666666666667,0.0433333333333333,0.0266666666666667,0.0433333333333333,0.166666666666667
123,117.593963296898,118.638742201735,117.097131813144,123.317500598101,NA,0,0,0,0,NA,0,13.7598724365234,20.4464528004328,0.190255049864451,0.201500244935354,NA,0.86,NA,0.176666666666667,0.176666666666667,0.103333333333333,0.0833333333333333,0.0933333333333333,0.0733333333333333,0.0666666666666667,0.0466666666666667,0.0433333333333333,0.136666666666667
124,114.952882047271,117.07852728232,116.667191588855,123.903239827696,NA,0,0,0,0,NA,0,11.9637923240662,22.1125129063924,0.186761593818665,0.199541171391805,NA,0.846666666666667,NA,0.186666666666667,0.2,0.08,0.09,0.0533333333333333,0.0733333333333333,0.0566666666666667,0.0466666666666667,0.04,0.173333333333333
125,115.459642438885,115.79896321868,119.418661114068,124.81557653774,NA,0,0,0,0,NA,0,12.07137799263,20.8758515556653,0.207522169748942,0.193330971399943,NA,0.873333333333333,NA,0.18,0.136666666666667,0.143333333333333,0.12,0.0633333333333333,0.06,0.07,0.0533333333333333,0.0333333333333333,0.14
126,116.782507804296,120.49168754121,118.125372074071,126.419016926177,NA,0,0,0,0,NA,0,11.8334803581238,19.7786324222883,0.192686466375987,0.183702496687571,NA,0.903333333333333,NA,0.16,0.19,0.146666666666667,0.0966666666666667,0.0566666666666667,0.07,0.06,0.0566666666666667,0.0333333333333333,0.13
127,119.148113170798,123.527398715628,120.502730964552,126.065264448059,NA,0,0,0,0,NA,0,8.46328639984131,14.3783924937248,0.147806139787038,0.144617652893066,NA,0.85,NA,0.183333333333333,0.15,0.146666666666667,0.11,0.0933333333333333,0.0466666666666667,0.06,0.04,0.0366666666666667,0.133333333333333
128,119.319993967637,108.583784266295,114.65240749863,122.880732770648,NA,0,0,0,0,NA,0,11.6815659999847,17.963060883681,0.191549201806386,0.190255264441172,NA,0.886666666666667,NA,0.22,0.196666666666667,0.113333333333333,0.08,0.07,0.0566666666666667,0.0566666666666667,0.0366666666666667,0.03,0.14
129,120.430820248671,118.327194029538,117.00546080593,126.048144715306,NA,0,0,0,0,NA,0,12.9347679615021,22.763264242808,0.188795304298401,0.194730834166209,NA,0.86,NA,0.153333333333333,0.146666666666667,0.11,0.0866666666666667,0.0933333333333333,0.07,0.0766666666666667,0.0633333333333333,0.03,0.17
130,117.994507040431,119.772975006796,117.306280178889,124.437122489138,NA,0,0,0,0,NA,0,12.1556179523468,20.7840216358503,0.218543251355489,0.214018762111664,NA,0.866666666666667,NA,0.193333333333333,0.14,0.163333333333333,0.09,0.0766666666666667,0.0566666666666667,0.0466666666666667,0.04,0.0466666666666667,0.146666666666667
131,116.228468897312,130.043344593859,120.727315903473,128.713363222386,NA,0,0,0,0,NA,0,12.3523924350739,21.2116033315659,0.202202566464742,0.220158958435059,NA,0.86,NA,0.116666666666667,0.2,0.123333333333333,0.09,0.0833333333333333,0.0666666666666667,0.07,0.0466666666666667,0.0533333333333333,0.15
132,119.371585795735,117.563438144826,114.235031984462,123.728483438878,NA,0,0,0,0,NA,0,9.29300141334534,13.9198304454486,0.137640412648519,0.137586641311645,NA,0.876666666666667,NA,0.156666666666667,0.173333333333333,0.12,0.1,0.0966666666666667,0.0766666666666667,0.0466666666666667,0.0466666666666667,0.0366666666666667,0.146666666666667
133,117.676315349509,117.78302020408,114.587213480374,123.982612050943,NA,0,0,0,0,NA,0,11.7010872364044,18.6264306545258,0.201608761151632,0.188540069262187,NA,0.883333333333333,NA,0.206666666666667,0.163333333333333,0.146666666666667,0.0833333333333333,0.0766666666666667,0.07,0.0533333333333333,0.0533333333333333,0.0266666666666667,0.12
134,116.660318769231,119.72037611072,116.586392625112,127.254013311999,NA,0,0,0,0,NA,0,12.5015778541565,19.5085587183634,0.134587029616038,0.136320567131042,NA,0.886666666666667,NA,0.17,0.136666666666667,0.146666666666667,0.103333333333333,0.0933333333333333,0.0533333333333333,0.06,0.04,0.0433333333333333,0.153333333333333
135,118.68186550031,115.694312835546,117.174629149157,126.845068491555,NA,0,0,0,0,NA,0,11.7124252319336,17.7967638889949,0.138737769921621,0.14182356595993,NA,0.85,NA,0.19,0.143333333333333,0.12,0.0933333333333333,0.09,0.0833333333333333,0.0233333333333333,0.06,0.0533333333333333,0.143333333333333
136,120.024560576092,107.742763303226,114.882535518518,124.062253521312,NA,0,0,0,0,NA,0,12.2148306369781,17.916116297245,0.18383104801178,0.187902092933655,NA,0.883333333333333,NA,0.206666666666667,0.136666666666667,0.15,0.13,0.0666666666666667,0.06,0.04,0.03,0.0266666666666667,0.153333333333333
137,121.178679454989,124.270036335984,120.485561281827,125.646343120969,NA,0,0,0,0,NA,0,8.22218585014343,12.3379966100057,0.138042632738749,0.132642515500387,NA,0.893333333333333,NA,0.206666666666667,0.183333333333333,0.126666666666667,0.09,0.0766666666666667,0.0766666666666667,0.0666666666666667,0.04,0.03,0.103333333333333
138,116.457827530183,120.317386815559,119.361349899549,129.738171196091,NA,0,0,0,0,NA,0,12.0656862258911,18.9602477312088,0.184638448556264,0.192123532295227,NA,0.846666666666667,NA,0.213333333333333,0.14,0.136666666666667,0.09,0.0633333333333333,0.0733333333333333,0.0666666666666667,0.03,0.04,0.146666666666667
139,117.530490776819,119.4361906674,117.909685155611,127.699681064507,NA,0,0,0,0,NA,0,8.71872591972351,13.6525379141172,0.135649263858795,0.134697202841441,NA,0.84,NA,0.186666666666667,0.143333333333333,0.11,0.0833333333333333,0.0666666666666667,0.123333333333333,0.05,0.0433333333333333,0.02,0.173333333333333
140,114.644389179299,118.283355398549,119.747024057169,127.921773139613,NA,0,0,0,0,NA,0,8.47254514694214,13.602800099055,0.141908009847005,0.142186522483826,NA,0.86,NA,0.193333333333333,0.12,0.126666666666667,0.11,0.0966666666666667,0.0833333333333333,0.0366666666666667,0.0366666666666667,0.04,0.156666666666667
141,116.663544868365,116.707982463915,117.982119448904,121.626174087597,NA,0,0,0,0,NA,0,13.3941576480865,19.1732663432757,0.182830548286438,0.189845971266429,NA,0.873333333333333,NA,0.183333333333333,0.12,0.15,0.103333333333333,0.08,0.06,0.0733333333333333,0.0366666666666667,0.0366666666666667,0.156666666666667
142,115.019176393916,124.597382708377,117.67596116059,128.828798039045,NA,0,0,0,0,NA,0,8.71067976951599,14.6616966048876,0.137044946352641,0.134707546234131,NA,0.846666666666667,NA,0.153333333333333,0.16,0.13,0.07,0.0866666666666667,0.07,0.0766666666666667,0.0566666666666667,0.0466666666666667,0.15
143,117.321648427977,124.28663710462,122.605339539268,135.352654103656,NA,0,0,0,0,NA,0,11.9078106880188,19.9413990457853,0.189132817586263,0.193856434027354,NA,0.83,NA,0.203333333333333,0.14,0.0966666666666667,0.0966666666666667,0.08,0.0666666666666667,0.0533333333333333,0.04,0.03,0.193333333333333
144,116.821505942821,118.756362307452,115.571644524851,122.423136827376,NA,0,0,0,0,NA,0,8.25293135643005,12.5562134861946,0.140893971920013,0.137947070598602,NA,0.823333333333333,NA,0.18,0.166666666666667,0.12,0.123333333333333,0.0966666666666667,0.06,0.04,0.0333333333333333,0.0333333333333333,0.146666666666667
145,113.893688179458,118.221147322011,119.428855322384,123.660016996949,NA,0,0,0,0,NA,0,8.27378678321838,12.7743423144023,0.139611160755157,0.141165924072266,NA,0.89,NA,0.206666666666667,0.146666666666667,0.103333333333333,0.0966666666666667,0.103333333333333,0.0766666666666667,0.05,0.0466666666666667,0.05,0.12
146,113.194478954764,117.809513430833,120.772619914562,129.715909828809,NA,0,0,0,0,NA,0,11.9525995254517,18.7353910207748,0.187844932079315,0.201323004563649,NA,0.88,NA,0.186666666666667,0.15,0.12,0.116666666666667,0.0966666666666667,0.0933333333333333,0.0366666666666667,0.04,0.06,0.1
147,117.897042211883,113.76944800709,116.532521767515,125.956531980442,NA,0,0,0,0,NA,0,8.0798487663269,12.443527173996,0.132638700803121,0.128535596529643,NA,0.886666666666667,NA,0.233333333333333,0.136666666666667,0.12,0.09,0.106666666666667,0.0566666666666667,0.0666666666666667,0.0433333333333333,0.0333333333333333,0.113333333333333
148,116.005716208696,114.006682134061,116.32845834328,124.135143890138,NA,0,0,0,0,NA,0,11.4940915107727,19.3991727550824,0.198817646503448,0.205123845736186,NA,0.83,NA,0.186666666666667,0.113333333333333,0.13,0.116666666666667,0.11,0.0766666666666667,0.0533333333333333,0.0233333333333333,0.0466666666666667,0.143333333333333
149,118.41130471767,120.041487815282,116.39233532102,122.149708074173,NA,0,0,0,0,NA,0,8.12518382072449,12.7396550615629,0.129960656166077,0.136170975367228,NA,0.893333333333333,NA,0.19,0.116666666666667,0.1,0.12,0.113333333333333,0.08,0.0433333333333333,0.0533333333333333,0.03,0.153333333333333
150,118.735531752032,123.351701293358,119.04533300309,123.270175881913,NA,0,0,0,0,NA,0,8.06804394721985,13.0089262803396,0.142417295773824,0.140508357683818,NA,0.893333333333333,NA,0.2,0.146666666666667,0.143333333333333,0.0933333333333333,0.08,0.0666666666666667,0.0366666666666667,0.0433333333333333,0.0366666666666667,0.153333333333333
151,115.772752868195,117.748785898118,118.771692915716,124.882782516419,NA,0,0,0,0,NA,0,12.1292247772217,18.5090632518133,0.190263322989146,0.190144073963165,NA,0.873333333333333,NA,0.17,0.153333333333333,0.143333333333333,0.12,0.0866666666666667,0.0533333333333333,0.0466666666666667,0.0333333333333333,0.04,0.153333333333333
152,113.784411778577,117.562097006466,115.946871372947,123.511701821046,NA,0,0,0,0,NA,0,8.44240665435791,12.8192164460818,0.142712247371674,0.138862204551697,NA,0.883333333333333,NA,0.2,0.156666666666667,0.126666666666667,0.106666666666667,0.0866666666666667,0.0533333333333333,0.06,0.0566666666666667,0.0266666666666667,0.126666666666667
153,115.064827497806,117.354544042884,112.832605195048,122.535170856044,NA,0,0,0,0,NA,0,11.7357842922211,17.1498701334,0.194738328456879,0.194838829835256,NA,0.856666666666667,NA,0.21,0.16,0.166666666666667,0.0833333333333333,0.0666666666666667,0.0766666666666667,0.04,0.05,0.0166666666666667,0.13
154,119.605875920642,121.536549480801,115.185728210258,125.077342320369,NA,0,0,0,0,NA,0,8.69131088256836,13.3781223058701,0.136796963214874,0.13961660861969,NA,0.87,NA,0.166666666666667,0.1,0.153333333333333,0.113333333333333,0.113333333333333,0.1,0.0666666666666667,0.02,0.0233333333333333,0.143333333333333
155,112.781829424732,112.327047268928,117.783118973022,125.650300631202,NA,0,0,0,0,NA,0,7.95004177093506,12.6056919852893,0.135119318962097,0.136815178394318,NA,0.883333333333333,NA,0.203333333333333,0.16,0.1,0.113333333333333,0.0833333333333333,0.0766666666666667,0.0566666666666667,0.0366666666666667,0.0466666666666667,0.123333333333333
156,117.354231375317,116.947671763258,115.207526111374,123.433345615315,NA,0,0,0,0,NA,0,12.5097906589508,19.4334952831268,0.185479931036631,0.212126831213633,NA,0.866666666666667,NA,0.17,0.19,0.116666666666667,0.0966666666666667,0.0733333333333333,0.0666666666666667,0.06,0.05,0.0366666666666667,0.14
157,118.452546184352,114.864369462324,114.343493153785,123.843364260229,NA,0,0,0,0,NA,0,9.83370065689087,13.3026881257693,0.136074725786845,0.134390842914581,NA,0.906666666666667,NA,0.18,0.186666666666667,0.126666666666667,0.116666666666667,0.0733333333333333,0.04,0.0433333333333333,0.0533333333333333,0.04,0.14
158,114.249948252404,116.21635120676,120.648103783968,122.678847206199,NA,0,0,0,0,NA,0,12.4175910949707,17.7843818068504,0.206180349985758,0.20033407608668,NA,0.876666666666667,NA,0.23,0.136666666666667,0.136666666666667,0.11,0.09,0.0433333333333333,0.0533333333333333,0.0266666666666667,0.04,0.133333333333333
159,119.72149486993,119.369190087267,119.368568295394,126.11083660352,NA,0,0,0,0,NA,0,8.46521067619324,12.2045116980871,0.133580883344014,0.143479657173157,NA,0.88,NA,0.183333333333333,0.176666666666667,0.113333333333333,0.126666666666667,0.0533333333333333,0.07,0.09,0.04,0.0333333333333333,0.113333333333333
160,119.260807461024,123.651824552832,122.323441750267,125.304582968672,NA,0,0,0,0,NA,0,7.92233228683472,12.0180308977763,0.133495100339254,0.133093253771464,NA,0.86,NA,0.19,0.193333333333333,0.103333333333333,0.106666666666667,0.09,0.0533333333333333,0.05,0.04,0.0366666666666667,0.136666666666667
161,112.928957191002,120.162872214905,118.021324622777,126.226014198469,NA,0,0,0,0,NA,0,12.2105724811554,19.9277303775152,0.192944061756134,0.196340616544088,NA,0.84,NA,0.18,0.15,0.153333333333333,0.0966666666666667,0.0633333333333333,0.0433333333333333,0.0533333333333333,0.0333333333333333,0.05,0.176666666666667
162,113.548741186015,121.231635822632,117.182891942577,126.741893073593,NA,0,0,0,0,NA,0,8.18313074111938,12.782978618145,0.127201187610626,0.136506942907969,NA,0.903333333333333,NA,0.18,0.173333333333333,0.106666666666667,0.123333333333333,0.07,0.0666666666666667,0.06,0.0633333333333333,0.04,0.116666666666667
163,118.912733836236,127.518462057353,121.053647987093,125.637880406461,NA,0,0,0,0,NA,0,12.0718200206757,17.5754458506902,0.199553215503693,0.200256975491842,NA,0.903333333333333,NA,0.196666666666667,0.163333333333333,0.116666666666667,0.11,0.1,0.07,0.0533333333333333,0.04,0.04,0.11
164,116.812036119815,118.493034030734,114.980716933413,124.587699878663,NA,0,0,0,0,NA,0,8.53431820869446,11.3631703019142,0.13435290257136,0.141281072298686,NA,0.893333333333333,NA,0.203333333333333,0.166666666666667,0.13,0.126666666666667,0.0966666666666667,0.0633333333333333,0.0166666666666667,0.05,0.0433333333333333,0.103333333333333
165,113.893738295285,116.024051836677,114.7577176294,123.804881499527,NA,0,0,0,0,NA,0,8.3755214214325,12.887842754523,0.132131032148997,0.139228773117065,NA,0.89,NA,0.196666666666667,0.136666666666667,0.12,0.1,0.09,0.09,0.0466666666666667,0.0566666666666667,0.0466666666666667,0.116666666666667
166,119.019552919822,119.844648304316,121.966914652003,131.227993947655,NA,0,0,0,0,NA,0,11.9253351688385,18.3669447143873,0.200510740280151,0.199968405564626,NA,0.85,NA,0.21,0.13,0.0966666666666667,0.136666666666667,0.09,0.0933333333333333,0.0533333333333333,0.04,0.02,0.13
167,115.303514441612,120.802152770985,118.480313253132,126.240937522092,NA,0,0,0,0,NA,0,8.15674352645874,13.4575361887614,0.137034940719604,0.133604943752289,NA,0.863333333333333,NA,0.203333333333333,0.133333333333333,0.13,0.0866666666666667,0.0866666666666667,0.06,0.0666666666666667,0.0533333333333333,0.0233333333333333,0.156666666666667
168,116.164932461626,115.734297955552,117.76028934754,124.064110100284,NA,0,0,0,0,NA,0,11.5327150821686,19.7242540081342,0.204726894696554,0.193307503064473,NA,0.876666666666667,NA,0.17,0.123333333333333,0.13,0.116666666666667,0.106666666666667,0.06,0.0466666666666667,0.0666666666666667,0.0366666666666667,0.143333333333333
169,122.123632270138,122.776075614475,119.545820519738,126.781702270257,NA,0,0,0,0,NA,0,8.46972513198853,12.2037833333015,0.135652271906535,0.13251398007075,NA,0.853333333333333,NA,0.226666666666667,0.14,0.116666666666667,0.1,0.0666666666666667,0.0833333333333333,0.0666666666666667,0.0266666666666667,0.03,0.143333333333333
170,116.582431343586,116.310071256879,118.063429462441,125.846698113662,NA,0,0,0,0,NA,0,8.43521428108215,12.1784830093384,0.138996728261312,0.139161630471547,NA,0.893333333333333,NA,0.2,0.16,0.113333333333333,0.133333333333333,0.0866666666666667,0.0633333333333333,0.0433333333333333,0.0533333333333333,0.0233333333333333,0.123333333333333
171,115.77687798804,118.214620656586,114.831753718077,125.275072809808,NA,0,0,0,0,NA,0,11.4841439723969,16.7916453838348,0.203146763642629,0.192945873737335,NA,0.88,NA,0.2,0.2,0.133333333333333,0.0766666666666667,0.08,0.07,0.07,0.0333333333333333,0.0266666666666667,0.11
172,116.068822186142,121.222427809648,114.091937869582,123.313100396936,NA,0,0,0,0,NA,0,8.20084285736084,14.4115325053533,0.133109549681346,0.13666596810023,NA,0.853333333333333,NA,0.15,0.136666666666667,0.143333333333333,0.09,0.0966666666666667,0.0466666666666667,0.09,0.0366666666666667,0.03,0.18
173,114.381266681963,119.74071453983,111.693785171642,125.99934956774,NA,0,0,0,0,NA,0,11.7786400318146,18.583357600371,0.197379410266876,0.191897265116374,NA,0.873333333333333,NA,0.196666666666667,0.15,0.09,0.0933333333333333,0.0866666666666667,0.106666666666667,0.0633333333333333,0.04,0.03,0.143333333333333
174,115.119054664892,127.260395306029,118.227976703127,131.954274746061,NA,0,0,0,0,NA,0,8.55153679847717,12.0902902960777,0.131194221973419,0.139207303524017,NA,0.883333333333333,NA,0.22,0.15,0.116666666666667,0.07,0.116666666666667,0.0566666666666667,0.07,0.0266666666666667,0.0333333333333333,0.14
175,114.031777945076,122.517195681988,123.888586863669,123.572637375007,NA,0,0,0,0,NA,0,8.58955264091492,12.3022359013557,0.130212712287903,0.140255570411682,NA,0.896666666666667,NA,0.186666666666667,0.153333333333333,0.123333333333333,0.106666666666667,0.0966666666666667,0.0733333333333333,0.06,0.07,0.03,0.1
176,117.240797083246,119.66943612275,117.117910725897,128.721984005921,NA,0,0,0,0,NA,0,11.5248174667358,19.9053259213765,0.133494194348653,0.133507212003072,NA,0.843333333333333,NA,0.173333333333333,0.106666666666667,0.15,0.12,0.0766666666666667,0.0466666666666667,0.05,0.0733333333333333,0.0466666666666667,0.156666666666667
177,112.207196341615,117.350368748169,119.943290785734,125.390167217417,NA,0,0,0,0,NA,0,8.05021929740906,12.6789037426313,0.152249340216319,0.149233631292979,NA,0.873333333333333,NA,0.23,0.11,0.13,0.106666666666667,0.0933333333333333,0.0666666666666667,0.04,0.0566666666666667,0.0233333333333333,0.143333333333333
178,119.291083551995,123.192718376308,120.193980295007,124.00706857262,NA,0,0,0,0,NA,0,11.7365689277649,18.0486396034559,0.192068696022034,0.194401613871257,NA,0.866666666666667,NA,0.193333333333333,0.156666666666667,0.153333333333333,0.1,0.08,0.0566666666666667,0.0433333333333333,0.0333333333333333,0.06,0.123333333333333
179,120.952539662914,119.586295124284,119.058898856644,123.418545064187,NA,0,0,0,0,NA,0,8.33376717567444,12.8199146866798,0.135979207356771,0.134120790163676,NA,0.873333333333333,NA,0.196666666666667,0.15,0.126666666666667,0.0933333333333333,0.0833333333333333,0.0566666666666667,0.0633333333333333,0.0633333333333333,0.0366666666666667,0.13
180,119.758748458058,118.116928195154,114.791865243849,122.321910520647,NA,0,0,0,0,NA,0,8.06526064872742,13.6121601978938,0.13800409634908,0.136874449253082,NA,0.826666666666667,NA,0.19,0.143333333333333,0.11,0.0766666666666667,0.0766666666666667,0.0766666666666667,0.05,0.06,0.04,0.176666666666667
181,114.961338303043,124.490970892947,114.546495701156,125.013456253758,NA,0,0,0,0,NA,0,8.54374003410339,10.1562742590904,0.127580503622691,0.124384586016337,NA,0.886666666666667,NA,0.196666666666667,0.146666666666667,0.173333333333333,0.0933333333333333,0.0666666666666667,0.0766666666666667,0.05,0.0433333333333333,0.03,0.123333333333333
182,115.540899972082,120.009225079163,118.421332880563,125.648764084402,NA,0,0,0,0,NA,0,8.48404216766357,15.0581288496653,0.132014433542887,0.135569965839386,NA,0.826666666666667,NA,0.143333333333333,0.146666666666667,0.126666666666667,0.106666666666667,0.1,0.0633333333333333,0.04,0.0433333333333333,0.04,0.19
183,118.696609705912,119.544556585329,119.486561823128,128.991026422954,NA,0,0,0,0,NA,0,13.0114450454712,16.9657831033071,0.127654230594635,0.136827985445658,NA,0.856666666666667,NA,0.216666666666667,0.16,0.103333333333333,0.09,0.0633333333333333,0.08,0.05,0.0533333333333333,0.04,0.143333333333333
184,117.670148021404,117.03222222805,117.70505435148,127.448719003057,NA,0,0,0,0,NA,0,8.59133243560791,11.932201119264,0.136567421754201,0.137785724798838,NA,0.913333333333333,NA,0.17,0.183333333333333,0.133333333333333,0.11,0.07,0.0733333333333333,0.0733333333333333,0.04,0.0366666666666667,0.11
185,116.742702771144,123.136271877647,120.095887083037,128.667331133363,NA,0,0,0,0,NA,0,7.80268239974976,12.6817107637723,0.140274667739868,0.132065145174662,NA,0.876666666666667,NA,0.19,0.17,0.116666666666667,0.103333333333333,0.0666666666666667,0.0966666666666667,0.0633333333333333,0.0466666666666667,0.03,0.116666666666667
186,114.188739753516,119.328236238139,120.784945731233,128.452312690821,NA,0,0,0,0,NA,0,7.96502709388733,11.2417054414749,0.131805499394735,0.12678834994634,NA,0.87,NA,0.17,0.183333333333333,0.0733333333333333,0.0933333333333333,0.08,0.11,0.0433333333333333,0.0533333333333333,0.0333333333333333,0.16
187,115.102693206401,119.342941416265,115.29296708833,122.950118928562,NA,0,0,0,0,NA,0,8.63445329666138,12.9516747355461,0.137551053365072,0.136733937263489,NA,0.876666666666667,NA,0.22,0.126666666666667,0.123333333333333,0.12,0.0933333333333333,0.0466666666666667,0.0566666666666667,0.0366666666666667,0.0333333333333333,0.143333333333333
188,118.434659669279,125.098461244398,119.208527196779,128.079793619465,NA,0,0,0,0,NA,0,8.25648951530457,10.0896983544032,0.12837032477061,0.133294753233592,NA,0.88,NA,0.19,0.183333333333333,0.09,0.0933333333333333,0.1,0.1,0.04,0.0566666666666667,0.0233333333333333,0.123333333333333
189,119.473388945157,116.296682185196,122.693166730087,131.036400290788,NA,0,0,0,0,NA,0,8.27053165435791,13.8933529734612,0.138933591047923,0.134890369574229,NA,0.85,NA,0.156666666666667,0.133333333333333,0.13,0.116666666666667,0.06,0.0766666666666667,0.0766666666666667,0.05,0.02,0.18
190,116.541258735316,121.832188924238,119.090571319652,126.663314868044,NA,0,0,0,0,NA,0,8.48654675483704,12.1829897006353,0.133919990062714,0.133017516136169,NA,0.873333333333333,NA,0.22,0.156666666666667,0.106666666666667,0.1,0.0766666666666667,0.0633333333333333,0.0566666666666667,0.0533333333333333,0.0266666666666667,0.14
191,110.731884441328,117.048995712198,119.420402182283,126.13295321076,NA,0,0,0,0,NA,0,8.0793468952179,10.4066979646683,0.133153629302979,0.134190050760905,NA,0.85,NA,0.173333333333333,0.15,0.123333333333333,0.14,0.0533333333333333,0.08,0.08,0.0466666666666667,0.03,0.123333333333333
192,117.870880328314,115.190208965396,121.819647098141,127.140615199269,NA,0,0,0,0,NA,0,8.30681085586548,13.7076914787292,0.134131860733032,0.146367724736532,NA,0.843333333333333,NA,0.18,0.17,0.1,0.0766666666666667,0.1,0.0766666666666667,0.07,0.0333333333333333,0.0266666666666667,0.166666666666667
193,115.15802181989,121.307699916793,118.122300425763,127.835351151858,NA,0,0,0,0,NA,0,8.17602705955505,11.3497030258179,0.126893210411072,0.133042939503988,NA,0.843333333333333,NA,0.193333333333333,0.136666666666667,0.12,0.11,0.0566666666666667,0.0866666666666667,0.03,0.0433333333333333,0.04,0.183333333333333
194,117.749249085349,115.788966831894,115.182764634254,123.809261552086,NA,0,0,0,0,NA,0,8.07089900970459,12.1413466970126,0.140007543563843,0.144725461800893,NA,0.873333333333333,NA,0.21,0.143333333333333,0.11,0.14,0.0833333333333333,0.0533333333333333,0.0566666666666667,0.0466666666666667,0.02,0.136666666666667
195,113.958238202411,120.370928122709,117.727325275622,123.611234546023,NA,0,0,0,0,NA,0,8.00276327133179,12.9329870303472,0.13383066256841,0.135945872465769,NA,0.883333333333333,NA,0.196666666666667,0.13,0.116666666666667,0.0866666666666667,0.116666666666667,0.07,0.0633333333333333,0.05,0.0433333333333333,0.126666666666667
196,115.357397623827,122.306349487922,114.212345284138,127.137244710376,NA,0,0,0,0,NA,0,7.93101215362549,9.59805576006571,0.126831471920013,0.124467380841573,NA,0.856666666666667,NA,0.226666666666667,0.14,0.116666666666667,0.0933333333333333,0.0666666666666667,0.0966666666666667,0.0466666666666667,0.03,0.0333333333333333,0.15
197,117.789041088012,122.767585299396,123.469313132901,127.54960252339,NA,0,0,0,0,NA,0,8.80319714546204,13.0496809601784,0.129081662495931,0.130095974604289,NA,0.866666666666667,NA,0.21,0.156666666666667,0.123333333333333,0.0966666666666667,0.0733333333333333,0.0633333333333333,0.0533333333333333,0.02,0.06,0.143333333333333
198,117.790117332394,120.883398249244,116.33738788773,121.926136645479,NA,0,0,0,0,NA,0,8.06937432289124,11.077277302742,0.125582309563955,0.13171960512797,NA,0.873333333333333,NA,0.186666666666667,0.11,0.126666666666667,0.0966666666666667,0.0966666666666667,0.0833333333333333,0.0566666666666667,0.0433333333333333,0.0633333333333333,0.136666666666667
199,117.074229802277,114.714640150901,116.663202865373,122.928413069425,NA,0,0,0,0,NA,0,8.58521962165833,14.4864838123322,0.136195890108744,0.136220093568166,NA,0.89,NA,0.176666666666667,0.12,0.153333333333333,0.07,0.07,0.0833333333333333,0.0466666666666667,0.0633333333333333,0.0533333333333333,0.163333333333333
200,117.428273751401,124.506403192728,119.659324319639,126.948655845688,NA,0,0,0,0,NA,0,8.09951615333557,13.146586783727,0.140212472279867,0.14353133837382,NA,0.86,NA,0.183333333333333,0.146666666666667,0.12,0.0966666666666667,0.0766666666666667,0.0766666666666667,0.0466666666666667,0.04,0.0566666666666667,0.156666666666667
