"no","observed","IHsurvrf","trt1","trt0","trueopt","avg.prop.match.opt.obs","avg.prop.match.opt.IHsurvrf","avg.prop.match.opt.trt1","avg.prop.match.opt.trt0","avg.prop.match.opt.trueopt","change.integral","time.obs","time.IHsurvrf","time.trt1","time.trt0","time.trueopt","proportion.censor","num.convergence.it","n_1","n_2","n_3","n_4","n_5","n_6","n_7","n_8","n_9","n_10"
201,477.241738586193,487.41952726799,497.022747423807,516.347383775742,NA,0,0,0,0,NA,0,30.9487550258636,484.298184851805,0.457306639353434,0.462279574076335,NA,0.292,NA,0.014,0.018,0.016,0.038,0.028,0.024,0.032,0.058,0.042,0.73
202,474.633395296075,491.670011188735,485.753768862916,502.730008808335,NA,0,0,0,0,NA,0,30.9519114494324,476.262267529964,0.552831260363261,0.547718103726705,NA,0.284,NA,0.02,0.016,0.022,0.032,0.03,0.04,0.05,0.046,0.034,0.71
203,472.686311904427,499.442778239919,490.112837264484,512.150383395907,NA,0,0,0,0,NA,0,31.0825409889221,486.522606507937,0.545349117120107,0.533348007996877,NA,0.244,NA,0.014,0.014,0.014,0.026,0.046,0.052,0.032,0.042,0.044,0.716
204,484.72560983609,494.456705908881,489.370727397257,514.894249248949,NA,0,0,0,0,NA,0,18.1806528568268,298.482187819481,0.26810341278712,0.270060813426971,NA,0.278,NA,0.02,0.022,0.016,0.032,0.036,0.038,0.044,0.052,0.046,0.694
206,468.236519526412,485.199760442599,486.518729521373,508.569081257576,NA,0,0,0,0,NA,0,31.020795583725,484.945377687613,0.487153005599976,0.498418847719828,NA,0.254,NA,0.03,0.02,0.014,0.016,0.036,0.052,0.048,0.03,0.016,0.738
207,478.398022587648,498.307220971542,492.418806081301,509.818658123628,NA,0,0,0,0,NA,0,31.0195865631104,472.767783161004,0.586303925514221,0.574320634206136,NA,0.266,NA,0.022,0.03,0.024,0.028,0.034,0.042,0.056,0.03,0.04,0.694
208,477.21195802956,489.932099996994,491.018494626988,503.143679875697,NA,0,0,0,0,NA,0,30.7703757286072,479.199918997288,0.463363718986511,0.450491627057393,NA,0.272,NA,0.02,0.018,0.01,0.032,0.026,0.044,0.032,0.04,0.024,0.754
209,474.720278513907,497.0933122518,495.697809957449,507.911530922617,NA,0,0,0,0,NA,0,36.4303789138794,457.803433159987,0.257218134403229,0.266017842292786,NA,0.328,NA,0.018,0.012,0.016,0.026,0.054,0.04,0.064,0.04,0.034,0.696
210,470.401103586612,518.082418346962,486.024308148744,513.118204461393,NA,0,0,0,0,NA,0,34.9321508407593,474.256829500198,0.530342710018158,0.539299503962199,NA,0.274,NA,0.016,0.01,0.02,0.026,0.04,0.042,0.058,0.06,0.044,0.684
211,476.877453093284,498.078189116215,490.61325648588,511.87703090177,NA,0,0,0,0,NA,0,18.0596868991852,302.812307171027,0.272461628913879,0.268439288934072,NA,0.29,NA,0.022,0.014,0.02,0.028,0.046,0.05,0.038,0.036,0.054,0.692
213,474.652786663172,492.864593470288,490.323989471415,512.206672833417,NA,0,0,0,0,NA,0,32.7789800167084,483.151834332943,0.492260714371999,0.471445973714193,NA,0.27,NA,0.01,0.016,0.02,0.028,0.032,0.04,0.036,0.044,0.052,0.722
214,472.412351155627,500.31194466789,487.675892617246,510.724563206935,NA,0,0,0,0,NA,0,38.7118685245514,468.188246524334,0.280056774616241,0.275951365629832,NA,0.262,NA,0.018,0.026,0.012,0.034,0.04,0.036,0.036,0.032,0.036,0.73
215,480.843769582146,496.064727442517,485.834354762769,516.628233761799,NA,0,0,0,0,NA,0,30.0287594795227,465.196696833769,0.442717524369558,0.440415501594543,NA,0.256,NA,0.02,0.02,0.028,0.024,0.04,0.016,0.04,0.028,0.034,0.75
216,475.718695642555,482.752073814804,483.926886431043,507.786591048172,NA,0,0,0,0,NA,0,17.3881297111511,383.936632863681,0.466538548469543,0.460832893848419,NA,0.268,NA,0.02,0.02,0.016,0.046,0.034,0.042,0.036,0.042,0.032,0.712
217,475.525447494987,495.235076333932,488.331148859765,511.907107529216,NA,0,0,0,0,NA,0,36.0076711177826,456.388901817799,0.512871400515238,0.516133181254069,NA,0.278,NA,0.026,0.022,0.018,0.04,0.038,0.04,0.046,0.036,0.066,0.668
218,477.15738991868,510.278949593688,490.05351907697,512.115954447872,NA,0,0,0,0,NA,0,18.1727335453033,299.548589038849,0.262267855803172,0.259753533204397,NA,0.282,NA,0.012,0.01,0.016,0.026,0.046,0.04,0.038,0.034,0.042,0.736
220,480.925454941759,485.924363413903,484.623483237441,503.904262257552,NA,0,0,0,0,NA,0,30.3310523033142,469.781392701467,0.471510767936707,0.464063779513041,NA,0.244,NA,0.012,0.022,0.022,0.026,0.034,0.04,0.048,0.03,0.028,0.738
221,477.681619035102,480.255115384285,489.834558852642,512.484785468098,NA,0,0,0,0,NA,0,18.2621729373932,298.228868452708,0.274212793509165,0.274882610638936,NA,0.278,NA,0.024,0.012,0.012,0.036,0.032,0.042,0.05,0.032,0.038,0.722
222,479.23640028838,500.932790035403,495.113682603524,515.411153385566,NA,0,0,0,0,NA,0,29.0150465965271,447.57533167998,0.424894559383392,0.430206024646759,NA,0.27,NA,0.022,0.03,0.024,0.026,0.04,0.032,0.026,0.032,0.04,0.728
223,474.141605561746,490.119484741265,486.66670611935,512.610771714982,NA,0,0,0,0,NA,0,29.7966079711914,449.398341671626,0.420680956045787,0.424129756291707,NA,0.294,NA,0.02,0.022,0.018,0.036,0.034,0.042,0.038,0.058,0.036,0.696
224,475.980944403357,508.166832767754,482.902007688804,510.605105211308,NA,0,0,0,0,NA,0,33.7786602973938,439.173679812749,0.526596800486247,0.50631750424703,NA,0.284,NA,0.022,0.024,0.02,0.03,0.068,0.04,0.042,0.04,0.042,0.672
225,480.14651937415,481.828424171112,488.082231011567,517.59183998581,NA,0,0,0,0,NA,0,17.1436333656311,343.404499304295,0.268703838189443,0.268862859408061,NA,0.262,NA,0.016,0.014,0.016,0.03,0.028,0.032,0.056,0.054,0.034,0.72
227,472.701645982539,486.146328678485,487.390271011066,508.598133244001,NA,0,0,0,0,NA,0,30.024472951889,423.018549064795,0.252594439188639,0.254062215487162,NA,0.268,NA,0.036,0.012,0.02,0.022,0.04,0.044,0.038,0.048,0.028,0.712
228,473.481791779217,505.358611386503,486.031078912916,513.78181524446,NA,0,0,0,0,NA,0,18.1262865066528,288.566637909412,0.283079528808594,0.278236508369446,NA,0.276,NA,0.008,0.03,0.01,0.032,0.04,0.038,0.034,0.06,0.05,0.698
229,480.305257066081,497.209690745839,490.400443692402,510.344806212154,NA,0,0,0,0,NA,0,28.7393107414246,369.689462121328,0.263098867734273,0.257808641592662,NA,0.27,NA,0.022,0.01,0.018,0.022,0.042,0.028,0.042,0.034,0.026,0.756
230,471.800297611833,509.589115796518,493.633108042718,520.390230011709,NA,0,0,0,0,NA,0,28.2162237167358,298.059813137849,0.258839631080627,0.25499963760376,NA,0.302,NA,0.018,0.01,0.026,0.028,0.044,0.038,0.038,0.036,0.034,0.728
231,475.565986901722,472.837374076296,490.809998203447,517.994662486365,NA,0,0,0,0,NA,0,33.1201190948486,374.730090304216,0.258801066875458,0.262239344914754,NA,0.268,NA,0.022,0.022,0.016,0.022,0.04,0.034,0.048,0.034,0.034,0.728
232,480.17549371711,512.154858986678,484.934871249457,507.779813316938,NA,0,0,0,0,NA,0,17.9235713481903,290.135389550527,0.280396433671316,0.282037683327993,NA,0.338,NA,0.006,0.014,0.014,0.038,0.034,0.046,0.05,0.036,0.046,0.716
234,475.448356533151,501.549728152382,492.395710525465,511.886436815087,NA,0,0,0,0,NA,0,16.9382843971252,271.785734307766,0.266152743498484,0.262321448326111,NA,0.266,NA,0.012,0.012,0.024,0.032,0.022,0.06,0.04,0.036,0.034,0.728
235,477.612975157914,525.498258884534,496.233022112294,512.482217296446,NA,0,0,0,0,NA,0,17.7635679244995,281.644939168294,0.267963925997416,0.27325013478597,NA,0.284,NA,0.018,0.02,0.024,0.03,0.048,0.046,0.042,0.03,0.04,0.702
236,477.415192064363,517.504888720669,490.349233224061,511.657612450372,NA,0,0,0,0,NA,0,16.537807226181,270.369743601481,0.254026186466217,0.259246317545573,NA,0.24,NA,0.024,0.01,0.024,0.032,0.034,0.044,0.038,0.04,0.044,0.71
237,481.375897220433,477.834996273314,491.41173696817,511.497927989369,NA,0,0,0,0,NA,0,16.1512823104858,281.411833063761,0.258924988905589,0.252401359875997,NA,0.292,NA,0.01,0.012,0.008,0.032,0.026,0.042,0.032,0.028,0.044,0.766
238,478.991517971606,495.057795944868,493.081660176544,516.395440965523,NA,0,0,0,0,NA,0,17.1089129447937,274.724446189404,0.256792918841044,0.258223108450572,NA,0.28,NA,0.026,0.01,0.026,0.032,0.052,0.034,0.032,0.034,0.048,0.706
239,475.789106457665,508.27817509609,484.779036974572,514.464874677089,NA,0,0,0,0,NA,0,18.415435552597,286.271394030253,0.253834497928619,0.252974653244019,NA,0.28,NA,0.01,0.02,0.018,0.032,0.034,0.038,0.036,0.048,0.026,0.738
241,477.0420138251,489.106722431896,491.568366146166,510.342862411613,NA,0,0,0,0,NA,0,16.8852136135101,284.19848104318,0.258272182941437,0.253850702444712,NA,0.302,NA,0.01,0.018,0.012,0.028,0.042,0.034,0.024,0.04,0.04,0.752
242,469.869367527803,490.29868269503,488.523383077625,511.167832648361,NA,0,0,0,0,NA,0,17.7002201080322,288.360830664635,0.256213307380676,0.252777230739594,NA,0.262,NA,0.016,0.008,0.014,0.034,0.03,0.03,0.038,0.062,0.034,0.734
243,477.86059203479,498.972821469883,489.113180969601,508.561489270895,NA,0,0,0,0,NA,0,16.7252309322357,254.118380387624,0.24928594827652,0.256618885199229,NA,0.298,NA,0.02,0.02,0.026,0.04,0.032,0.038,0.034,0.046,0.042,0.702
244,478.811859803515,494.548053411352,489.449119628631,506.807816825993,NA,0,0,0,0,NA,0,16.1946206092834,260.064548842112,0.25726143916448,0.25282678604126,NA,0.272,NA,0.012,0.022,0.016,0.038,0.038,0.04,0.04,0.034,0.026,0.734
