"no","observed","IHsurvrf","trt1","trt0","trueopt","avg.prop.match.opt.obs","avg.prop.match.opt.IHsurvrf","avg.prop.match.opt.trt1","avg.prop.match.opt.trt0","avg.prop.match.opt.trueopt","change.integral","time.obs","time.IHsurvrf","time.trt1","time.trt0","time.trueopt","proportion.censor","num.convergence.it","n_1","n_2","n_3","n_4","n_5","n_6","n_7","n_8","n_9","n_10"
1,296.182668733774,291.659701070984,290.58494986565,279.15442766129,NA,0,0,0,0,NA,0,14.4440593719482,28.2945772886276,0.221817946434021,0.215814638137817,NA,0.488,NA,0.074,0.06,0.066,0.056,0.052,0.04,0.044,0.034,0.042,0.532
2,297.268602322773,293.814181689772,293.622483872853,281.811443642195,NA,0,0,0,0,NA,0,14.4952878952026,29.6783783396085,0.219472670555115,0.214581696192424,NA,0.448,NA,0.08,0.06,0.048,0.04,0.054,0.062,0.034,0.038,0.042,0.542
3,293.708772184023,288.249959566371,293.790141808247,278.682530212952,NA,0,0,0,0,NA,0,13.9664444923401,23.0487613081932,0.218934615453084,0.218360102176666,NA,0.44,NA,0.072,0.068,0.046,0.072,0.06,0.052,0.034,0.046,0.042,0.508
4,294.761209581075,286.606845985766,291.927230688784,280.609273938833,NA,0,0,0,0,NA,0,13.6710102558136,27.8924342354139,0.208347535133362,0.197737149397532,NA,0.476,NA,0.066,0.048,0.068,0.052,0.048,0.044,0.048,0.04,0.04,0.546
5,295.288506449454,293.788754825577,296.05154983234,286.221943369365,NA,0,0,0,0,NA,0,13.8140037059784,31.4896387179693,0.212997158368429,0.205209898948669,NA,0.446,NA,0.07,0.064,0.038,0.054,0.05,0.046,0.056,0.042,0.044,0.536
6,295.879822119298,294.917275798736,293.392870892323,282.530584310147,NA,0,0,0,0,NA,0,13.6426382064819,31.1077828884125,0.214356279373169,0.204635107517242,NA,0.48,NA,0.062,0.058,0.054,0.046,0.052,0.038,0.034,0.046,0.04,0.57
7,294.292669602949,289.554659125434,291.26211075485,282.025296076563,NA,0,0,0,0,NA,0,14.0154898166656,27.6839707255363,0.206596752007802,0.213110268115997,NA,0.446,NA,0.074,0.056,0.056,0.046,0.058,0.046,0.062,0.034,0.036,0.532
8,292.037736639023,290.827831263851,291.219606576232,280.240920054567,NA,0,0,0,0,NA,0,13.5931341648102,29.5206703186035,0.209652702013652,0.206006117661794,NA,0.454,NA,0.066,0.072,0.05,0.062,0.052,0.038,0.042,0.034,0.052,0.532
9,294.752673208971,293.581594076614,292.534285876841,282.387399531593,NA,0,0,0,0,NA,0,13.5169978141785,29.0896886905034,0.209938716888428,0.204543606440226,NA,0.436,NA,0.042,0.062,0.07,0.052,0.054,0.052,0.042,0.05,0.028,0.548
10,293.848682883132,293.774610584911,290.543655613292,282.676441102004,NA,0,0,0,0,NA,0,13.5448875427246,27.8176825642586,0.195431677500407,0.190742786725362,NA,0.444,NA,0.068,0.054,0.056,0.064,0.048,0.05,0.038,0.052,0.044,0.526
11,294.282059968484,291.225650643716,292.382284907956,282.162690926463,NA,0,0,0,0,NA,0,12.654036283493,29.2530138850212,0.210790042082469,0.20913569132487,NA,0.454,NA,0.046,0.066,0.05,0.058,0.056,0.058,0.056,0.044,0.046,0.52
12,294.433932878659,294.35573806967,290.917325031564,279.674398421798,NA,0,0,0,0,NA,0,13.0679206848145,30.3865577419599,0.207653999328613,0.208379240830739,NA,0.454,NA,0.06,0.05,0.05,0.07,0.048,0.028,0.038,0.042,0.044,0.57
13,296.29787376396,291.120667835628,290.194892552198,278.537615768622,NA,0,0,0,0,NA,0,12.6596558094025,28.1836879173915,0.207803944746653,0.211073482036591,NA,0.454,NA,0.06,0.082,0.042,0.062,0.05,0.036,0.044,0.048,0.044,0.532
14,295.136897722998,289.115356176365,292.309901582329,281.353082497688,NA,0,0,0,0,NA,0,13.6088926792145,29.0348559617996,0.203091514110565,0.196204745769501,NA,0.51,NA,0.07,0.05,0.058,0.046,0.04,0.044,0.064,0.03,0.03,0.568
15,293.543940506817,292.272123570402,293.676934471095,285.359208198646,NA,0,0,0,0,NA,0,13.0959477424622,28.5006510694822,0.197819681962331,0.193440600236257,NA,0.464,NA,0.08,0.064,0.058,0.062,0.064,0.044,0.054,0.04,0.04,0.494
16,291.642268103838,290.15091088332,292.175264472905,278.275609386731,NA,0,0,0,0,NA,0,12.5679404735565,31.3102302233378,0.208966223398844,0.204021902879079,NA,0.452,NA,0.06,0.058,0.06,0.05,0.066,0.046,0.034,0.04,0.05,0.536
17,298.671328706746,291.280810119677,290.591351087599,278.07796157613,NA,0,0,0,0,NA,0,13.4492177963257,28.2151554226875,0.209832000732422,0.205956848462423,NA,0.502,NA,0.046,0.064,0.052,0.074,0.054,0.052,0.058,0.038,0.048,0.514
18,291.581481806864,298.754251547089,294.232486596488,285.124822746513,NA,0,0,0,0,NA,0,13.591625213623,29.9903246482213,0.212023643652598,0.20503396987915,NA,0.446,NA,0.076,0.064,0.052,0.056,0.064,0.032,0.04,0.046,0.038,0.532
19,296.546234675914,294.872744417839,293.125831325187,284.723894415298,NA,0,0,0,0,NA,0,13.4202706813812,29.9901640017827,0.195026119550069,0.190532775719961,NA,0.5,NA,0.06,0.058,0.04,0.08,0.036,0.064,0.038,0.05,0.04,0.534
20,293.849174467666,294.938745226461,293.545199347408,283.277168376781,NA,0,0,0,0,NA,0,12.6650648117065,28.0955397248268,0.2048583984375,0.207998526096344,NA,0.436,NA,0.038,0.058,0.062,0.064,0.046,0.064,0.042,0.058,0.044,0.524
21,293.36514038617,290.555728642625,295.15933659651,281.004253363235,NA,0,0,0,0,NA,0,13.1902716159821,27.8629274924596,0.191191291809082,0.196736141045888,NA,0.45,NA,0.042,0.05,0.06,0.066,0.056,0.062,0.054,0.042,0.04,0.528
22,297.111485383909,292.764662880735,289.421163455586,281.505724720437,NA,0,0,0,0,NA,0,12.775598526001,27.4096562107404,0.207534201939901,0.205223139127096,NA,0.47,NA,0.054,0.068,0.06,0.058,0.052,0.042,0.044,0.038,0.034,0.55
23,295.147812898368,288.940595506423,292.053486602296,282.279460739539,NA,0,0,0,0,NA,0,13.3373165130615,25.0111474672953,0.193949460983276,0.196054331461589,NA,0.448,NA,0.05,0.064,0.068,0.048,0.042,0.036,0.04,0.06,0.038,0.554
24,296.579080925397,294.069388098509,295.329531369455,283.496022099552,NA,0,0,0,0,NA,0,12.3907549381256,27.2131764411926,0.206317472457886,0.206450855731964,NA,0.472,NA,0.058,0.05,0.056,0.056,0.06,0.05,0.04,0.04,0.058,0.532
25,292.265324859846,291.927304529638,290.054955216876,279.478449638934,NA,0,0,0,0,NA,0,13.0019745826721,26.2269290526708,0.192792272567749,0.196089156468709,NA,0.47,NA,0.056,0.054,0.062,0.056,0.042,0.026,0.044,0.038,0.05,0.572
26,293.395831815474,292.304441140905,293.127249954546,283.446929378691,NA,0,0,0,0,NA,0,12.4369323253632,22.951066394647,0.197561645507812,0.191981653372447,NA,0.412,NA,0.062,0.058,0.068,0.072,0.042,0.048,0.034,0.038,0.038,0.54
27,294.61291816703,292.142764119224,293.737489951035,281.70163491417,NA,0,0,0,0,NA,0,12.8463592529297,29.3847449024518,0.241291201114655,0.235285977522532,NA,0.458,NA,0.066,0.062,0.046,0.05,0.058,0.028,0.042,0.042,0.052,0.554
28,295.04944076482,289.978815711665,294.076571971634,281.681190926385,NA,0,0,0,0,NA,0,14.8789196014404,34.7179168820381,0.234676873683929,0.233472081025441,NA,0.466,NA,0.06,0.048,0.066,0.062,0.05,0.058,0.038,0.048,0.054,0.516
29,294.942476481827,291.632433657405,290.636366476448,281.285212072038,NA,0,0,0,0,NA,0,14.8827998638153,35.1904579401016,0.235448483626048,0.238385172684987,NA,0.43,NA,0.09,0.042,0.044,0.074,0.058,0.032,0.04,0.05,0.03,0.54
30,296.699062020365,286.321001037676,290.088108660735,278.047322853051,NA,0,0,0,0,NA,0,15.4147639274597,33.8978516260783,0.254310556252797,0.250635075569153,NA,0.452,NA,0.056,0.066,0.074,0.064,0.058,0.044,0.04,0.036,0.036,0.526
31,298.61878421355,292.916871811263,291.318122904344,281.027389481828,NA,0,0,0,0,NA,0,16.2742874622345,35.1680182139079,0.232903091112773,0.225114893913269,NA,0.482,NA,0.064,0.054,0.048,0.044,0.044,0.046,0.066,0.036,0.036,0.562
32,295.30472488511,292.520187551655,292.988449891012,285.360538392332,NA,0,0,0,0,NA,0,15.100665807724,32.8125510176023,0.227474749088287,0.221969477335612,NA,0.478,NA,0.034,0.068,0.046,0.066,0.062,0.058,0.06,0.05,0.046,0.51
33,293.756344142708,293.005356261528,294.438585797785,281.867185125097,NA,0,0,0,0,NA,0,14.5669894218445,31.9583974758784,0.217265820503235,0.220002861817678,NA,0.458,NA,0.066,0.08,0.056,0.064,0.06,0.056,0.046,0.052,0.046,0.474
34,297.130218529344,296.330651522096,291.967868535189,283.328523639077,NA,0,0,0,0,NA,0,14.2478535175323,30.7333720525106,0.219088951746623,0.216814875602722,NA,0.476,NA,0.062,0.052,0.044,0.05,0.06,0.06,0.038,0.04,0.032,0.562
35,291.206614555983,290.022097008851,290.630597528707,280.151412527216,NA,0,0,0,0,NA,0,14.6832716464996,29.0101469397545,0.226187578837077,0.213670138518016,NA,0.484,NA,0.054,0.062,0.052,0.052,0.05,0.024,0.052,0.052,0.022,0.58
36,297.850455040005,297.424347227256,293.933616173174,287.183583727731,NA,0,0,0,0,NA,0,13.8935415744781,29.853554836909,0.215194769700368,0.215350457032522,NA,0.448,NA,0.056,0.06,0.046,0.062,0.068,0.042,0.048,0.048,0.042,0.528
37,294.101558177922,290.932117763207,289.001106671071,277.417020895739,NA,0,0,0,0,NA,0,14.6264154911041,28.4780904531479,0.222345701853434,0.216470340887705,NA,0.444,NA,0.068,0.052,0.048,0.066,0.06,0.042,0.044,0.05,0.05,0.52
38,292.828415371332,293.021289746753,291.83891486843,283.383148777028,NA,0,0,0,0,NA,0,14.7725005149841,30.6392384330432,0.231201620896657,0.228087906042735,NA,0.44,NA,0.076,0.07,0.048,0.05,0.046,0.05,0.04,0.038,0.034,0.548
39,293.89844208098,290.6638286112,293.661745405733,281.939609555613,NA,0,0,0,0,NA,0,14.2579638957977,33.5114572962125,0.227110143502553,0.228663901487986,NA,0.454,NA,0.062,0.06,0.06,0.044,0.064,0.05,0.042,0.058,0.04,0.52
40,294.883431712183,291.742037627136,293.344416650087,280.230059100715,NA,0,0,0,0,NA,0,15.0154769420624,28.9773922761281,0.231703285376231,0.225706660747528,NA,0.46,NA,0.076,0.08,0.05,0.046,0.044,0.072,0.026,0.04,0.028,0.538
41,295.916648808947,293.507621787684,293.194764550966,282.911432477366,NA,0,0,0,0,NA,0,15.2972631454468,29.9209212621053,0.227018320560455,0.230043224493663,NA,0.47,NA,0.066,0.056,0.052,0.054,0.058,0.05,0.04,0.06,0.044,0.52
42,298.598780456318,291.636470145359,292.056491035404,280.327174575138,NA,0,0,0,0,NA,0,14.8790047168732,32.1527724862099,0.225118982791901,0.250219698746999,NA,0.458,NA,0.052,0.046,0.064,0.048,0.068,0.064,0.052,0.034,0.046,0.526
43,293.019604059291,291.85406368986,292.389945629856,282.66373260786,NA,0,0,0,0,NA,0,15.004566192627,32.8486128330231,0.236871512730916,0.235149149099986,NA,0.492,NA,0.062,0.07,0.048,0.054,0.052,0.042,0.034,0.038,0.042,0.558
44,295.621523946485,294.128042612345,292.43260087033,280.376641418759,NA,0,0,0,0,NA,0,15.032160282135,31.3485411922137,0.23274359703064,0.226223492622375,NA,0.43,NA,0.076,0.052,0.056,0.044,0.052,0.05,0.064,0.032,0.05,0.524
45,296.859050148697,293.16708456264,292.886483920882,282.707665015883,NA,0,0,0,0,NA,0,15.1190052032471,29.926669049263,0.225280491511027,0.221614444255829,NA,0.42,NA,0.08,0.074,0.08,0.074,0.056,0.048,0.03,0.03,0.028,0.5
46,294.636742797124,293.836138277592,292.066269235529,281.662300609895,NA,0,0,0,0,NA,0,14.8380665779114,31.7757861375809,0.235814464092255,0.230027059713999,NA,0.458,NA,0.068,0.054,0.052,0.056,0.05,0.056,0.042,0.04,0.05,0.532
47,298.859902179855,290.552108260395,291.749118090822,283.985242958975,NA,0,0,0,0,NA,0,14.9558122158051,31.5310863931974,0.239558037122091,0.241001391410828,NA,0.446,NA,0.054,0.062,0.056,0.052,0.048,0.044,0.064,0.044,0.042,0.534
48,293.081119343394,288.550803473459,291.377212989879,282.227584078212,NA,0,0,0,0,NA,0,14.7276539802551,30.5192907452583,0.225299104054769,0.22367521127065,NA,0.458,NA,0.074,0.056,0.05,0.064,0.062,0.038,0.038,0.04,0.046,0.532
49,295.38077014988,299.927948026626,295.834640608316,283.358408570607,NA,0,0,0,0,NA,0,14.7500598430634,33.2082685669263,0.227494351069132,0.23449254433314,NA,0.484,NA,0.066,0.064,0.062,0.048,0.044,0.046,0.034,0.044,0.042,0.55
50,295.420978092352,291.944541126358,292.741207988441,281.253885320505,NA,0,0,0,0,NA,0,14.7780547142029,33.9336002548536,0.228951442241669,0.226080532868703,NA,0.484,NA,0.072,0.068,0.068,0.068,0.046,0.056,0.032,0.03,0.048,0.512
51,294.986363779841,288.771627009323,291.356105601778,280.382279627401,NA,0,0,0,0,NA,0,14.6588065624237,31.3989086747169,0.21996898651123,0.225881552696228,NA,0.474,NA,0.066,0.08,0.068,0.044,0.054,0.054,0.046,0.046,0.036,0.506
52,290.985577667301,293.463934718902,292.057058668168,280.638648868716,NA,0,0,0,0,NA,0,15.0575823783875,33.8678155223529,0.232117001215617,0.220575976371765,NA,0.478,NA,0.07,0.048,0.036,0.068,0.052,0.062,0.048,0.04,0.052,0.524
53,296.072531074331,298.500990504326,295.034244259743,285.153243673752,NA,0,0,0,0,NA,0,14.4370408058167,30.4434909423192,0.216906905174255,0.212677562236786,NA,0.474,NA,0.07,0.042,0.054,0.062,0.056,0.042,0.04,0.05,0.048,0.536
54,294.445865995853,292.61856195022,290.035542749711,280.04137556535,NA,0,0,0,0,NA,0,14.1078808307648,30.089765671889,0.231683703263601,0.229215335845947,NA,0.462,NA,0.058,0.056,0.076,0.056,0.042,0.04,0.046,0.048,0.042,0.536
55,298.150968192891,290.893140315387,291.746220926772,280.328488416571,NA,0,0,0,0,NA,0,15.456375837326,35.3868298331896,0.249033713340759,0.248426640033722,NA,0.446,NA,0.076,0.064,0.052,0.048,0.048,0.056,0.062,0.054,0.048,0.492
56,295.858506706426,293.111729350681,293.207975752879,283.787400550074,NA,0,0,0,0,NA,0,15.4816131591797,37.4292963981628,0.2325452764829,0.23918008406957,NA,0.488,NA,0.062,0.054,0.052,0.046,0.032,0.048,0.056,0.05,0.036,0.564
57,295.155232104069,289.476168412945,291.906872050455,283.006051379257,NA,0,0,0,0,NA,0,15.1345479488373,26.5736753225327,0.179180765151978,0.176843611399333,NA,0.452,NA,0.066,0.066,0.05,0.056,0.046,0.058,0.044,0.034,0.05,0.53
58,295.155133809678,291.078827564518,293.231685911371,282.125571026734,NA,0,0,0,0,NA,0,11.5848882198334,23.1123241066933,0.181705621878306,0.180191898345947,NA,0.476,NA,0.058,0.062,0.068,0.05,0.048,0.038,0.04,0.064,0.028,0.544
59,293.201917223662,290.896846556798,291.64533833325,281.565683944613,NA,0,0,0,0,NA,0,11.3636968135834,24.0593526085218,0.178025929133097,0.175817628701528,NA,0.408,NA,0.052,0.06,0.076,0.06,0.05,0.036,0.03,0.06,0.042,0.534
60,295.564922021399,292.281601484739,290.493387609872,281.603857132138,NA,0,0,0,0,NA,0,11.5664875507355,25.6835889657338,0.230680767695109,0.236454006036123,NA,0.454,NA,0.082,0.07,0.074,0.068,0.046,0.062,0.044,0.042,0.046,0.466
61,293.952892945012,293.241693193979,291.781486568331,281.079260401769,NA,0,0,0,0,NA,0,14.7615795135498,32.3692815144857,0.221324988206228,0.220736952622732,NA,0.45,NA,0.068,0.05,0.05,0.054,0.046,0.048,0.064,0.06,0.032,0.528
62,294.458407390387,293.77299523044,295.768079628198,282.606636503069,NA,0,0,0,0,NA,0,14.0259232521057,32.3839505235354,0.237382209300995,0.232886258761088,NA,0.47,NA,0.068,0.068,0.048,0.052,0.04,0.038,0.046,0.062,0.046,0.532
63,291.122634914373,289.926245567344,290.404960317226,279.564665261131,NA,0,0,0,0,NA,0,15.1863372325897,32.1438512245814,0.234471515814463,0.23114629983902,NA,0.474,NA,0.064,0.064,0.048,0.068,0.044,0.042,0.052,0.056,0.054,0.508
64,292.099561309268,292.315034737411,292.716003114279,283.254876024089,NA,0,0,0,0,NA,0,15.2380430698395,30.8305130402247,0.237290255228678,0.229705226421356,NA,0.432,NA,0.078,0.066,0.042,0.074,0.064,0.048,0.05,0.028,0.066,0.484
65,296.17153883477,293.940502932478,292.922261995767,284.049582237339,NA,0,0,0,0,NA,0,15.545645236969,29.8128338416417,0.23524432182312,0.230877617994944,NA,0.504,NA,0.068,0.078,0.048,0.052,0.048,0.052,0.054,0.038,0.038,0.524
66,293.210192343322,290.70213936072,291.004506771057,280.080422768998,NA,0,0,0,0,NA,0,14.2053344249725,30.210886545976,0.232341289520264,0.228414118289948,NA,0.47,NA,0.07,0.07,0.06,0.06,0.054,0.048,0.068,0.046,0.034,0.49
67,294.510684305053,293.494591964979,293.600882133686,282.134908321796,NA,0,0,0,0,NA,0,14.899138212204,34.2770802140236,0.231768127282461,0.235446349779765,NA,0.462,NA,0.054,0.056,0.042,0.064,0.056,0.05,0.058,0.02,0.048,0.552
68,295.02285394569,294.946429504156,293.918193261456,282.433838340038,NA,0,0,0,0,NA,0,14.8957602977753,31.7376972556114,0.228829097747803,0.22628204425176,NA,0.456,NA,0.06,0.052,0.052,0.048,0.072,0.052,0.05,0.04,0.062,0.512
69,291.681096978879,294.287604206691,292.052450099613,282.641090791526,NA,0,0,0,0,NA,0,15.0001676082611,33.3931081136068,0.22970312833786,0.23453323841095,NA,0.452,NA,0.062,0.058,0.064,0.054,0.044,0.036,0.046,0.036,0.046,0.554
70,294.681589897777,284.281206113767,292.973563224302,280.357417809718,NA,0,0,0,0,NA,0,14.7607700824738,32.7197910189629,0.24157102505366,0.229011698563894,NA,0.416,NA,0.064,0.042,0.062,0.07,0.058,0.072,0.048,0.044,0.036,0.504
71,295.856679278981,291.979790470141,290.360110225336,280.165146939481,NA,0,0,0,0,NA,0,15.6395392417908,31.8509252349536,0.223181978861491,0.226899063587189,NA,0.452,NA,0.066,0.044,0.06,0.046,0.052,0.05,0.05,0.054,0.036,0.542
72,295.452166371343,297.509181041491,293.301169026351,279.690403459855,NA,0,0,0,0,NA,0,14.6638467311859,29.4634870966276,0.227927891413371,0.223868548870087,NA,0.44,NA,0.046,0.07,0.058,0.062,0.068,0.046,0.064,0.054,0.042,0.49
73,294.747919108124,292.812017834664,290.56279875065,279.614940538922,NA,0,0,0,0,NA,0,14.7393455505371,28.6580274502436,0.230487565199534,0.223454066117605,NA,0.434,NA,0.08,0.06,0.062,0.06,0.066,0.052,0.054,0.052,0.03,0.484
74,293.914737767944,289.960708528027,290.051668462011,278.557626518081,NA,0,0,0,0,NA,0,14.7791848182678,31.8318801681201,0.226386610666911,0.219014799594879,NA,0.47,NA,0.068,0.058,0.052,0.062,0.032,0.04,0.038,0.044,0.046,0.56
75,293.807885246229,286.035478915336,291.230105445587,282.760406855852,NA,0,0,0,0,NA,0,14.9359288215637,27.6198227683703,0.228667147954305,0.227806429068247,NA,0.462,NA,0.08,0.07,0.066,0.036,0.054,0.05,0.032,0.036,0.04,0.536
76,294.689669361631,287.942305170642,288.23766397311,280.600285218932,NA,0,0,0,0,NA,0,14.6239142417908,28.3608087499936,0.22327173948288,0.227739608287811,NA,0.486,NA,0.046,0.06,0.066,0.06,0.048,0.052,0.048,0.05,0.04,0.53
77,294.728861907175,292.196408617454,290.557633317911,280.731609351743,NA,0,0,0,0,NA,0,14.6658542156219,28.7557884017626,0.226285966237386,0.225336865584056,NA,0.46,NA,0.056,0.062,0.06,0.056,0.044,0.06,0.036,0.054,0.042,0.53
78,293.712879007733,297.76624158101,292.725080020439,282.015168364689,NA,0,0,0,0,NA,0,14.9977643489838,29.5103289842606,0.23240453004837,0.228269350528717,NA,0.458,NA,0.072,0.064,0.048,0.06,0.05,0.036,0.042,0.05,0.05,0.528
79,294.84808067975,294.261375229329,290.226312641411,279.682331805652,NA,0,0,0,0,NA,0,15.1082873344421,28.1402419805527,0.227272212505341,0.220719289779663,NA,0.47,NA,0.072,0.056,0.06,0.05,0.044,0.05,0.04,0.05,0.048,0.53
80,296.293394506883,289.326020160434,290.850556079047,278.81776839687,NA,0,0,0,0,NA,0,14.7047548294067,30.9152437210083,0.225128602981567,0.228481018543243,NA,0.494,NA,0.058,0.068,0.058,0.058,0.028,0.038,0.034,0.038,0.044,0.576
81,291.921808303188,292.804009878577,291.897940594972,281.321221648264,NA,0,0,0,0,NA,0,15.0967156887054,30.0692465186119,0.231840026378632,0.225689323743184,NA,0.48,NA,0.068,0.056,0.046,0.06,0.046,0.044,0.046,0.046,0.038,0.55
82,294.882934234458,294.325201928654,293.903698277251,283.117411503859,NA,0,0,0,0,NA,0,14.8243906497955,28.3438869396845,0.238448262214661,0.232371926307678,NA,0.46,NA,0.052,0.072,0.05,0.056,0.058,0.066,0.044,0.046,0.04,0.516
83,294.708571092437,294.482915207095,291.358362056409,280.072852686735,NA,0,0,0,0,NA,0,15.688933134079,31.3077052871386,0.222192370891571,0.21866397857666,NA,0.432,NA,0.066,0.058,0.058,0.058,0.052,0.052,0.058,0.054,0.038,0.506
84,295.535671113446,294.092981850263,296.234725213041,284.097508082662,NA,0,0,0,0,NA,0,15.3466157913208,31.6272929231326,0.227769529819489,0.232866247495015,NA,0.454,NA,0.05,0.052,0.072,0.05,0.06,0.034,0.044,0.048,0.038,0.552
85,291.639688369733,288.796243142263,291.17695942902,278.128605566968,NA,0,0,0,0,NA,0,14.4875974655151,31.1881198763847,0.235805555184682,0.231718758742015,NA,0.442,NA,0.076,0.078,0.064,0.04,0.046,0.07,0.058,0.048,0.032,0.488
86,294.837108859174,293.34769440609,293.282972301496,282.551685415725,NA,0,0,0,0,NA,0,15.1452407836914,33.6221211194992,0.220157972971598,0.215879317124685,NA,0.466,NA,0.07,0.064,0.046,0.048,0.054,0.05,0.028,0.04,0.046,0.554
87,294.131616309903,295.319629684849,293.134082986918,283.326179341609,NA,0,0,0,0,NA,0,13.2886147499084,29.9092770139376,0.232330588499705,0.230546287695567,NA,0.424,NA,0.06,0.064,0.064,0.048,0.05,0.05,0.046,0.048,0.04,0.53
88,294.188505517955,292.586504368815,290.291286112223,281.038743038782,NA,0,0,0,0,NA,0,15.5797085762024,32.6487944245338,0.232435552279154,0.226778415838877,NA,0.476,NA,0.056,0.066,0.048,0.06,0.038,0.066,0.038,0.042,0.046,0.54
89,293.466788346084,293.860369560918,292.319239091588,282.155731420351,NA,0,0,0,0,NA,0,14.8060772418976,33.8417654156685,0.243702717622121,0.238176620006561,NA,0.43,NA,0.064,0.044,0.056,0.06,0.042,0.048,0.062,0.044,0.038,0.542
90,294.562520634743,292.084129333902,294.872788235582,282.368756663749,NA,0,0,0,0,NA,0,15.2456948757172,32.1056067744891,0.236075329780579,0.248549501101176,NA,0.452,NA,0.058,0.076,0.064,0.052,0.056,0.036,0.048,0.05,0.038,0.522
91,292.517953376173,290.692418933753,290.461969750125,278.656011287396,NA,0,0,0,0,NA,0,14.8034200668335,30.0855590939522,0.243385775883993,0.248294099171956,NA,0.514,NA,0.074,0.062,0.046,0.056,0.048,0.046,0.046,0.046,0.05,0.526
92,291.41547264648,293.914524944643,294.066763192677,284.526107459855,NA,0,0,0,0,NA,0,16.0083501338959,34.0871272961299,0.250639124711355,0.248553971449534,NA,0.474,NA,0.06,0.05,0.056,0.06,0.056,0.048,0.032,0.042,0.064,0.532
93,294.287899248751,294.52429936429,295.23959790469,282.607743609592,NA,0,0,0,0,NA,0,15.4277927875519,30.3459135095278,0.25044401884079,0.240509510040283,NA,0.476,NA,0.068,0.06,0.048,0.046,0.048,0.06,0.04,0.048,0.054,0.528
94,296.504815488612,290.693208643449,291.083928666778,278.703190790411,NA,0,0,0,0,NA,0,16.1050708293915,34.599624979496,0.260694090525309,0.247063688437144,NA,0.472,NA,0.042,0.08,0.062,0.036,0.04,0.044,0.04,0.044,0.028,0.584
95,295.82348704717,292.970835140016,290.795367860114,280.673405665456,NA,0,0,0,0,NA,0,15.6030287742615,30.3367068688075,0.243191281954447,0.252083031336466,NA,0.478,NA,0.066,0.066,0.048,0.054,0.038,0.048,0.046,0.034,0.044,0.556
96,292.352783863015,292.147110057329,291.506594010211,281.499903789212,NA,0,0,0,0,NA,0,15.3639168739319,32.6687758564949,0.242725948492686,0.244845000902812,NA,0.454,NA,0.058,0.06,0.064,0.06,0.056,0.064,0.058,0.044,0.04,0.496
97,294.188734116687,291.693063918187,290.900116363733,281.045283534428,NA,0,0,0,0,NA,0,15.5120830535889,32.0377192695936,0.246472446123759,0.236044768492381,NA,0.454,NA,0.07,0.07,0.06,0.04,0.062,0.04,0.036,0.04,0.05,0.532
98,291.42975963925,298.710973261158,293.913365906183,280.943199583198,NA,0,0,0,0,NA,0,15.1645064353943,31.8313156843185,0.251139577229818,0.239049935340881,NA,0.48,NA,0.054,0.062,0.062,0.068,0.046,0.054,0.05,0.05,0.034,0.52
99,292.592000786547,293.287562347391,290.908800942466,282.322111952783,NA,0,0,0,0,NA,0,15.9326918125153,30.6213739593824,0.254954393704732,0.236541295051575,NA,0.468,NA,0.064,0.07,0.054,0.054,0.048,0.05,0.05,0.052,0.034,0.524
100,294.535049240482,291.056334708336,291.917322503641,278.458609386702,NA,0,0,0,0,NA,0,15.1680092811584,33.2899972120921,0.246479384104411,0.240839167435964,NA,0.458,NA,0.058,0.042,0.054,0.052,0.052,0.076,0.062,0.052,0.036,0.516
101,292.912084800617,294.702742993815,293.934154934422,284.070228398714,NA,0,0,0,0,NA,0,16.0608279705048,30.4330095251401,0.244767729441325,0.249512263139089,NA,0.476,NA,0.07,0.068,0.068,0.042,0.04,0.052,0.05,0.038,0.022,0.55
102,294.03988045235,292.695080184413,294.202213363304,284.124675482152,NA,0,0,0,0,NA,0,15.5747199058533,32.5760712345441,0.234727903207143,0.231468300024668,NA,0.464,NA,0.05,0.068,0.046,0.036,0.06,0.056,0.052,0.04,0.034,0.558
103,293.010152072384,292.564740132372,295.014473673533,283.38290010093,NA,0,0,0,0,NA,0,15.3984327316284,29.1825809200605,0.243778661886851,0.230230700969696,NA,0.498,NA,0.07,0.044,0.06,0.048,0.066,0.062,0.036,0.048,0.042,0.524
104,292.289051820764,297.330090388003,295.759380472252,283.633085538175,NA,0,0,0,0,NA,0,15.7308752536774,31.629358224074,0.217353963851929,0.207224786281586,NA,0.444,NA,0.074,0.07,0.042,0.04,0.052,0.056,0.042,0.028,0.046,0.55
105,294.074366952194,292.713743379487,290.705292223814,280.026432518696,NA,0,0,0,0,NA,0,13.6038925647736,29.6110568006833,0.212401994069417,0.220847495396932,NA,0.466,NA,0.058,0.052,0.036,0.046,0.054,0.032,0.046,0.044,0.048,0.584
106,294.146129107803,292.767039015915,293.178560628709,282.332788860758,NA,0,0,0,0,NA,0,14.0913112163544,29.2599743843079,0.236141347885132,0.235126785437266,NA,0.468,NA,0.048,0.064,0.046,0.056,0.036,0.052,0.056,0.06,0.04,0.542
107,293.276292226948,291.900231462888,292.815070434736,280.050536384055,NA,0,0,0,0,NA,0,14.7027390003204,30.5164577484131,0.233166007200877,0.224099230766296,NA,0.48,NA,0.058,0.08,0.064,0.05,0.058,0.04,0.042,0.056,0.042,0.51
108,298.111112664812,294.135148299532,291.22914909733,281.740656391567,NA,0,0,0,0,NA,0,14.6598420143127,32.4194640040398,0.246138501167297,0.241678917407989,NA,0.47,NA,0.074,0.056,0.068,0.064,0.052,0.042,0.042,0.046,0.046,0.51
109,296.249611675709,290.20322137983,291.816175255784,279.667612695744,NA,0,0,0,0,NA,0,15.4107749462128,30.5754528085391,0.262629663944244,0.246439739068349,NA,0.472,NA,0.058,0.06,0.064,0.046,0.06,0.054,0.034,0.054,0.054,0.516
110,293.594247778059,291.480018734731,292.739529304925,280.741261767255,NA,0,0,0,0,NA,0,16.272084236145,29.4556994795799,0.255494026343028,0.254688652356466,NA,0.454,NA,0.066,0.07,0.046,0.074,0.04,0.04,0.042,0.042,0.042,0.538
111,296.137674167816,294.035956609755,291.707030724239,282.750292077887,NA,0,0,0,0,NA,0,16.6478252410889,32.4987893740336,0.251321109135946,0.240219644705455,NA,0.436,NA,0.06,0.07,0.062,0.046,0.042,0.046,0.036,0.044,0.04,0.554
112,297.3868784291,294.522710676149,292.341791325619,283.380364438919,NA,0,0,0,0,NA,0,16.2432594299316,32.0164126992226,0.238222678502401,0.236884152889252,NA,0.498,NA,0.056,0.05,0.064,0.048,0.044,0.054,0.058,0.052,0.046,0.528
113,295.760474324349,289.853384293635,288.242855449131,279.480920542886,NA,0,0,0,0,NA,0,16.0245802402496,30.2410547574361,0.222696463267008,0.217206601301829,NA,0.476,NA,0.06,0.068,0.06,0.058,0.058,0.04,0.034,0.046,0.038,0.538
114,292.068829496309,288.225771390504,291.147200979339,281.361372567787,NA,0,0,0,0,NA,0,14.4060087203979,29.7037110408147,0.228493388493856,0.224976178010305,NA,0.472,NA,0.062,0.06,0.058,0.044,0.054,0.048,0.046,0.048,0.036,0.544
115,292.359196925636,292.69460527973,291.880187389101,281.286540570864,NA,0,0,0,0,NA,0,14.985762834549,30.9788490573565,0.226821875572205,0.23442321618398,NA,0.454,NA,0.062,0.058,0.05,0.062,0.056,0.062,0.042,0.03,0.04,0.538
116,292.075525722504,291.202739226888,290.51481669134,282.593812433411,NA,0,0,0,0,NA,0,13.8704056739807,31.6476562738419,0.239721961816152,0.240516793727875,NA,0.426,NA,0.06,0.078,0.058,0.058,0.038,0.042,0.064,0.036,0.038,0.528
117,294.365314798653,293.609905523351,292.546842524627,280.944023271241,NA,0,0,0,0,NA,0,16.3368394374847,34.8498783707619,0.236099819342295,0.23293225367864,NA,0.466,NA,0.066,0.072,0.06,0.042,0.054,0.034,0.058,0.044,0.032,0.538
118,294.240777747177,294.578063793933,293.371374041816,281.718889003182,NA,0,0,0,0,NA,0,15.7414925098419,31.4831818342209,0.25489874680837,0.255090606212616,NA,0.47,NA,0.042,0.06,0.05,0.064,0.058,0.07,0.052,0.044,0.044,0.516
119,293.976724453472,295.241997816345,292.166438229542,280.905621749912,NA,0,0,0,0,NA,0,16.0797457695007,31.8440861463547,0.238936611016591,0.23454338312149,NA,0.458,NA,0.062,0.062,0.066,0.044,0.052,0.042,0.04,0.05,0.038,0.544
120,296.569241259546,288.246536939391,289.763332815855,279.379853697073,NA,0,0,0,0,NA,0,15.324812412262,29.727651532491,0.223736461003621,0.219205602010091,NA,0.428,NA,0.076,0.05,0.052,0.062,0.058,0.048,0.068,0.036,0.046,0.504
121,291.586301858693,291.847368680605,290.003362698526,280.757079544949,NA,0,0,0,0,NA,0,13.6810936927795,25.8266926248868,0.200783280531565,0.201517422993978,NA,0.44,NA,0.058,0.06,0.064,0.07,0.072,0.044,0.044,0.034,0.04,0.514
122,296.645571563361,295.403992896249,295.194513800114,283.860099171649,NA,0,0,0,0,NA,0,13.1343302726746,27.7787584066391,0.195114918549856,0.191481192906698,NA,0.494,NA,0.066,0.064,0.058,0.06,0.04,0.034,0.034,0.038,0.028,0.578
123,298.049730362558,297.071848692125,293.53936888791,283.571248409238,NA,0,0,0,0,NA,0,13.7600691318512,25.6564914147059,0.208967014153798,0.191056521733602,NA,0.486,NA,0.076,0.064,0.066,0.052,0.042,0.074,0.042,0.026,0.04,0.518
124,292.88684857271,292.887226075742,291.839508927523,280.393983494295,NA,0,0,0,0,NA,0,13.2153506278992,26.2236329277356,0.228929320971171,0.213633338610331,NA,0.436,NA,0.052,0.072,0.058,0.06,0.056,0.064,0.044,0.044,0.038,0.512
125,293.510841681211,295.371177078943,293.487318471165,281.867269979661,NA,0,0,0,0,NA,0,14.4003291130066,28.8800516247749,0.199052592118581,0.203593973318736,NA,0.428,NA,0.07,0.078,0.046,0.038,0.07,0.062,0.04,0.032,0.044,0.52
126,292.482589242568,288.762934950427,292.01739191395,280.190604999154,NA,0,0,0,0,NA,0,12.7744567394257,27.0761953989665,0.218260530630747,0.230602971712748,NA,0.48,NA,0.074,0.056,0.068,0.054,0.036,0.054,0.056,0.046,0.032,0.524
127,295.169486383444,294.043353852012,292.987513684611,284.347682483931,NA,0,0,0,0,NA,0,16.2905144691467,30.3520927707354,0.252434281508128,0.255967923005422,NA,0.464,NA,0.068,0.05,0.062,0.038,0.05,0.054,0.052,0.05,0.044,0.532
128,295.754428197041,289.347102560319,291.037277261843,281.021999145429,NA,0,0,0,0,NA,0,16.0022382736206,30.707779610157,0.224200757344564,0.22648100455602,NA,0.464,NA,0.068,0.056,0.05,0.062,0.048,0.058,0.064,0.048,0.048,0.498
129,295.959192517695,295.151770780949,296.270856287279,285.514531878346,NA,0,0,0,0,NA,0,14.7714722156525,30.6696529269218,0.231221699714661,0.22885487874349,NA,0.49,NA,0.06,0.056,0.07,0.062,0.058,0.034,0.044,0.038,0.058,0.52
130,297.123102076298,295.83985228518,293.409188453914,283.279800120187,NA,0,0,0,0,NA,0,14.384181022644,30.2728622317314,0.236793474356333,0.22680234114329,NA,0.456,NA,0.064,0.054,0.052,0.05,0.05,0.048,0.056,0.036,0.06,0.53
131,296.405499439014,294.68542395285,290.164753176603,279.888405408146,NA,0,0,0,0,NA,0,14.3308041095734,27.8755573193232,0.231234923998515,0.217781448364258,NA,0.462,NA,0.052,0.042,0.088,0.068,0.05,0.048,0.036,0.05,0.032,0.534
132,294.770189421804,292.608831741351,291.493168229045,281.345232980424,NA,0,0,0,0,NA,0,14.8525919914246,25.7852314829826,0.237075610955556,0.226460667451223,NA,0.468,NA,0.038,0.056,0.06,0.06,0.06,0.056,0.052,0.046,0.044,0.528
133,294.670705032778,289.772855022147,289.672447760653,280.849415462508,NA,0,0,0,0,NA,0,14.6092190742493,28.70948741436,0.238531366984049,0.223472503821055,NA,0.48,NA,0.056,0.05,0.054,0.064,0.04,0.058,0.042,0.05,0.048,0.538
134,296.064454737524,291.010133442107,293.407293415947,280.156836392724,NA,0,0,0,0,NA,0,14.4124894142151,29.7575286785762,0.222558764616648,0.246114766597748,NA,0.486,NA,0.064,0.07,0.042,0.058,0.03,0.052,0.042,0.04,0.054,0.548
135,295.851071454732,290.369905944745,290.98552572392,280.144111574416,NA,0,0,0,0,NA,0,14.8828310966492,31.9315624793371,0.23330245812734,0.22645917336146,NA,0.466,NA,0.058,0.048,0.08,0.054,0.044,0.046,0.038,0.06,0.05,0.522
136,294.24743796559,293.517915725098,294.604943050905,279.251801865727,NA,0,0,0,0,NA,0,15.3128445148468,29.0965633908908,0.234677787621816,0.226843865712484,NA,0.464,NA,0.064,0.056,0.06,0.046,0.072,0.032,0.046,0.044,0.058,0.522
137,294.542036148851,292.671879284153,294.401881106301,284.436169101514,NA,0,0,0,0,NA,0,15.4557867050171,29.7285290122032,0.223752168814341,0.216279180844625,NA,0.478,NA,0.056,0.044,0.054,0.048,0.048,0.024,0.052,0.058,0.052,0.564
138,293.75613612791,291.393324494638,290.811910361488,279.539222098267,NA,0,0,0,0,NA,0,14.2667796611786,29.4203158974648,0.224853714307149,0.216122607390086,NA,0.426,NA,0.052,0.046,0.072,0.06,0.044,0.062,0.052,0.026,0.04,0.546
139,293.48636313954,292.673519419337,292.390283849881,280.76292925687,NA,0,0,0,0,NA,0,14.428507566452,30.0860358039538,0.22031451066335,0.214279762903849,NA,0.436,NA,0.056,0.056,0.062,0.066,0.042,0.042,0.036,0.046,0.036,0.558
140,293.35261550238,293.56219115762,292.535965366519,279.375432237415,NA,0,0,0,0,NA,0,14.3866431713104,29.0800542036692,0.215320507685343,0.221623595555623,NA,0.504,NA,0.052,0.068,0.046,0.056,0.042,0.038,0.046,0.038,0.034,0.58
141,294.75167555777,296.459578474941,291.962342896104,282.940448358622,NA,0,0,0,0,NA,0,14.0504548549652,30.6412055333455,0.230589926242828,0.227714776992798,NA,0.478,NA,0.046,0.06,0.056,0.072,0.052,0.044,0.05,0.046,0.034,0.54
142,292.535199091366,294.994292260422,291.587779574005,284.493896264135,NA,0,0,0,0,NA,0,14.5131740570068,28.77349751393,0.222619303067525,0.220462346076965,NA,0.5,NA,0.046,0.052,0.048,0.056,0.064,0.054,0.066,0.042,0.03,0.542
143,293.450103213217,290.64422833794,291.144167773543,281.853820800448,NA,0,0,0,0,NA,0,14.900918006897,33.6582789699237,0.219044232368469,0.223895215988159,NA,0.47,NA,0.042,0.044,0.068,0.058,0.05,0.064,0.048,0.042,0.048,0.536
144,293.808470457999,292.689794537316,292.467773361726,281.680560670788,NA,0,0,0,0,NA,0,14.2287726402283,29.6169191241264,0.236122290293376,0.214564188321431,NA,0.492,NA,0.064,0.058,0.068,0.03,0.064,0.042,0.032,0.056,0.042,0.544
145,296.428460752742,289.942483921067,293.465600504796,280.720263895582,NA,0,0,0,0,NA,0,14.5379927158356,30.6562794884046,0.243019886811574,0.237582616011302,NA,0.494,NA,0.07,0.072,0.064,0.046,0.038,0.038,0.044,0.048,0.05,0.53
146,298.495379935908,295.121843267481,294.351118495579,284.760295619087,NA,0,0,0,0,NA,0,14.4994964599609,28.9220709443092,0.225823497772217,0.237872135639191,NA,0.452,NA,0.08,0.054,0.046,0.05,0.046,0.04,0.048,0.036,0.054,0.546
147,296.528100129083,295.524106476405,296.264359079351,284.64586485526,NA,0,0,0,0,NA,0,15.1663150787354,28.2844646493594,0.231902194023132,0.233931954701742,NA,0.442,NA,0.064,0.068,0.066,0.064,0.064,0.05,0.032,0.036,0.034,0.522
148,292.192585835867,289.5604900159,291.513639055993,279.267270938271,NA,0,0,0,0,NA,0,14.5068590641022,30.6994667728742,0.225270946820577,0.221970240275065,NA,0.47,NA,0.054,0.072,0.058,0.034,0.062,0.048,0.048,0.034,0.034,0.556
149,297.727928271209,294.009475260626,293.163582801638,282.119320041447,NA,0,0,0,0,NA,0,14.5230093002319,28.2145847439766,0.248006391525269,0.231056300799052,NA,0.476,NA,0.06,0.06,0.058,0.03,0.048,0.052,0.054,0.042,0.032,0.564
150,293.494674609843,289.633551290524,291.366209580843,283.136779270285,NA,0,0,0,0,NA,0,15.5847964286804,31.1559198697408,0.227396750450134,0.218508346875509,NA,0.444,NA,0.072,0.054,0.042,0.044,0.056,0.04,0.052,0.06,0.036,0.544
151,296.265186822267,292.460644804405,290.556358398588,281.883941678197,NA,0,0,0,0,NA,0,14.5017499923706,31.2113805890083,0.234125757217407,0.244197185834249,NA,0.426,NA,0.06,0.068,0.06,0.046,0.06,0.048,0.044,0.044,0.032,0.538
152,294.774832441282,285.787415276301,289.093524428049,277.991110492687,NA,0,0,0,0,NA,0,15.3461582660675,30.5314458092054,0.229099317391713,0.218109806378682,NA,0.462,NA,0.076,0.05,0.058,0.074,0.05,0.034,0.056,0.044,0.05,0.508
153,291.405267932392,293.101615649013,292.12593848163,281.487002132783,NA,0,0,0,0,NA,0,14.3712110519409,31.1904962142309,0.238078324000041,0.231444692611694,NA,0.464,NA,0.044,0.046,0.062,0.058,0.062,0.056,0.054,0.046,0.036,0.536
154,293.030770814364,291.384023328956,292.79111188687,281.529444164904,NA,0,0,0,0,NA,0,15.3648772239685,25.9427005529404,0.224636928240458,0.23154015938441,NA,0.482,NA,0.054,0.07,0.054,0.05,0.07,0.046,0.038,0.05,0.052,0.516
155,291.3641920517,295.406253070342,294.995950857721,282.470432140419,NA,0,0,0,0,NA,0,14.4429593086243,28.8780816713969,0.217637983957926,0.220058119297028,NA,0.472,NA,0.068,0.06,0.042,0.056,0.05,0.052,0.04,0.05,0.044,0.538
156,292.226364232761,295.231919538223,291.805772050904,283.293294881439,NA,0,0,0,0,NA,0,14.7840886116028,29.0681229829788,0.231384869416555,0.232078552246094,NA,0.462,NA,0.086,0.05,0.058,0.048,0.042,0.038,0.044,0.048,0.052,0.534
157,296.793036901206,289.176670492711,290.729432428606,282.510357986608,NA,0,0,0,0,NA,0,13.962751865387,26.9869783480962,0.228076227506002,0.239339176813761,NA,0.498,NA,0.05,0.074,0.046,0.052,0.044,0.038,0.046,0.048,0.06,0.542
158,295.310368092496,293.338549040765,291.671439533667,282.184010100668,NA,0,0,0,0,NA,0,14.8547620773315,27.1457823594411,0.220720771948497,0.225214286645254,NA,0.484,NA,0.06,0.04,0.048,0.056,0.062,0.064,0.036,0.062,0.05,0.522
159,298.511348303601,294.968146875566,294.264749262911,282.045684266076,NA,0,0,0,0,NA,0,14.4480757713318,29.7578349590302,0.226523498694102,0.220670425891876,NA,0.446,NA,0.06,0.054,0.06,0.056,0.038,0.054,0.056,0.036,0.044,0.542
160,293.061096425744,293.92703352837,293.129627007488,282.309558345458,NA,0,0,0,0,NA,0,15.2055871486664,28.8585290749868,0.2243181904157,0.215502166748047,NA,0.5,NA,0.082,0.054,0.062,0.038,0.046,0.034,0.056,0.036,0.048,0.544
161,291.666565067737,295.899908179234,292.895276198793,282.468022693347,NA,0,0,0,0,NA,0,14.9938113689423,26.9737633983294,0.219649370511373,0.225904369354248,NA,0.454,NA,0.08,0.052,0.06,0.062,0.052,0.046,0.032,0.038,0.06,0.518
162,292.235920905784,294.506869843026,292.818941889271,281.433792974899,NA,0,0,0,0,NA,0,14.3850333690643,28.9791096131007,0.238461105028788,0.23053662776947,NA,0.464,NA,0.066,0.062,0.04,0.046,0.04,0.05,0.04,0.044,0.046,0.566
163,292.258592280455,290.836835252547,290.409364533291,281.358164562766,NA,0,0,0,0,NA,0,15.3806807994843,28.6354993144671,0.237193222840627,0.223872951666514,NA,0.494,NA,0.08,0.05,0.062,0.034,0.05,0.046,0.036,0.05,0.052,0.54
164,295.006379109647,293.462207598091,295.494763894852,286.104138824607,NA,0,0,0,0,NA,0,14.6981973648071,30.2766192793846,0.243624150753021,0.224760822455088,NA,0.444,NA,0.05,0.072,0.06,0.058,0.05,0.046,0.04,0.046,0.05,0.528
165,295.509085142901,294.893588171711,294.347175497359,281.678435699429,NA,0,0,0,0,NA,0,14.7884414196014,29.3703559875488,0.221877749760946,0.233881135781606,NA,0.478,NA,0.056,0.058,0.074,0.048,0.056,0.052,0.054,0.034,0.048,0.52
166,294.253701613356,293.757429149733,293.649010433329,282.792849106602,NA,0,0,0,0,NA,0,14.7659330368042,27.8808648665746,0.257806213696798,0.249395839373271,NA,0.492,NA,0.048,0.092,0.062,0.066,0.038,0.048,0.034,0.04,0.046,0.526
167,295.411303678987,294.727013287149,292.481285130065,281.565193772246,NA,0,0,0,0,NA,0,14.1725900173187,26.6997064868609,0.222040569782257,0.217201288541158,NA,0.494,NA,0.082,0.036,0.056,0.066,0.048,0.036,0.04,0.04,0.03,0.566
168,291.403462446048,294.21423017471,293.468582026577,281.297296992032,NA,0,0,0,0,NA,0,14.2870872020721,32.8749532540639,0.228612879912059,0.231360594431559,NA,0.456,NA,0.054,0.044,0.052,0.064,0.05,0.046,0.054,0.05,0.026,0.56
169,295.347948423399,293.751884997612,292.90726664949,281.051925427283,NA,0,0,0,0,NA,0,15.3549656867981,29.9915111422539,0.231759266058604,0.217969206968943,NA,0.446,NA,0.08,0.072,0.076,0.058,0.048,0.028,0.05,0.042,0.048,0.498
170,293.194004088042,292.635000939537,292.75276499858,280.05728690079,NA,0,0,0,0,NA,0,14.3465619087219,30.3953416188558,0.211821599801381,0.206366487344106,NA,0.458,NA,0.05,0.066,0.068,0.082,0.066,0.044,0.044,0.038,0.03,0.512
171,292.938987779913,292.56523899944,290.891464990631,280.25672993783,NA,0,0,0,0,NA,0,13.6150884628296,26.4030872980754,0.218542647361755,0.217202500502268,NA,0.45,NA,0.074,0.042,0.066,0.052,0.044,0.044,0.046,0.04,0.058,0.534
172,294.483262741603,294.867583422414,292.782361341747,283.251360248261,NA,0,0,0,0,NA,0,13.706627368927,26.7020820895831,0.19653627872467,0.189906239509583,NA,0.468,NA,0.056,0.072,0.064,0.05,0.04,0.05,0.042,0.03,0.052,0.544
173,293.395725226542,292.814863303792,292.452065706988,281.677373784056,NA,0,0,0,0,NA,0,12.5787978172302,30.0776674230893,0.19661545753479,0.194168468316396,NA,0.448,NA,0.04,0.062,0.056,0.048,0.044,0.054,0.052,0.038,0.066,0.54
174,295.38967206027,287.921113728569,290.176948750415,279.957790900824,NA,0,0,0,0,NA,0,12.6183779239655,27.3149329106013,0.195456067721049,0.195500123500824,NA,0.514,NA,0.056,0.044,0.076,0.052,0.054,0.044,0.036,0.052,0.044,0.542
175,293.917763328024,295.817385165921,290.426719784074,280.965483636441,NA,0,0,0,0,NA,0,12.5889298915863,29.7500314513842,0.192240317662557,0.19408046801885,NA,0.462,NA,0.068,0.06,0.058,0.046,0.05,0.05,0.054,0.058,0.054,0.502
176,295.521999273451,294.526649683819,293.669872703538,281.633607965342,NA,0,0,0,0,NA,0,12.1942729949951,28.3357538859049,0.204680291811625,0.203383294741313,NA,0.44,NA,0.054,0.056,0.048,0.064,0.06,0.074,0.038,0.046,0.04,0.52
177,294.124580487991,288.780812069872,290.740394210071,279.541350613685,NA,0,0,0,0,NA,0,12.8621068000793,30.1263493339221,0.253685522079468,0.250950519243876,NA,0.488,NA,0.05,0.068,0.05,0.052,0.05,0.044,0.048,0.046,0.046,0.546
178,294.146510156729,295.052284627577,294.02126797556,284.109015510774,NA,0,0,0,0,NA,0,14.9071598052979,28.7854209780693,0.227591586112976,0.222555375099182,NA,0.446,NA,0.09,0.056,0.054,0.068,0.048,0.032,0.052,0.044,0.038,0.518
179,294.685148564538,291.071949550583,292.915306101385,280.829268511897,NA,0,0,0,0,NA,0,14.5794010162354,28.2455937743187,0.218598512808482,0.212565938631694,NA,0.45,NA,0.06,0.058,0.066,0.058,0.062,0.036,0.05,0.038,0.044,0.528
180,294.34727752667,287.7516943717,290.737448294411,277.113783512877,NA,0,0,0,0,NA,0,14.0491859912872,26.9658138076464,0.221600941816966,0.215681660175323,NA,0.454,NA,0.058,0.076,0.056,0.054,0.034,0.044,0.056,0.036,0.052,0.534
181,296.558108746411,296.24440885239,292.27939522468,282.733183492592,NA,0,0,0,0,NA,0,13.963321685791,29.8280134558678,0.219114720821381,0.219821119308472,NA,0.43,NA,0.068,0.064,0.056,0.054,0.058,0.05,0.046,0.044,0.04,0.52
182,294.833552616192,292.541028905446,293.586086984267,283.046764139761,NA,0,0,0,0,NA,0,14.3492865562439,27.6335616548856,0.222030134995778,0.217136720816294,NA,0.512,NA,0.07,0.05,0.05,0.058,0.03,0.024,0.042,0.054,0.038,0.584
183,294.306617821253,296.332939468827,295.253132381434,285.662414927943,NA,0,0,0,0,NA,0,14.0986578464508,27.4244784871737,0.219167816638947,0.21432378689448,NA,0.51,NA,0.076,0.056,0.056,0.044,0.056,0.058,0.032,0.058,0.05,0.514
184,292.969116620472,290.882432547016,294.256789384417,282.510441025338,NA,0,0,0,0,NA,0,14.0138232707977,23.7398281017939,0.189884495735168,0.192015318075816,NA,0.444,NA,0.074,0.078,0.066,0.06,0.042,0.048,0.046,0.034,0.032,0.52
185,296.354805660975,298.929575476921,295.739555280004,282.685356255234,NA,0,0,0,0,NA,0,11.9838149547577,25.494084028403,0.193992455800374,0.186509442329407,NA,0.482,NA,0.044,0.064,0.058,0.066,0.048,0.062,0.048,0.032,0.042,0.536
186,290.685726054441,290.062946245256,291.507804985021,278.307918950936,NA,0,0,0,0,NA,0,12.2769613265991,26.7404591004054,0.193118838469187,0.189949150880178,NA,0.472,NA,0.074,0.052,0.06,0.044,0.054,0.06,0.048,0.032,0.044,0.532
187,293.437654708966,293.467308760732,294.798369520205,284.286189873953,NA,0,0,0,0,NA,0,12.4437491893768,26.8404395977656,0.191529711087545,0.195990335941315,NA,0.444,NA,0.06,0.072,0.054,0.042,0.042,0.042,0.052,0.038,0.048,0.55
188,294.874591643602,292.312507890259,290.894193426159,279.903467750888,NA,0,0,0,0,NA,0,12.3546679019928,26.6409686764081,0.192503801981608,0.186918818950653,NA,0.474,NA,0.062,0.056,0.046,0.042,0.062,0.046,0.056,0.054,0.054,0.522
189,294.162672565414,298.586366812405,297.032738414253,286.885760006121,NA,0,0,0,0,NA,0,12.4193658828735,24.4487374782562,0.191897229353587,0.194196935494741,NA,0.496,NA,0.06,0.054,0.056,0.052,0.064,0.044,0.052,0.028,0.046,0.544
190,295.138637175385,295.106085262238,292.420151877247,280.408550608685,NA,0,0,0,0,NA,0,12.4164156913757,26.8241810123126,0.195025944709778,0.194668225447337,NA,0.456,NA,0.05,0.066,0.048,0.04,0.048,0.052,0.054,0.046,0.038,0.558
191,292.337334662717,291.679286505517,292.062365766939,280.878774908284,NA,0,0,0,0,NA,0,12.1433463096619,24.0995931863785,0.19500378370285,0.188954166571299,NA,0.45,NA,0.082,0.078,0.07,0.054,0.034,0.04,0.05,0.036,0.028,0.528
192,296.280113587427,290.303379146354,292.708590168374,285.09397849688,NA,0,0,0,0,NA,0,12.6062083244324,26.2772874673208,0.194730484485626,0.188693841298421,NA,0.484,NA,0.056,0.056,0.084,0.032,0.044,0.064,0.05,0.042,0.034,0.538
193,292.452171092179,294.286433522324,293.4278704465,282.614723393668,NA,0,0,0,0,NA,0,12.3958156108856,29.0324537952741,0.238645875453949,0.253329892953237,NA,0.446,NA,0.064,0.078,0.05,0.05,0.058,0.032,0.054,0.048,0.038,0.528
194,294.500461208893,282.50431150823,287.757169642847,276.042708547106,NA,0,0,0,0,NA,0,15.1853952407837,25.6512532671293,0.214701290925344,0.215916546185811,NA,0.45,NA,0.076,0.086,0.042,0.048,0.048,0.046,0.042,0.064,0.03,0.518
195,294.343231613218,293.326972399037,292.828351553954,280.407473913974,NA,0,0,0,0,NA,0,13.6604125499725,27.4429767568906,0.222289478778839,0.201788723468781,NA,0.49,NA,0.056,0.062,0.06,0.052,0.038,0.054,0.048,0.042,0.042,0.546
196,293.165937781036,295.276806803363,294.765448198433,283.083076625103,NA,0,0,0,0,NA,0,13.1176681518555,26.9456426501274,0.195165594418844,0.191017091274261,NA,0.47,NA,0.07,0.058,0.07,0.06,0.05,0.048,0.048,0.032,0.036,0.528
197,297.633393807348,295.187874484743,294.272020444803,283.267289262153,NA,0,0,0,0,NA,0,12.4447185993195,26.6884522239367,0.194590091705322,0.188952318827311,NA,0.506,NA,0.07,0.056,0.078,0.054,0.036,0.038,0.044,0.034,0.038,0.552
198,297.167462998136,295.792840839319,291.346403705356,281.537773199266,NA,0,0,0,0,NA,0,12.5720665454865,25.9139452695847,0.193046279748281,0.189429608980815,NA,0.498,NA,0.07,0.038,0.062,0.054,0.062,0.046,0.048,0.04,0.04,0.54
199,296.089301678306,293.577483490127,291.788558791143,282.081094686954,NA,0,0,0,0,NA,0,12.585578918457,24.9702916224798,0.194106411933899,0.189279806613922,NA,0.438,NA,0.062,0.056,0.068,0.044,0.058,0.044,0.066,0.03,0.046,0.526
200,293.128304877469,288.585061033777,291.817641809208,279.240321000071,NA,0,0,0,0,NA,0,12.5257620811462,25.7226095199585,0.191218054294586,0.186202700932821,NA,0.482,NA,0.076,0.062,0.046,0.032,0.046,0.04,0.042,0.046,0.04,0.57
