"no","observed","IHsurvrf","trt1","trt0","trueopt","avg.prop.match.opt.obs","avg.prop.match.opt.IHsurvrf","avg.prop.match.opt.trt1","avg.prop.match.opt.trt0","avg.prop.match.opt.trueopt","change.integral","time.obs","time.IHsurvrf","time.trt1","time.trt0","time.trueopt","proportion.censor","num.convergence.it","n_1","n_2","n_3","n_4","n_5"
1,885.012109848944,810.542846475086,800.132732611651,777.567845879671,NA,0,0,0,0,NA,0,9.68701958656311,11.2709216078122,0.136512537797292,0.136356989542643,NA,0.21,NA,0.016,0.014,0.014,0.028,0.928
2,892.984880590664,824.074020047737,807.161042776503,789.841013483929,NA,0,0,0,0,NA,0,8.73046207427979,10.1348533670108,0.12751186688741,0.126692378520966,NA,0.206,NA,0.02,0.008,0.016,0.026,0.93
3,891.173203600294,847.196427416089,801.533785388466,783.43387682937,NA,0,0,0,0,NA,0,8.02858543395996,9.60456505616506,0.128985393047333,0.126103174686432,NA,0.228,NA,0.008,0.016,0.012,0.04,0.924
4,883.366158729531,824.343849102349,802.825698341907,785.50537635947,NA,0,0,0,0,NA,0,8.04447054862976,10.4943425178528,0.130590462684631,0.128200022379557,NA,0.22,NA,0.016,0.012,0.018,0.032,0.922
5,887.127206678028,844.518368531622,815.531766088567,782.888153109526,NA,0,0,0,0,NA,0,8.16503500938416,9.70071068207423,0.126189422607422,0.122202126185099,NA,0.182,NA,0.008,0.018,0.02,0.032,0.922
6,877.606108324041,873.125574974098,811.216972834317,778.054981264118,NA,0,0,0,0,NA,0,7.7320601940155,7.98622817993164,0.113154458999634,0.115844666957855,NA,0.2,NA,0.01,0.014,0.02,0.036,0.92
7,876.76979769822,868.855174704126,804.062924009631,782.732574286369,NA,0,0,0,0,NA,0,7.25996422767639,8.33199521700541,0.121909463405609,0.123351613680522,NA,0.208,NA,0.016,0.004,0.014,0.03,0.936
8,878.246748493938,841.455297717422,800.679896498809,784.495536761567,NA,0,0,0,0,NA,0,7.88608312606812,8.71330221891403,0.123130130767822,0.122464911142985,NA,0.208,NA,0.016,0.016,0.018,0.024,0.926
9,872.271391284926,850.747185948151,804.544216408684,790.013108288827,NA,0,0,0,0,NA,0,7.71194982528687,8.93952931165695,0.116046837965647,0.113349529107412,NA,0.192,NA,0.008,0.01,0.014,0.032,0.936
10,878.362512113358,824.236947239295,788.2611153995,783.407208343437,NA,0,0,0,0,NA,0,7.12383031845093,9.01798719167709,0.113521389166514,0.113984775543213,NA,0.226,NA,0.012,0.01,0.014,0.038,0.926
11,874.052276358546,795.170955876105,799.637532277806,780.544584733754,NA,0,0,0,0,NA,0,7.20628786087036,8.68010312716166,0.113290727138519,0.11315514643987,NA,0.28,NA,0.002,0.016,0.026,0.048,0.908
12,888.661541389157,842.885627444822,798.650434357264,794.832966887872,NA,0,0,0,0,NA,0,7.09590840339661,8.63499803543091,0.114749336242676,0.132368723551432,NA,0.21,NA,0.01,0.012,0.01,0.04,0.928
13,883.696686559705,861.710215990213,789.664725663863,777.145157253235,NA,0,0,0,0,NA,0,7.44869256019592,7.78669658899307,0.100160360336304,0.100404294331868,NA,0.262,NA,0.01,0.01,0.016,0.044,0.92
14,873.954023425333,872.349049865014,801.936092102101,772.424484268538,NA,0,0,0,0,NA,0,6.39340496063232,7.80460474888484,0.112151821454366,0.111170335610708,NA,0.222,NA,0.012,0.018,0.006,0.038,0.926
15,879.263972504838,826.546318060957,801.007817875156,777.013641388712,NA,0,0,0,0,NA,0,7.06343793869019,8.62903543313344,0.110231343905131,0.111156396071116,NA,0.212,NA,0.008,0.018,0.02,0.038,0.916
16,878.305295308477,847.960855398153,801.337767817155,780.541324186803,NA,0,0,0,0,NA,0,7.27875638008118,9.11600730419159,0.110188150405884,0.110178260008494,NA,0.226,NA,0.008,0.006,0.008,0.044,0.934
17,864.805643815206,835.271428237901,803.275435022224,784.135824805128,NA,0,0,0,0,NA,0,7.06948614120483,8.40550801753998,0.113447713851929,0.110713652769725,NA,0.234,NA,0.006,0.006,0.01,0.05,0.928
18,891.802251624001,835.218249873454,809.367282910161,787.812856256072,NA,0,0,0,0,NA,0,7.15263915061951,9.90663713614146,0.113795399665833,0.113752591609955,NA,0.24,NA,0.012,0.022,0.006,0.034,0.926
19,877.410107191062,813.211739675933,809.395108302112,779.927953604512,NA,0,0,0,0,NA,0,7.14728021621704,9.06389143864314,0.124041032791138,0.124230523904165,NA,0.236,NA,0.014,0.006,0.024,0.036,0.92
20,884.144755552345,868.827255444788,803.161214634216,782.637647581896,NA,0,0,0,0,NA,0,7.97656774520874,8.63595215479533,0.125113642215729,0.122104318936666,NA,0.23,NA,0.006,0.008,0.02,0.034,0.932
21,876.254881511939,860.623288843776,813.139227013679,802.081127537126,NA,0,0,0,0,NA,0,8.20992612838745,9.50826369126638,0.123594184716543,0.124277305603027,NA,0.212,NA,0.006,0.014,0.026,0.034,0.92
22,870.543131661787,827.365563950521,804.320444244229,778.614234267229,NA,0,0,0,0,NA,0,7.9405837059021,9.82438919941584,0.124704476197561,0.124376034736633,NA,0.246,NA,0.012,0.018,0.01,0.032,0.928
23,892.615729663972,849.450782714103,814.978134769647,791.292703565906,NA,0,0,0,0,NA,0,7.93996787071228,10.8033742666245,0.128247038523356,0.130413448810577,NA,0.238,NA,0.008,0.01,0.022,0.042,0.918
24,889.475978503865,860.12994282557,809.710097571362,789.448927799056,NA,0,0,0,0,NA,0,8.23215270042419,10.2029655416807,0.126250064373016,0.123707334200541,NA,0.232,NA,0.014,0.006,0.022,0.024,0.934
25,887.579705134388,861.204639377079,810.724734906248,782.413598104707,NA,0,0,0,0,NA,0,7.86800098419189,9.45824145873388,0.128441083431244,0.124509620666504,NA,0.268,NA,0.012,0.014,0.012,0.034,0.928
26,901.605024498118,821.272781490337,818.569194976716,786.183918923219,NA,0,0,0,0,NA,0,7.97683954238892,9.62124042113622,0.125274284680684,0.132240732510885,NA,0.224,NA,0.01,0.012,0.022,0.046,0.91
27,879.803073780892,866.240910564963,808.10207964277,784.951597415677,NA,0,0,0,0,NA,0,8.09619832038879,9.03992698589961,0.126993068059285,0.124337748686473,NA,0.216,NA,0.016,0.008,0.02,0.018,0.938
28,877.790870316495,851.909105737246,805.158174377837,782.147071134565,NA,0,0,0,0,NA,0,7.96237993240356,9.78777491648992,0.123256893952688,0.124676672617594,NA,0.236,NA,0.014,0.016,0.016,0.03,0.924
29,875.468606386891,838.011604556449,795.786054531085,788.352690080919,NA,0,0,0,0,NA,0,7.98663997650146,10.4943460583687,0.124568037192027,0.124000151952108,NA,0.22,NA,0.008,0.018,0.014,0.018,0.942
30,876.055930085927,841.549380344964,797.39536751929,777.355600839114,NA,0,0,0,0,NA,0,7.97187066078186,9.41679567495982,0.120937426884969,0.120747697353363,NA,0.224,NA,0.004,0.016,0.012,0.036,0.932
31,875.063861617181,841.270165988411,807.162832170595,779.212713428141,NA,0,0,0,0,NA,0,7.62598633766174,9.19788528680801,0.120099171002706,0.120712292194366,NA,0.248,NA,0.018,0.01,0.016,0.054,0.902
32,877.336681977842,845.990961108779,810.295577557443,791.706617498389,NA,0,0,0,0,NA,0,7.66490411758423,9.00432614882787,0.120131556193034,0.119344369570414,NA,0.248,NA,0.002,0.016,0.006,0.03,0.946
33,877.9468478545,849.168097210412,793.442098776057,780.649666008752,NA,0,0,0,0,NA,0,7.61219763755798,8.87187740008036,0.119439542293549,0.120776085058848,NA,0.24,NA,0.016,0.014,0.02,0.044,0.906
34,879.884992917821,848.345641549294,808.044840892536,780.465497345067,NA,0,0,0,0,NA,0,7.61341071128845,8.45249400933583,0.121241478125254,0.120680109659831,NA,0.222,NA,0.012,0.008,0.016,0.034,0.93
35,879.11493283501,833.561267574909,799.646929471884,782.981563901465,NA,0,0,0,0,NA,0,7.57586479187012,9.0167073726654,0.120626509189606,0.121237019697825,NA,0.194,NA,0.008,0.008,0.012,0.02,0.952
36,885.200252983821,839.16594681366,808.375422843486,787.93713356948,NA,0,0,0,0,NA,0,7.58775115013123,9.71470298369726,0.119935003916423,0.121643094221751,NA,0.224,NA,0.014,0.006,0.008,0.04,0.932
37,869.396668771937,881.385001442503,817.819459495154,800.146642356528,NA,0,0,0,0,NA,0,7.6068389415741,7.7284371137619,0.112772115071615,0.112484622001648,NA,0.216,NA,0.012,0.006,0.016,0.034,0.932
38,870.199725949568,844.787214794836,795.330636824865,785.347172874781,NA,0,0,0,0,NA,0,7.1220178604126,9.77168233394623,0.124635295073191,0.124593925476074,NA,0.232,NA,0.012,0.018,0.012,0.02,0.938
39,884.681170840275,803.255646222125,801.984739421957,788.215287013072,NA,0,0,0,0,NA,0,7.93220782279968,8.87917011976242,0.124246815840403,0.124609196186066,NA,0.232,NA,0.01,0.01,0.01,0.058,0.912
40,883.130729871091,859.907543811231,802.910775330104,779.929317001536,NA,0,0,0,0,NA,0,7.9274799823761,9.2124614516894,0.12395426829656,0.123517644405365,NA,0.232,NA,0.012,0.02,0.022,0.038,0.908
41,879.959615571928,852.376577253786,801.636731134774,777.31105905287,NA,0,0,0,0,NA,0,7.81404662132263,9.23113737901052,0.124647462368011,0.124464078744253,NA,0.236,NA,0.006,0.022,0.008,0.032,0.932
42,884.024284518917,857.294485424567,808.104909645767,795.694840937147,NA,0,0,0,0,NA,0,7.87357783317566,8.05571215947469,0.124298870563507,0.122926632563273,NA,0.254,NA,0.014,0,0.032,0.032,0.922
43,870.480326172543,855.327043513998,804.576720358903,781.306771379224,NA,0,0,0,0,NA,0,7.84080648422241,9.00350635449092,0.124264613787333,0.124025845527649,NA,0.252,NA,0.018,0.01,0.014,0.036,0.922
44,871.341115203487,847.719789113786,805.513865918985,776.481778154173,NA,0,0,0,0,NA,0,7.7619993686676,9.18406865596771,0.12621207634608,0.124325748284658,NA,0.218,NA,0.008,0.016,0.014,0.038,0.924
45,879.919171934283,847.653187048836,811.705693781571,788.688483425233,NA,0,0,0,0,NA,0,7.88611268997192,9.567673544089,0.113094250361125,0.113290019830068,NA,0.218,NA,0.026,0.014,0.014,0.044,0.902
46,872.127950121449,862.328126760178,807.049253539388,782.906134618211,NA,0,0,0,0,NA,0,7.07624340057373,10.1402089675268,0.126696443557739,0.127133655548096,NA,0.266,NA,0.02,0.004,0.014,0.026,0.936
47,876.479706914595,851.28943425695,807.21172840696,787.744189358434,NA,0,0,0,0,NA,0,8.3575131893158,10.4433509310087,0.139190419514974,0.138118938604991,NA,0.248,NA,0.004,0.002,0.014,0.034,0.946
48,864.470024864054,845.884124137876,802.188347837452,789.17752123493,NA,0,0,0,0,NA,0,8.26023411750793,10.1858791708946,0.13179829120636,0.13229775428772,NA,0.242,NA,0.014,0.01,0.014,0.036,0.926
49,867.448579802289,856.594790791457,801.969648272596,797.92046345812,NA,0,0,0,0,NA,0,8.79954743385315,9.23205300966899,0.130314282576243,0.130902504920959,NA,0.236,NA,0.012,0.006,0.014,0.032,0.936
50,867.046870198876,863.543114584726,810.816558559053,784.585251097221,NA,0,0,0,0,NA,0,8.77583265304565,10.8076223929723,0.132869132359823,0.135805074373881,NA,0.212,NA,0.012,0.012,0.016,0.046,0.914
51,880.309742887815,866.497755543384,800.545042447663,784.333134354184,NA,0,0,0,0,NA,0,8.7257387638092,8.97604672114054,0.13659010330836,0.136422260602315,NA,0.236,NA,0.016,0.018,0.022,0.022,0.922
52,886.669814325903,874.809131651453,811.961730237517,782.943525472987,NA,0,0,0,0,NA,0,8.59809613227844,10.4333698193232,0.133815594514211,0.144339124361674,NA,0.208,NA,0.01,0.014,0.008,0.034,0.934
53,867.191001279127,817.891112472294,805.009797941778,793.934250992799,NA,0,0,0,0,NA,0,9.04630494117737,9.01751705408096,0.135795064767202,0.137796580791473,NA,0.22,NA,0.008,0.006,0.018,0.048,0.92
54,873.403266538036,863.770294860052,796.714953389266,780.740797776649,NA,0,0,0,0,NA,0,8.49078369140625,10.6266098618507,0.130798351764679,0.132979007562002,NA,0.224,NA,0.014,0.008,0.01,0.036,0.932
55,887.639972506538,853.015659329561,802.224644251688,784.727853438925,NA,0,0,0,0,NA,0,8.43586421012878,9.53750812212626,0.134680624802907,0.135388215382894,NA,0.246,NA,0.01,0.004,0.01,0.044,0.932
56,879.276587290335,858.67018803386,799.184878827761,784.010513786096,NA,0,0,0,0,NA,0,8.38661885261536,10.5657043973605,0.136357875665029,0.126654163996379,NA,0.234,NA,0.012,0.008,0.012,0.04,0.928
57,865.734045759887,857.853019750958,800.028510291497,775.702497472495,NA,0,0,0,0,NA,0,7.83360552787781,10.6551341176033,0.148076009750366,0.148598563671112,NA,0.22,NA,0.012,0.012,0.016,0.028,0.932
58,885.896377100914,855.176017666962,804.524076068639,787.076079529528,NA,0,0,0,0,NA,0,9.72673177719116,10.6113979617755,0.134309248129527,0.131446369489034,NA,0.21,NA,0.014,0.01,0.014,0.018,0.944
59,872.134100691557,879.497590942286,806.8219587262,792.53785275109,NA,0,0,0,0,NA,0,8.37301683425903,10.0009649594625,0.125553210576375,0.126918709278107,NA,0.224,NA,0.014,0.018,0.022,0.05,0.896
60,882.434660965424,851.841552520669,812.690987375568,798.217350762158,NA,0,0,0,0,NA,0,7.99998474121094,8.19829318523407,0.115028814474742,0.11297615369161,NA,0.234,NA,0.016,0.02,0.02,0.03,0.914
61,870.12800392052,850.466106815054,804.07534344524,787.7699163277,NA,0,0,0,0,NA,0,7.12757468223572,9.33969288667043,0.125521409511566,0.120389453570048,NA,0.244,NA,0.016,0.014,0.014,0.034,0.922
62,887.390874787897,844.216305075845,802.180734931444,777.168828856268,NA,0,0,0,0,NA,0,7.80063009262085,10.9820069829623,0.127280072371165,0.125875159104665,NA,0.224,NA,0.014,0.018,0.014,0.04,0.914
63,856.845330090791,833.35475236118,802.992348844691,782.0605681345,NA,0,0,0,0,NA,0,8.00378322601318,10.3095306317012,0.127186771233877,0.126377427577972,NA,0.206,NA,0.01,0.014,0.01,0.032,0.934
64,881.045260939549,862.94285248764,805.452912032555,779.237655637495,NA,0,0,0,0,NA,0,8.03835582733154,10.3474878787994,0.128073990345001,0.129314215977987,NA,0.246,NA,0.018,0.01,0.008,0.03,0.934
65,882.571937869545,869.446022242397,798.046675381241,782.76621918033,NA,0,0,0,0,NA,0,8.43465065956116,10.7499196330706,0.128271861871084,0.130639449755351,NA,0.218,NA,0.012,0.01,0.026,0.034,0.918
66,887.740235977139,825.870894143859,795.332926516269,778.06644991385,NA,0,0,0,0,NA,0,8.13802647590637,9.74983445803324,0.112688088417053,0.112248253822327,NA,0.252,NA,0.016,0.01,0.01,0.038,0.926
67,882.164364548059,869.42682228563,805.631766228222,775.776767553059,NA,0,0,0,0,NA,0,7.1362476348877,7.98275616168976,0.109418912728628,0.109017487366994,NA,0.206,NA,0.016,0.016,0.01,0.026,0.932
68,889.794505944099,819.477866783547,799.743339031485,768.260198087889,NA,0,0,0,0,NA,0,6.82134366035461,9.05212222337723,0.108960028489431,0.110623947779338,NA,0.2,NA,0.01,0.006,0.016,0.036,0.932
69,879.055518302174,863.45598215047,805.507942242983,785.369651284945,NA,0,0,0,0,NA,0,6.89882040023804,8.03914643923442,0.108773684501648,0.109160931905111,NA,0.238,NA,0.008,0.02,0.024,0.02,0.928
70,882.347042553429,849.827590994564,795.057228100221,771.190019863609,NA,0,0,0,0,NA,0,6.84960126876831,8.07119575738907,0.105535896619161,0.103998390833537,NA,0.18,NA,0.016,0.006,0.008,0.034,0.936
71,873.99170567054,857.137677182164,798.17987063546,783.303117187391,NA,0,0,0,0,NA,0,6.5522940158844,8.2019001921018,0.10452561378479,0.103944822152456,NA,0.246,NA,0.01,0.014,0.01,0.032,0.934
72,892.727428529071,847.786386284116,797.842114772985,775.77053652901,NA,0,0,0,0,NA,0,6.63392043113708,7.49732593695323,0.100544476509094,0.100595474243164,NA,0.192,NA,0.012,0.012,0.026,0.028,0.922
73,865.924716831979,835.998843868483,798.729184763682,781.612776713152,NA,0,0,0,0,NA,0,6.39896440505981,8.66207589705785,0.10826499859492,0.107713953653971,NA,0.236,NA,0.024,0.008,0.024,0.038,0.906
74,877.884668889584,830.704509971515,816.088905004724,793.370214511017,NA,0,0,0,0,NA,0,6.95969605445862,8.45744833548864,0.112877861658732,0.11246546904246,NA,0.25,NA,0.008,0.01,0.012,0.04,0.93
75,865.117163607249,823.398586107486,794.824339077333,787.31746222723,NA,0,0,0,0,NA,0,7.09324908256531,8.00143580039342,0.114834213256836,0.11358269850413,NA,0.206,NA,0.022,0.018,0.034,0.026,0.9
76,878.768376524948,859.009397353001,792.807967728815,772.968516434125,NA,0,0,0,0,NA,0,7.29165530204773,9.5755158940951,0.113549403349559,0.113629702727,NA,0.194,NA,0.014,0.014,0.012,0.028,0.932
77,871.200860410058,845.782269788696,795.157822476062,778.061138785552,NA,0,0,0,0,NA,0,7.31810903549194,10.5417521675428,0.114390730857849,0.112879423300425,NA,0.238,NA,0.016,0.014,0.01,0.022,0.938
78,879.019606556312,792.874473106165,795.239960956668,781.116837225118,NA,0,0,0,0,NA,0,7.21310424804688,8.73575933376948,0.115342938899994,0.113765621185303,NA,0.236,NA,0.012,0.014,0.02,0.028,0.926
79,879.322067764969,882.204258959928,797.55478274503,771.527838907832,NA,0,0,0,0,NA,0,7.22278094291687,9.93984884818395,0.115086654822032,0.114295828342438,NA,0.228,NA,0.016,0.014,0.022,0.032,0.916
80,874.742014488533,802.082812646731,801.56615748704,779.483960883492,NA,0,0,0,0,NA,0,7.2904589176178,9.59345312913259,0.11443730990092,0.113515325387319,NA,0.228,NA,0.012,0.014,0.008,0.026,0.94
81,879.903598389377,855.699129645943,797.643014721195,788.425635677911,NA,0,0,0,0,NA,0,7.25566434860229,8.84568032026291,0.123387944698334,0.122393055756887,NA,0.248,NA,0.014,0.014,0.01,0.04,0.922
82,870.682552936355,839.191863746906,801.142329401717,784.841544496215,NA,0,0,0,0,NA,0,7.73231482505798,9.14002821048101,0.12395213842392,0.122648056348165,NA,0.206,NA,0.006,0.014,0.02,0.036,0.924
83,882.609772131314,837.335831951935,799.566796288865,783.093408776231,NA,0,0,0,0,NA,0,7.84405851364136,8.93292282819748,0.122915538152059,0.122731014092763,NA,0.206,NA,0.012,0.014,0.024,0.038,0.912
84,890.893101801225,846.775456389641,811.199298140143,787.878804687045,NA,0,0,0,0,NA,0,7.82008957862854,8.26485761801402,0.113938721021016,0.115670541922251,NA,0.244,NA,0.012,0.008,0.014,0.032,0.934
85,875.350708361421,859.682665545351,797.865960540557,780.239654626603,NA,0,0,0,0,NA,0,7.18596935272217,8.37640719016393,0.113858592510223,0.112728873888652,NA,0.244,NA,0.02,0.016,0.014,0.054,0.896
86,871.301594113202,812.709540154129,801.672247487542,790.446308632924,NA,0,0,0,0,NA,0,7.22425770759583,7.79400196075439,0.113493816057841,0.113425374031067,NA,0.208,NA,0.012,0.014,0.016,0.034,0.924
87,884.627699419277,825.352282285951,807.973582057257,779.847611827932,NA,0,0,0,0,NA,0,7.26606845855713,9.82206542094548,0.11517026424408,0.114706063270569,NA,0.226,NA,0.012,0.012,0.012,0.036,0.928
88,883.09232683128,827.468334397916,797.33761329634,792.301781428893,NA,0,0,0,0,NA,0,7.30198836326599,10.8827357093493,0.11532769203186,0.115087592601776,NA,0.228,NA,0.01,0.016,0.018,0.048,0.908
89,879.771007984013,841.036807736725,803.275125074278,781.500713835791,NA,0,0,0,0,NA,0,7.34223294258118,8.99040964444478,0.115673732757568,0.114639886220296,NA,0.212,NA,0.004,0.006,0.012,0.032,0.946
90,883.370870950488,873.432978815368,806.199504609492,783.753831423672,NA,0,0,0,0,NA,0,7.34821701049805,11.0860550006231,0.115235014756521,0.115570255120595,NA,0.256,NA,0.006,0.022,0.02,0.036,0.916
91,885.000761198706,864.254155866422,806.511108404722,791.586717169443,NA,0,0,0,0,NA,0,7.29043889045715,9.74067056973775,0.113739466667175,0.11571239233017,NA,0.226,NA,0.018,0.014,0.018,0.032,0.918
92,870.477951305031,845.711611636787,805.994457071169,786.954798080407,NA,0,0,0,0,NA,0,7.30027842521667,8.61479634046555,0.115275021394094,0.113482503096263,NA,0.232,NA,0.012,0.006,0.024,0.042,0.916
93,879.678569920066,837.142442686668,810.610294970517,785.794014750475,NA,0,0,0,0,NA,0,7.20946407318115,8.49515221118927,0.114751827716827,0.11670849720637,NA,0.222,NA,0.014,0.01,0.01,0.044,0.922
94,872.90019333064,848.453797842079,809.441079072231,783.294394917952,NA,0,0,0,0,NA,0,7.36135935783386,8.73204112052917,0.114169923464457,0.114661145210266,NA,0.222,NA,0.008,0.014,0.02,0.042,0.916
95,869.020517580985,823.044310438282,801.221676031496,787.089134428794,NA,0,0,0,0,NA,0,7.26232504844666,8.5401607910792,0.115456648667653,0.116785724957784,NA,0.238,NA,0.01,0.014,0.014,0.034,0.928
96,883.308997208587,880.636771062849,795.879432542292,770.845701294148,NA,0,0,0,0,NA,0,7.24852991104126,9.08676177660624,0.113112703959147,0.11308286190033,NA,0.234,NA,0.012,0.012,0.018,0.038,0.92
97,879.35213175753,850.1168922825,796.335785840417,789.130508005504,NA,0,0,0,0,NA,0,7.16002488136292,7.95638064543406,0.113320505619049,0.111866172154744,NA,0.238,NA,0.016,0.016,0.01,0.038,0.92
98,870.783913005086,856.545552074137,807.090402815735,781.584063455736,NA,0,0,0,0,NA,0,7.11613655090332,8.43965092500051,0.11289260784785,0.112612267335256,NA,0.208,NA,0.012,0.018,0.022,0.042,0.906
99,874.818491991221,851.934842489298,808.453773471191,782.366712090759,NA,0,0,0,0,NA,0,7.14793920516968,9.03693606058757,0.113686748345693,0.114178947607676,NA,0.214,NA,0.008,0.018,0.016,0.03,0.928
100,872.767036632345,847.054410521963,804.105846254125,786.583376104121,NA,0,0,0,0,NA,0,7.20322108268738,9.25816084941228,0.114076066017151,0.113849059740702,NA,0.234,NA,0.014,0.02,0.02,0.024,0.922
101,860.252590270557,879.146986328459,802.914333566159,791.293037978353,NA,0,0,0,0,NA,0,7.24548101425171,8.36292761564255,0.111551960309347,0.11202453772227,NA,0.256,NA,0.012,0.004,0.02,0.038,0.926
102,880.233195068377,821.603988394358,800.11379807355,790.254616013636,NA,0,0,0,0,NA,0,7.10928320884705,9.69106811682383,0.112803479035695,0.113697592417399,NA,0.26,NA,0.01,0.008,0.014,0.032,0.936
103,879.065652454583,836.162935983184,801.138691292605,782.036750833263,NA,0,0,0,0,NA,0,7.06818127632141,10.0150265534719,0.114573963483175,0.112378243605296,NA,0.24,NA,0.01,0.014,0.018,0.038,0.92
104,876.84432875339,857.350960255427,814.000131381977,787.868581472708,NA,0,0,0,0,NA,0,7.18851447105408,9.79370143016179,0.114382016658783,0.112576496601105,NA,0.182,NA,0.004,0.028,0.006,0.018,0.944
105,888.48254667475,851.708652394065,804.886139567016,777.2136293294,NA,0,0,0,0,NA,0,7.050621509552,7.35238873958588,0.112211728096008,0.112784087657928,NA,0.226,NA,0.01,0.008,0.02,0.032,0.93
106,887.738261161303,841.065268655823,809.766386899412,792.693978414354,NA,0,0,0,0,NA,0,7.15792632102966,8.8295934677124,0.114016874631246,0.113742144902547,NA,0.226,NA,0.01,0.012,0.018,0.036,0.924
107,870.529566905507,866.629650734916,812.442933509917,784.768159349507,NA,0,0,0,0,NA,0,7.22275352478027,8.13248128096263,0.113125054041545,0.113355163733164,NA,0.246,NA,0.01,0.016,0.016,0.044,0.914
108,884.526555358035,870.552569037822,805.30177653345,784.994317952912,NA,0,0,0,0,NA,0,7.18080472946167,7.55551797151566,0.109313484032949,0.112030259768168,NA,0.212,NA,0.018,0.02,0.012,0.034,0.916
109,882.909845081094,863.884709190006,806.128142534324,784.676350061053,NA,0,0,0,0,NA,0,6.99810695648193,8.74049292405446,0.110262870788574,0.110026093324025,NA,0.218,NA,0.01,0.008,0.016,0.03,0.936
110,885.041318603976,870.952085597939,795.826515135136,773.763257458091,NA,0,0,0,0,NA,0,6.97688603401184,8.53352595965068,0.110355452696482,0.109417370955149,NA,0.248,NA,0.012,0.016,0.01,0.042,0.92
111,877.803874145913,864.656176265795,804.382200200587,787.566355307032,NA,0,0,0,0,NA,0,6.99911761283875,7.85588676134745,0.111060857772827,0.110413746039073,NA,0.22,NA,0.012,0.01,0.016,0.032,0.93
112,882.02163577141,839.901281076156,812.583042230858,788.870652918466,NA,0,0,0,0,NA,0,7.01692676544189,8.50455894867579,0.109317036469777,0.108842615286509,NA,0.244,NA,0.014,0.012,0.016,0.046,0.912
113,871.742944640577,863.490683754645,814.605858955969,780.664108670197,NA,0,0,0,0,NA,0,7.0733654499054,8.24397406975428,0.109083163738251,0.108972469965617,NA,0.228,NA,0.012,0.02,0.016,0.032,0.92
114,872.036496494386,865.110526657623,802.186975792307,787.980537069116,NA,0,0,0,0,NA,0,6.96367239952087,8.26724499861399,0.108721212546031,0.109476319948832,NA,0.228,NA,0.014,0.008,0.018,0.034,0.926
115,873.12298825629,860.326608405122,791.330698143068,771.459232216651,NA,0,0,0,0,NA,0,6.9476044178009,8.54267974297206,0.108958144982656,0.108938229084015,NA,0.23,NA,0.016,0.02,0.016,0.036,0.912
116,880.113347679617,858.265516293117,798.630687100165,771.813656783901,NA,0,0,0,0,NA,0,6.9053201675415,8.4965232928594,0.109304916858673,0.107427402337392,NA,0.238,NA,0.016,0.016,0.026,0.046,0.896
117,868.694571819956,849.852986071245,794.459444413634,779.2600461065,NA,0,0,0,0,NA,0,6.87986040115356,8.66416721741358,0.1111630042394,0.109025299549103,NA,0.206,NA,0.012,0.01,0.008,0.038,0.932
118,876.048720456186,848.439666813949,797.810512461224,775.058158836569,NA,0,0,0,0,NA,0,6.99438667297363,8.10683277448018,0.112827452023824,0.111937169233958,NA,0.248,NA,0.01,0.016,0.018,0.038,0.918
119,879.778856325602,821.812964920122,801.957486976617,775.972653352951,NA,0,0,0,0,NA,0,7.15779662132263,8.05999081134796,0.113373029232025,0.112274293104808,NA,0.236,NA,0.01,0.008,0.022,0.03,0.93
120,884.977573947736,911.398044486219,796.919046615318,778.254601659688,NA,0,0,0,0,NA,0,7.10700702667236,8.14979791641235,0.114146339893341,0.112473897139231,NA,0.242,NA,0.016,0.014,0.024,0.024,0.922
121,879.65166836334,854.912925808609,800.750371952265,787.336287107067,NA,0,0,0,0,NA,0,7.06583499908447,8.0621895869573,0.113804550965627,0.112828997770945,NA,0.26,NA,0.014,0.016,0.022,0.026,0.922
122,879.6846042269,873.635249605018,803.733247918946,772.704301692614,NA,0,0,0,0,NA,0,7.17041540145874,8.52957542737325,0.111975757280986,0.111955805619558,NA,0.226,NA,0.012,0.012,0.012,0.014,0.95
123,877.076138639639,858.090628192729,804.765062124612,783.077959518081,NA,0,0,0,0,NA,0,7.10092687606812,8.68896439472834,0.11318264802297,0.112763047218323,NA,0.252,NA,0.018,0.026,0.014,0.034,0.908
124,884.822906744849,845.557237542865,800.916867881867,785.772249397038,NA,0,0,0,0,NA,0,7.15328478813171,8.99616854588191,0.113084109624227,0.110817921161652,NA,0.216,NA,0.01,0.026,0.012,0.032,0.92
125,873.752548055339,839.962288493118,794.526208380508,775.113528874283,NA,0,0,0,0,NA,0,7.00401210784912,7.92299315532049,0.112463688850403,0.111327906449636,NA,0.254,NA,0.022,0.016,0.012,0.044,0.906
126,880.548299623202,858.336143807454,796.206779777097,786.372410852974,NA,0,0,0,0,NA,0,7.13597559928894,8.49837659200032,0.112825349966685,0.11372697353363,NA,0.23,NA,0.014,0.01,0.018,0.024,0.934
127,879.872737126097,844.672376292142,804.118708008513,780.349987928801,NA,0,0,0,0,NA,0,7.11944222450256,8.20913825035095,0.10823796192805,0.106752550601959,NA,0.206,NA,0.014,0.012,0.024,0.036,0.914
128,880.62458512373,863.959849345657,803.327708024271,788.56680129002,NA,0,0,0,0,NA,0,6.82777905464172,7.4296008348465,0.108822925885518,0.107035605112712,NA,0.222,NA,0.02,0.02,0.01,0.046,0.904
129,880.044851160887,876.994555037413,808.573699821306,794.129014043313,NA,0,0,0,0,NA,0,6.82008600234985,7.52210111618042,0.107300027211507,0.106594308217367,NA,0.238,NA,0.012,0.016,0.02,0.044,0.908
130,879.690881192006,879.93070159759,803.558870196909,786.436208422819,NA,0,0,0,0,NA,0,6.81445074081421,8.53116204738617,0.101103885968526,0.100702091058095,NA,0.23,NA,0.014,0.006,0.012,0.038,0.93
131,890.328296701234,818.830538169757,789.783428835069,776.851047244231,NA,0,0,0,0,NA,0,6.42878341674805,7.66854387919108,0.101457440853119,0.100930619239807,NA,0.208,NA,0.012,0.008,0.02,0.03,0.93
132,877.293472963909,841.080512616898,814.73315105204,786.129833948861,NA,0,0,0,0,NA,0,6.39726829528809,7.39940091371536,0.100009385744731,0.0997497121493022,NA,0.23,NA,0.01,0.014,0.028,0.032,0.916
133,870.273684053898,867.704751849939,812.029312871182,788.195737879628,NA,0,0,0,0,NA,0,6.33626222610474,7.73801306088765,0.099491540590922,0.0997785170873006,NA,0.192,NA,0.014,0.008,0.012,0.034,0.932
134,888.345793390551,824.556901104482,808.23201162724,791.665955424766,NA,0,0,0,0,NA,0,6.3504364490509,7.85175305604935,0.10197852452596,0.105594786008199,NA,0.23,NA,0.012,0.01,0.008,0.048,0.922
135,883.704718826475,847.578675798225,799.170655429039,783.571931991604,NA,0,0,0,0,NA,0,6.47079825401306,7.93229549328486,0.103132903575897,0.102787681420644,NA,0.222,NA,0.014,0.012,0.014,0.018,0.942
136,881.405461058034,800.684890447899,801.226405368354,783.065027319986,NA,0,0,0,0,NA,0,6.54176115989685,7.1400185306867,0.101490875085195,0.0996414065361023,NA,0.21,NA,0.006,0.008,0.016,0.026,0.944
137,891.048749087316,866.355452451778,806.38432857279,784.099606806057,NA,0,0,0,0,NA,0,6.40387487411499,7.65515534877777,0.100177375475566,0.102114645640055,NA,0.234,NA,0.008,0.004,0.012,0.036,0.94
138,880.12362480536,860.556331424162,804.944351715625,784.336495215806,NA,0,0,0,0,NA,0,6.5853476524353,8.15361018975576,0.103065037727356,0.102588053544362,NA,0.194,NA,0.008,0.014,0.006,0.044,0.928
139,869.938085763506,853.034384773203,805.045895170756,789.478359114078,NA,0,0,0,0,NA,0,6.54997777938843,7.40974013408025,0.0997881650924683,0.101479132970174,NA,0.22,NA,0.008,0.012,0.02,0.044,0.916
140,881.59808057955,879.221110065094,805.75352517266,789.702187628101,NA,0,0,0,0,NA,0,6.37484002113342,7.90880848169327,0.101229504744212,0.0996925393740336,NA,0.192,NA,0.012,0.008,0.008,0.036,0.936
141,884.634710751271,846.812148507282,802.4218129392,787.352602091329,NA,0,0,0,0,NA,0,6.34523439407349,7.80491305192312,0.0999305287996928,0.0993913729985555,NA,0.242,NA,0.006,0.016,0.02,0.038,0.92
142,894.414091604125,887.148353598038,808.466323195164,788.83782757046,NA,0,0,0,0,NA,0,6.32748770713806,7.30416474739711,0.0993763963381449,0.0996399958928426,NA,0.226,NA,0.01,0.012,0.01,0.036,0.932
143,873.305608356544,898.037757710163,809.182017068281,781.487561738462,NA,0,0,0,0,NA,0,6.34660458564758,6.48148312966029,0.102162071069082,0.0996245304743449,NA,0.248,NA,0.004,0.014,0.01,0.042,0.93
144,869.499624330665,862.206903258262,810.135330899985,782.511420934869,NA,0,0,0,0,NA,0,6.30573344230652,6.85570367177327,0.0997702836990357,0.0997408390045166,NA,0.24,NA,0.01,0.016,0.024,0.024,0.926
145,886.964050079846,892.177697067887,797.187315177003,774.211180161207,NA,0,0,0,0,NA,0,6.34709739685059,7.98900527556737,0.0998441537221273,0.0997372070948283,NA,0.262,NA,0.012,0.012,0.024,0.026,0.926
146,863.769100247371,852.949518906932,806.941529039876,780.12563272627,NA,0,0,0,0,NA,0,6.32491850852966,8.19469307263692,0.100340263048808,0.0993248422940572,NA,0.248,NA,0.014,0.016,0.014,0.022,0.934
147,876.809378414641,847.401214433995,791.939405823038,794.915283406347,NA,0,0,0,0,NA,0,6.31884288787842,7.58265889485677,0.101640717188517,0.100097139676412,NA,0.19,NA,0.012,0.018,0.014,0.026,0.93
148,874.961689233449,850.165651703297,808.944595854825,788.505178781685,NA,0,0,0,0,NA,0,6.34995698928833,7.81125114758809,0.0999690771102905,0.100451191266378,NA,0.216,NA,0.008,0.01,0.018,0.04,0.924
149,877.865992247147,836.735250601843,796.773798833765,781.465285932758,NA,0,0,0,0,NA,0,6.34530830383301,7.52929954131444,0.100065044562022,0.0989425937334696,NA,0.216,NA,0.006,0.012,0.008,0.044,0.93
150,885.344726687646,814.444960909345,807.034732583662,783.007870734106,NA,0,0,0,0,NA,0,6.32905793190002,6.28625327746073,0.100191640853882,0.0992353439331055,NA,0.234,NA,0.008,0.004,0.016,0.036,0.936
151,863.173332802577,872.114842115044,809.147521133414,785.937576075254,NA,0,0,0,0,NA,0,6.25764775276184,7.76588042179743,0.0995392123858134,0.100204877058665,NA,0.242,NA,0.01,0.014,0.014,0.038,0.924
152,876.42482984274,856.854315281765,802.05578854273,780.792833924733,NA,0,0,0,0,NA,0,6.43792939186096,7.48810315132141,0.10003244082133,0.09910941918691,NA,0.244,NA,0.018,0.018,0.004,0.038,0.922
153,880.378490713554,871.533086493861,806.19582737111,779.419510348942,NA,0,0,0,0,NA,0,6.39163184165955,7.77615098158519,0.108602698644002,0.10662229458491,NA,0.228,NA,0.016,0.006,0.018,0.026,0.934
154,883.030830590355,853.857060308691,800.591624526288,785.782762466352,NA,0,0,0,0,NA,0,6.76770043373108,8.45753119389216,0.107814061641693,0.107502905527751,NA,0.236,NA,0.014,0.014,0.014,0.044,0.914
155,886.384460692789,853.344376618413,798.312182541715,776.41400309701,NA,0,0,0,0,NA,0,6.8517279624939,7.78751081625621,0.107494147618612,0.107689082622528,NA,0.208,NA,0.01,0.012,0.01,0.032,0.936
156,876.390114209528,857.593594807028,798.235992355545,773.205363012847,NA,0,0,0,0,NA,0,6.81060576438904,7.42501900196075,0.10793821811676,0.107334152857463,NA,0.206,NA,0.024,0,0.016,0.032,0.928
157,870.874278908349,852.894440486377,792.376476988668,769.915151781749,NA,0,0,0,0,NA,0,6.86049318313599,7.31828857660294,0.10826723575592,0.108878668149312,NA,0.232,NA,0.012,0.02,0.014,0.04,0.914
158,869.995403253027,845.256368599355,804.99032060229,791.842970483449,NA,0,0,0,0,NA,0,6.86094689369202,8.34820628563563,0.108542895317078,0.108090158303579,NA,0.252,NA,0.002,0.006,0.028,0.034,0.93
159,868.231750677651,841.396547430361,801.109101674581,781.053094368804,NA,0,0,0,0,NA,0,6.8761305809021,8.03415483236313,0.108631388346354,0.108027577400208,NA,0.206,NA,0.012,0.004,0.008,0.036,0.94
160,874.448017749026,816.951403453781,796.601870436994,791.950754668184,NA,0,0,0,0,NA,0,6.98399090766907,8.05469797849655,0.108127586046855,0.107744685808818,NA,0.222,NA,0.016,0.006,0.01,0.034,0.934
161,882.696952845589,833.957767837323,794.782585387647,777.075997491297,NA,0,0,0,0,NA,0,6.75201010704041,8.17325297196706,0.10798761844635,0.107908380031586,NA,0.216,NA,0.016,0.018,0.016,0.036,0.914
162,884.326745884837,837.87906515994,803.437675595689,787.517860987129,NA,0,0,0,0,NA,0,6.88918232917786,8.47143146594365,0.108301564057668,0.107258292039235,NA,0.222,NA,0.016,0.01,0.016,0.046,0.912
163,882.957028685079,841.372295914633,802.971186292983,783.038056151671,NA,0,0,0,0,NA,0,6.84917521476746,8.3795415520668,0.107220760981242,0.107119659582774,NA,0.244,NA,0.01,0.004,0.016,0.044,0.926
164,882.526858420599,846.081372029167,799.092209243114,782.627775000256,NA,0,0,0,0,NA,0,6.90964031219482,7.81104098558426,0.113369381427765,0.111473075548808,NA,0.232,NA,0.012,0.006,0.014,0.036,0.932
165,880.459351674666,858.325744296378,806.257779636566,791.459461582844,NA,0,0,0,0,NA,0,7.20913195610046,7.84459247589111,0.112088902791341,0.11413908402125,NA,0.258,NA,0.018,0.012,0.01,0.038,0.922
166,877.108851620895,820.834986714587,803.176493456565,780.192245665383,NA,0,0,0,0,NA,0,7.15446352958679,7.71372818946838,0.121358442306519,0.119914197921753,NA,0.252,NA,0.008,0.018,0.016,0.042,0.916
167,887.922024996309,835.219034393448,812.554389832376,782.729296884939,NA,0,0,0,0,NA,0,7.61466026306152,8.87393484115601,0.111916450659434,0.111174909273783,NA,0.246,NA,0.02,0.008,0.014,0.044,0.914
168,859.220803552582,848.163984745155,795.839572280983,782.019618781158,NA,0,0,0,0,NA,0,7.05917572975159,9.65448985099792,0.124179649353027,0.123650288581848,NA,0.212,NA,0.012,0.01,0.02,0.04,0.918
169,880.836885061487,873.329678462839,799.688838596986,780.230712536389,NA,0,0,0,0,NA,0,8.01426315307617,10.0816082040469,0.124279661973317,0.124126784006755,NA,0.242,NA,0.02,0.016,0.012,0.042,0.91
170,869.597283473119,841.533113231201,803.035351962429,774.567996418146,NA,0,0,0,0,NA,0,7.90568971633911,9.40080821116765,0.128201003869375,0.131013898054759,NA,0.224,NA,0.016,0.018,0.018,0.038,0.91
171,873.110256900162,845.557368746151,798.444976672306,772.467371116718,NA,0,0,0,0,NA,0,8.27511429786682,9.33924363851547,0.10964728196462,0.110100583235423,NA,0.22,NA,0.016,0.01,0.016,0.04,0.918
172,889.074325936768,881.418255623028,803.568730421324,790.799786408554,NA,0,0,0,0,NA,0,6.96814250946045,9.31635122696559,0.123985151449839,0.124096751213074,NA,0.222,NA,0.004,0.01,0.01,0.02,0.956
173,877.286116123352,867.318769550444,808.697762726458,794.642488750195,NA,0,0,0,0,NA,0,7.95273089408875,10.2842336972555,0.126096645991007,0.125000003973643,NA,0.212,NA,0.008,0.014,0.012,0.026,0.94
174,874.581841737767,821.896140927198,808.027568125653,781.917344065025,NA,0,0,0,0,NA,0,8.03709483146667,9.56852702697118,0.124799513816833,0.124347519874573,NA,0.232,NA,0.01,0.006,0.016,0.038,0.93
175,885.203497515196,882.850424576514,801.601155537885,774.930187287309,NA,0,0,0,0,NA,0,7.90227031707764,11.1008632222811,0.12536282936732,0.124830746650696,NA,0.196,NA,0.006,0.012,0.014,0.034,0.934
176,883.39304203061,878.225933548489,802.680680381703,787.61628151735,NA,0,0,0,0,NA,0,7.9520742893219,9.38546266555786,0.123561767737071,0.125725201765696,NA,0.232,NA,0.012,0.01,0.008,0.034,0.936
177,866.697962591055,829.099081882955,791.626182175628,773.251572184509,NA,0,0,0,0,NA,0,7.83321928977966,8.82519892851512,0.10616606871287,0.105942877133687,NA,0.212,NA,0.004,0.014,0.016,0.038,0.928
178,881.950463393692,836.982967029934,812.671317085986,788.70494561637,NA,0,0,0,0,NA,0,6.74047207832336,8.36102822621663,0.105069979031881,0.10499906539917,NA,0.212,NA,0.024,0.01,0.016,0.032,0.918
179,873.25715223633,877.372538505861,811.984831942422,787.925543820704,NA,0,0,0,0,NA,0,6.61695218086243,7.32714142402013,0.100235998630524,0.0989972988764445,NA,0.254,NA,0.004,0.008,0.022,0.03,0.936
180,883.35268188336,832.388949880896,802.949451457873,781.134087188899,NA,0,0,0,0,NA,0,6.32550501823425,8.10436282952626,0.100109497706095,0.0994481484095256,NA,0.22,NA,0.004,0.02,0.014,0.036,0.926
181,891.110643951728,873.960178043003,803.118184154417,778.354089696614,NA,0,0,0,0,NA,0,6.3354389667511,7.90511924028397,0.121180586020152,0.121986583868663,NA,0.224,NA,0.012,0.01,0.02,0.038,0.92
182,873.685247348477,865.728961340226,800.3472206909,787.795230358081,NA,0,0,0,0,NA,0,7.73899912834167,8.48128342231115,0.121718657016754,0.121338053544362,NA,0.216,NA,0.012,0.02,0.01,0.028,0.93
183,870.022558139882,848.87820938311,803.457673495874,782.004529739312,NA,0,0,0,0,NA,0,7.78492403030396,8.03088712294896,0.121594087282817,0.121720572312673,NA,0.256,NA,0.022,0.02,0.018,0.024,0.916
184,890.590944024489,845.019875063112,806.412467777348,778.645645949216,NA,0,0,0,0,NA,0,7.71949672698975,8.12314868768056,0.122227076689402,0.122192927201589,NA,0.248,NA,0.02,0.02,0.016,0.038,0.906
185,882.383010390281,854.03232958963,810.092003065213,792.380389811978,NA,0,0,0,0,NA,0,7.91212677955627,8.68949388662974,0.121180999279022,0.121272365252177,NA,0.258,NA,0.006,0.008,0.012,0.04,0.934
186,882.571733488672,871.220181854741,799.434647600106,779.095155091913,NA,0,0,0,0,NA,0,7.76575803756714,8.1455273548762,0.120710082848867,0.121545763810476,NA,0.24,NA,0.012,0.01,0.018,0.036,0.924
187,873.172396994942,812.053380411245,805.734507673798,784.258293581063,NA,0,0,0,0,NA,0,7.74702906608582,8.38939774036407,0.121306320031484,0.121834003925323,NA,0.206,NA,0.01,0.018,0.01,0.05,0.912
188,879.288146660748,869.461203393617,805.933635288673,784.149624915612,NA,0,0,0,0,NA,0,7.72003388404846,8.49965673685074,0.121227951844533,0.12160222530365,NA,0.204,NA,0.02,0.014,0.022,0.032,0.912
189,883.977721492969,865.984275819639,811.276809247399,784.049046888072,NA,0,0,0,0,NA,0,7.84313631057739,7.05775246620178,0.121675678094228,0.121888597806295,NA,0.206,NA,0.012,0.018,0.014,0.032,0.924
190,888.408810503075,879.283319430772,791.646672693065,779.133942159082,NA,0,0,0,0,NA,0,7.66534376144409,8.23237699667613,0.121573499838511,0.121303530534108,NA,0.202,NA,0.012,0.01,0.016,0.034,0.928
191,877.460204063728,858.084663088972,801.28772586804,768.787785866065,NA,0,0,0,0,NA,0,7.83045983314514,9.32154254515966,0.12173254887263,0.121255572636922,NA,0.198,NA,0.018,0.012,0.018,0.026,0.926
192,879.416626931445,868.164364430682,808.879884721627,784.56620271387,NA,0,0,0,0,NA,0,7.74639201164246,8.64587159951528,0.121658722559611,0.122045091787974,NA,0.234,NA,0.014,0.012,0.016,0.03,0.928
193,874.848602118157,823.488959527363,805.927141500243,784.181538908937,NA,0,0,0,0,NA,0,7.72431445121765,8.17625411351522,0.121994026501973,0.124367531140645,NA,0.282,NA,0.012,0.012,0.016,0.056,0.904
194,875.101705040745,856.823932761746,806.243746927621,779.973348055462,NA,0,0,0,0,NA,0,7.7155933380127,9.22141598065694,0.121914919217428,0.120766695340474,NA,0.206,NA,0.014,0.022,0.008,0.038,0.918
195,881.718202263752,856.287059245515,804.768178836047,777.950222143085,NA,0,0,0,0,NA,0,7.72778606414795,8.07609432140986,0.12227224111557,0.12193777958552,NA,0.25,NA,0.006,0.012,0.028,0.032,0.922
196,890.350354805454,801.260110072912,810.391768497277,790.287539431244,NA,0,0,0,0,NA,0,7.72801637649536,9.35183172225952,0.121589903036753,0.121494567394257,NA,0.196,NA,0.008,0.012,0.018,0.028,0.934
197,879.569582847635,857.650126047463,794.874821954499,777.702547137337,NA,0,0,0,0,NA,0,7.7539484500885,7.74984170595805,0.122583957513173,0.120937891801198,NA,0.254,NA,0.02,0.016,0.028,0.062,0.874
198,868.183960656882,839.38277552388,803.312221966362,778.402306734941,NA,0,0,0,0,NA,0,7.72219181060791,8.88685530026754,0.121830685933431,0.120810870329539,NA,0.24,NA,0.014,0.008,0.01,0.034,0.934
199,877.83508848045,838.211743859848,794.923549632611,780.063588482184,NA,0,0,0,0,NA,0,7.74611067771912,8.38777733246485,0.121870319048564,0.12082302570343,NA,0.232,NA,0.014,0.004,0.01,0.03,0.942
200,873.779441332164,807.311499023065,799.228474211767,773.538743163365,NA,0,0,0,0,NA,0,7.73545932769775,9.17359380324682,0.12190226316452,0.120339485009511,NA,0.226,NA,0.016,0.016,0.008,0.05,0.91
